pattern1
occurrence1
16, 49
16.25, 68
16.333334, 56
16.5, 69
16.666666, 61
16.75, 68
17, 67
17, 64
17.25, 68
17.333334, 61
17.5, 73
17.666666, 56
17.75, 76
18, 75
18, 52
18.25, 73
18.333334, 56
18.5, 75
18.666666, 61
18.75, 73
19, 72
19, 64
19.25, 73
19.333334, 61
19.5, 76
19.666666, 56
19.75, 80
20, 49
20.25, 68
20.333334, 56
20.5, 69
20.666666, 61
20.75, 68
21, 67
21, 64
21.25, 68
21.333334, 61
21.5, 73
21.666666, 56
21.75, 76
22, 75
22, 52
22.25, 73
22.333334, 56
22.5, 75
22.666666, 61
22.75, 73
23, 64
23, 72
23.25, 73
23.333334, 61
23.5, 76
23.666666, 56
23.75, 80
24, 51
24.25, 69
24.333334, 57
24.5, 73
24.666666, 61
24.75, 75
25, 66
25, 78
25.25, 81
25.333334, 61
25.5, 85
25.666666, 57
25.75, 87
26, 54
26, 95
26.25, 93
26.333334, 61
26.5, 92
26.666666, 63
26.75, 90
27, 88
27, 69
27.25, 87
27.333334, 63
27.5, 90
27.666666, 61
27.75, 85
28, 84
28, 42
28.25, 87
28.333334, 51
28.5, 81
28.666666, 54
28.75, 80
29, 78
29, 60
29.25, 81
29.333334, 54
29.5, 76
29.666666, 51
29.75, 75
30, 78
30, 44
30.25, 73
30.333334, 51
30.5, 72
30.666666, 54
30.75, 75
31, 69
31, 60
31.25, 68
31.333334, 54
31.5, 71
31.666666, 51
31.75, 69

occurrence2
32, 49
32.25, 68
32.333332, 56
32.5, 69
32.666668, 61
32.75, 68
33, 67
33, 64
33.25, 68
33.333332, 61
33.5, 73
33.666668, 56
33.75, 76
34, 75
34, 52
34.25, 73
34.333332, 56
34.5, 75
34.666668, 61
34.75, 73
35, 72
35, 64
35.25, 73
35.333332, 61
35.5, 76
35.666668, 56
35.75, 80
36, 49
36.25, 68
36.333332, 56
36.5, 70
36.666668, 58
36.75, 68
37, 64
37, 67
37.25, 68
37.333332, 58
37.5, 73
37.666668, 56
37.75, 76
38, 52
38, 75
38.25, 73
38.333332, 56
38.5, 75
38.666668, 58
38.75, 73
39, 72
39, 61
39.25, 73
39.333332, 58
39.5, 76
39.666668, 56
39.75, 80
40, 51
40, 75
40.25, 76
40.333332, 56
40.5, 75
40.666668, 59
40.75, 74
41, 63
41, 75
41.25, 83
41.333332, 59
41.5, 82
41.666668, 56
41.75, 80
42, 51
42, 79
42.25, 88
42.333332, 58
42.5, 87
42.666668, 61
42.75, 85
43, 83
43, 67
43.25, 82
43.333332, 61
43.5, 80
43.666668, 58
43.75, 79
44, 82
44, 44
44.25, 80
44.333332, 51
44.5, 83
44.666668, 56
44.75, 74
45, 76
45, 59
45.25, 75
45.333332, 56
45.5, 80
45.666668, 51
45.75, 70
46, 44
46, 73
46.25, 71
46.333332, 51
46.5, 75
46.666668, 56
46.75, 67
47, 59
47, 69
47.25, 68
47.333332, 56
47.5, 67
47.666668, 51
47.75, 68

pattern2
occurrence1
48, 68
48, 45
48.25, 80
48.333332, 49
48.5, 72
48.666668, 54
48.75, 73
49, 66
49, 57
49.25, 78
49.333332, 54
49.5, 72
49.666668, 49
49.75, 73
50, 65
50, 45
50.25, 77
50.333332, 49
50.5, 72
50.666668, 54
50.75, 73
51, 66
51, 57
51.25, 78
51.333332, 54
51.5, 72
51.666668, 49
51.75, 73
52, 61
52, 47
52.25, 73
52.333332, 54
52.5, 66
52.666668, 57
52.75, 69
53, 63
53, 59
53.25, 75
53.333332, 57
53.5, 66
53.666668, 54
53.75, 69
54, 64
54, 40
54.25, 76
54.333332, 47
54.5, 68
54.666668, 52
54.75, 71
55, 56
55, 68
55.25, 80
55.333332, 52
55.5, 71
55.666668, 47
55.75, 76

occurrence2 
56, 68
56, 45
56.25, 80
56.333332, 49
56.5, 72
56.666668, 54
56.75, 73
57, 57
57, 66
57.25, 78
57.333332, 54
57.5, 72
57.666668, 49
57.75, 73
58, 65
58, 45
58.25, 77
58.333332, 49
58.5, 72
58.666668, 54
58.75, 73
59, 66
59, 57
59.25, 78
59.333332, 54
59.5, 72
59.666668, 49
59.75, 73
60, 65
60, 47
60.25, 77
60.333332, 51
60.5, 71
60.666668, 57
60.75, 75
61, 66
61, 59
61.25, 78
61.333332, 57
61.5, 71
61.666668, 51
61.75, 75
62, 69
62, 40
62.25, 81
62.333332, 47
62.5, 71
62.666668, 52
62.75, 76
63, 68
63, 56
63.25, 80
63.333332, 52
63.5, 69
63.666668, 47
63.75, 76

occurrence3
64, 68
64, 45
64.25, 80
64.333336, 49
64.5, 72
64.666664, 54
64.75, 73
65, 66
65, 57
65.25, 78
65.333336, 54
65.5, 72
65.666664, 49
65.75, 73
66, 65
66, 45
66.25, 77
66.333336, 49
66.5, 72
66.666664, 54
66.75, 73
67, 57
67, 66
67.25, 78
67.333336, 54
67.5, 72
67.666664, 49
67.75, 73
68, 61
68, 47
68.25, 73
68.333336, 51
68.5, 66
68.666664, 57
68.75, 69
69, 63
69, 59
69.25, 75
69.333336, 57
69.5, 66
69.666664, 51
69.75, 69
70, 64
70, 40
70.25, 76
70.333336, 47
70.5, 68
70.666664, 52
70.75, 71
71, 68
71, 56
71.25, 80
71.333336, 52
71.5, 71
71.666664, 47
71.75, 76

pattern3
occurrence1 
137, 90
137.25, 89
137.5, 88
137.75, 87
138, 86
138, 55
138, 69
138, 64
138, 61
138.25, 85
138.5, 84
138.75, 83
139, 82
139.25, 81
139.5, 80
139.75, 79
140, 78
140.25, 77
140.5, 76
140.75, 75
141, 74
141.25, 73
141.5, 72
141.75, 71
142, 70
142.25, 69
142.5, 68
142.75, 67
143, 66
143.25, 64
143.5, 63
143.75, 61
144, 32
144, 44
144, 56
145, 93
145, 64
145, 76
145.25, 92
145.5, 100
145.75, 88
146, 90
146, 61
146, 73
146.25, 88
146.5, 97
146.75, 85
147, 68
147, 87
147, 56
147.25, 85
147.5, 92
147.75, 80
148, 81
148, 64
148, 52

occurrence2 
453, 74
453.25, 73
453.5, 72
453.75, 71
454, 70
454.25, 69
454.5, 68
454.75, 67
455, 66
455.25, 64
455.5, 63
455.75, 61
456, 44
456, 56
456, 32
457, 76
457, 93
457, 64
457.25, 92
457.5, 100
457.75, 88
458, 73
458, 90
458, 61
458.25, 88
458.5, 97
458.75, 85
459, 68
459, 87
459, 56
459.25, 85
459.5, 92
459.75, 80
460, 52
460, 64
460, 81

pattern4
occurrence1 
168, 68
168, 37
168.33333, 56
168.66667, 60
169, 63
169.33333, 60
169.66667, 56
170, 49
170, 70
170.125, 72
170.25, 70
170.33333, 56
170.5, 68
170.66667, 60
171, 66
171, 73
171.33333, 60
171.5, 75
171.66667, 56
172, 77
172, 49
172.33333, 56
172.66667, 61
173, 65
173.33333, 61
173.66667, 56
174, 49
174, 80
174.33333, 56
174.66667, 65
175, 68
175.33333, 65
175.66667, 56
176, 78
176, 66
176.33333, 63
176.66667, 56
177, 65
177, 77
177.33333, 61
177.66667, 56
178, 75
178, 63
178.33333, 60
178.66667, 56
179, 77
179, 61
179.33333, 56
179.66667, 53
179.75, 73
180, 68
180, 44
180.33333, 51
180.66667, 56
181, 60
181.33333, 56
181.66667, 51

occurrence2 
184, 46
184.33333, 53
184.66667, 58
185, 62
185.33333, 58
185.66667, 53
186, 46
186, 71
186.125, 73
186.25, 71
186.33333, 58
186.5, 70
186.66667, 62
187, 68
187, 75
187.33333, 62
187.5, 77
187.66667, 58
188, 51
188, 78
188.33333, 66
188.66667, 58
189, 53
189, 77
189.33333, 65
189.66667, 57
190, 54
190, 75
190.33333, 63
190.66667, 58
191, 77
191, 56
191.33333, 66
191.66667, 60
192, 73
192, 49
192.33333, 56
192.66667, 61
193, 65
193.33333, 61
193.66667, 56

occurrence3 
200, 44
200, 68
200.33333, 51
200.66667, 56
201, 60
201.33333, 56
201.66667, 51
202, 70
202, 44
202.125, 72
202.25, 70
202.33333, 56
202.5, 68
202.66667, 60
203, 73
203, 66
203.33333, 60
203.5, 75
203.66667, 56
204, 77
204, 49
204.33333, 56
204.66667, 61
205, 65
205.33333, 61
205.66667, 56
206, 80
206, 49
206.33333, 56
206.66667, 65
207, 68
207.33333, 65
207.66667, 56
208, 78
208, 66
208.33333, 63
208.66667, 56
209, 77
209, 65
209.33333, 61
209.66667, 56
210, 75
210, 63
210.33333, 60
210.66667, 56
211, 77
211, 61
211.33333, 56
211.66667, 53
211.75, 73
212, 44
212, 68
212.33333, 51
212.66667, 56
213, 60
213.33333, 56
213.66667, 51

occurrence4 
216, 46
216.33333, 53
216.66667, 58
217, 62
217.33333, 58
217.66667, 53
218, 46
218, 71
218.125, 73
218.25, 71
218.33333, 58
218.5, 70
218.66667, 62
219, 68
219, 75
219.33333, 62
219.5, 77
219.66667, 58
220, 51
220, 78
220.33333, 66
220.66667, 58
221, 53
221, 77
221.33333, 65
221.66667, 57
222, 54
222, 75
222.33333, 63
222.66667, 58
223, 77
223, 56
223.33333, 66
223.66667, 60
224, 49
224, 73
224.33333, 56
224.66667, 61
225, 65
225.33333, 61
225.66667, 56

occurrence5 
248, 68
248, 44
248.33333, 56
248.66667, 60
249, 63
249.33333, 60
249.66667, 56
250, 70
250, 51
250.125, 72
250.25, 70
250.33333, 56
250.5, 68
250.66667, 60
251, 66
251, 73
251.33333, 60
251.5, 75
251.66667, 56
252, 49
252, 77
252.33333, 56
252.66667, 61
253, 65
253.33333, 61
253.66667, 56
254, 80
254, 49
254.33333, 56
254.66667, 65
255, 68
255.33333, 65
255.66667, 56
256, 78
256, 66
256.33334, 63
256.66666, 56
257, 77
257, 65
257.33334, 61
257.66666, 56
258, 63
258, 75
258.33334, 60
258.66666, 56
259, 77
259, 61
259.0625, 75
259.125, 73
259.1875, 75
259.25, 77
259.33334, 56
259.5, 73
259.66666, 53
260, 44
260, 68
260.33334, 51
260.66666, 56
261, 60
261.33334, 56
261.66666, 51

occurrence6 
264, 46
264.33334, 53
264.66666, 58
265, 62
265.33334, 58
265.66666, 53
266, 71
266, 46
266.125, 73
266.25, 71
266.33334, 58
266.5, 70
266.66666, 62
267, 68
267, 75
267.33334, 62
267.5, 77
267.66666, 58
268, 51
268, 78
268.33334, 66
268.66666, 58
269, 53
269, 77
269.33334, 65
269.66666, 57
270, 75
270, 54
270.33334, 63
270.66666, 58
271, 56
271, 77
271.33334, 66
271.66666, 60
272, 49
272, 73
272.33334, 56
272.66666, 61
273, 65
273.33334, 61
273.66666, 56

occurrence7 
296, 68
296, 44
296.33334, 51
296.66666, 56
297, 60
297.33334, 56
297.66666, 51
298, 44
298, 70
298.125, 72
298.25, 70
298.33334, 56
298.5, 68
298.66666, 60
299, 73
299, 66
299.33334, 60
299.5, 75
299.66666, 56
300, 49
300, 77
300.33334, 56
300.66666, 61
301, 65
301.33334, 61
301.66666, 56
302, 49
302, 80
302.33334, 56
302.66666, 65
303, 68
303.33334, 65
303.66666, 56
304, 78
304, 66
304.33334, 63
304.66666, 56
305, 77
305, 65
305.33334, 61
305.66666, 56
306, 75
306, 63
306.33334, 60
306.66666, 56
307, 77
307, 61
307.0625, 75
307.125, 73
307.1875, 75
307.25, 77
307.33334, 56
307.5, 73
307.66666, 53
308, 68
308, 44
308.33334, 51
308.66666, 56
309, 60
309.33334, 56
309.66666, 51

occurrence8 
312, 46
312.33334, 53
312.66666, 58
313, 62
313.33334, 58
313.66666, 53
314, 71
314, 46
314.125, 73
314.25, 71
314.33334, 58
314.5, 70
314.66666, 62
315, 68
315, 75
315.33334, 62
315.5, 77
315.66666, 58
316, 51
316, 78
316.33334, 66
316.66666, 58
317, 77
317, 53
317.33334, 65
317.66666, 57
318, 75
318, 54
318.33334, 63
318.66666, 58
319, 77
319, 56
319.33334, 66
319.66666, 60
320, 73
320, 49
320.33334, 56
320.66666, 61
321, 65
321.33334, 61
321.66666, 56

occurrence9 
504, 44
508, 46
509, 44
510, 49
511, 51
512, 53
516, 56
520, 54
522, 53
524, 51
526, 53
527, 49
528, 44


