ontime, MNN, MPN, duration, channel
-1.00, 71.00, 66.00, 1.00, 0.00
0.00, 40.00, 48.00, 1.00, 1.00
0.00, 69.00, 65.00, 0.75, 0.00
0.75, 67.00, 64.00, 0.25, 0.00
1.00, 55.00, 57.00, 1.00, 1.00
1.00, 59.00, 59.00, 1.00, 1.00
1.00, 66.00, 63.00, 1.00, 0.00
2.00, 55.00, 57.00, 1.00, 1.00
2.00, 59.00, 59.00, 1.00, 1.00
2.00, 64.00, 62.00, 1.00, 0.00
3.00, 45.00, 51.00, 1.00, 1.00
3.00, 74.00, 68.00, 2.00, 0.00
4.00, 57.00, 58.00, 1.00, 1.00
4.00, 60.00, 60.00, 1.00, 1.00
4.00, 64.00, 62.00, 1.00, 1.00
5.00, 57.00, 58.00, 1.00, 1.00
5.00, 60.00, 60.00, 1.00, 1.00
5.00, 64.00, 62.00, 1.00, 1.00
5.00, 72.00, 67.00, 1.00, 0.00
6.00, 50.00, 54.00, 3.00, 1.00
6.00, 60.00, 60.00, 1.00, 1.00
6.00, 64.00, 62.00, 1.00, 1.00
6.00, 71.00, 66.00, 0.75, 0.00
6.75, 69.00, 65.00, 0.25, 0.00
7.00, 59.00, 59.00, 1.00, 1.00
7.00, 62.00, 61.00, 1.00, 1.00
7.00, 64.00, 62.00, 0.50, 0.00
7.50, 66.00, 63.00, 0.50, 0.00
8.00, 57.00, 58.00, 1.00, 1.00
8.00, 60.00, 60.00, 1.00, 1.00
8.00, 62.00, 61.00, 1.00, 0.00
9.00, 43.00, 50.00, 1.00, 1.00
9.00, 67.00, 64.00, 2.00, 0.00
9.00, 72.00, 67.00, 2.00, 0.00
10.00, 55.00, 57.00, 1.00, 1.00
10.00, 62.00, 61.00, 1.00, 1.00
11.00, 71.00, 66.00, 1.50, 0.00
12.00, 47.00, 52.00, 1.00, 1.00
12.75, 71.00, 66.00, 0.25, 0.00
12.75, 72.00, 67.00, 0.25, 0.00
13.00, 59.00, 59.00, 1.00, 1.00
13.00, 66.00, 63.00, 1.00, 1.00
13.00, 69.00, 65.00, 1.00, 1.00
13.00, 71.00, 66.00, 0.50, 0.00
13.00, 73.00, 67.00, 0.50, 0.00
13.50, 71.00, 66.00, 0.50, 0.00
13.50, 74.00, 68.00, 0.50, 0.00
14.00, 59.00, 59.00, 1.00, 1.00
14.00, 66.00, 63.00, 1.00, 1.00
14.00, 69.00, 65.00, 1.00, 1.00
14.00, 71.00, 66.00, 1.50, 0.00
14.00, 75.00, 68.00, 1.00, 0.00
15.00, 52.00, 55.00, 1.00, 1.00
15.00, 76.00, 69.00, 0.50, 0.00
15.75, 78.00, 70.00, 0.25, 0.00
16.00, 59.00, 59.00, 1.00, 1.00
16.00, 67.00, 64.00, 1.00, 1.00
16.00, 79.00, 71.00, 0.50, 0.00
16.50, 84.00, 74.00, 0.50, 0.00
17.00, 59.00, 59.00, 1.00, 1.00
17.00, 67.00, 64.00, 1.00, 1.00
17.00, 83.00, 73.00, 1.00, 0.00
18.00, 52.00, 55.00, 3.00, 1.00
18.00, 82.00, 72.00, 0.50, 0.00
18.75, 78.00, 70.00, 0.25, 0.00
19.00, 58.00, 58.00, 1.00, 1.00
19.00, 61.00, 60.00, 1.00, 1.00
19.00, 66.00, 63.00, 1.00, 1.00
19.00, 82.00, 72.00, 0.50, 0.00
19.75, 81.00, 72.00, 0.25, 0.00
20.00, 57.00, 58.00, 1.00, 1.00
20.00, 60.00, 60.00, 1.00, 1.00
20.00, 66.00, 63.00, 1.00, 1.00
20.00, 78.00, 70.00, 1.00, 0.00
21.00, 52.00, 55.00, 3.00, 1.00
21.00, 81.00, 72.00, 0.50, 0.00
21.75, 78.00, 70.00, 0.25, 0.00
22.00, 57.00, 58.00, 1.00, 1.00
22.00, 63.00, 61.00, 1.00, 1.00
22.00, 81.00, 72.00, 0.50, 0.00
22.75, 79.00, 71.00, 0.25, 0.00
23.00, 55.00, 57.00, 1.00, 1.00
23.00, 64.00, 62.00, 1.00, 1.00
23.00, 76.00, 69.00, 1.00, 0.00
24.00, 47.00, 52.00, 1.00, 1.00
24.00, 71.00, 66.00, 0.50, 0.00
24.75, 72.00, 67.00, 0.25, 0.00
25.00, 59.00, 59.00, 1.00, 1.00
25.00, 66.00, 63.00, 1.00, 1.00
25.00, 69.00, 65.00, 1.00, 1.00
25.00, 71.00, 66.00, 0.50, 0.00
25.00, 73.00, 67.00, 0.50, 0.00
25.50, 71.00, 66.00, 0.50, 0.00
25.50, 74.00, 68.00, 0.50, 0.00
26.00, 59.00, 59.00, 1.00, 1.00
26.00, 66.00, 63.00, 1.00, 1.00
26.00, 69.00, 65.00, 1.00, 1.00
26.00, 71.00, 66.00, 1.00, 0.00
26.00, 75.00, 68.00, 1.00, 0.00
27.00, 52.00, 55.00, 1.00, 1.00
27.00, 76.00, 69.00, 0.25, 0.00
27.25, 91.00, 78.00, 0.50, 0.00
28.00, 59.00, 59.00, 1.00, 1.00
28.00, 67.00, 64.00, 1.00, 1.00
28.00, 90.00, 77.00, 0.50, 0.00
28.50, 88.00, 76.00, 0.50, 0.00
29.00, 84.00, 74.00, 0.50, 0.00
29.50, 83.00, 73.00, 0.50, 0.00
30.00, 42.00, 49.00, 1.00, 1.00
30.00, 82.00, 72.00, 0.50, 0.00
30.50, 85.00, 74.00, 0.50, 0.00
31.00, 54.00, 56.00, 1.00, 1.00
31.00, 61.00, 60.00, 1.00, 1.00
31.00, 64.00, 62.00, 1.00, 1.00
31.00, 83.00, 73.00, 0.50, 0.00
31.00, 87.00, 75.00, 0.50, 0.00
31.50, 80.00, 71.00, 0.50, 0.00
32.00, 54.00, 56.00, 1.00, 1.00
32.00, 61.00, 60.00, 1.00, 1.00
32.00, 64.00, 62.00, 1.00, 1.00
32.00, 76.00, 69.00, 0.50, 0.00
32.75, 78.00, 70.00, 0.25, 0.00
32.75, 82.00, 72.00, 0.25, 0.00
33.00, 47.00, 52.00, 1.00, 1.00
33.00, 75.00, 68.00, 2.00, 0.00
33.00, 83.00, 73.00, 2.00, 0.00
34.00, 59.00, 59.00, 1.00, 1.00
34.00, 66.00, 63.00, 1.00, 1.00
35.00, 71.00, 66.00, 1.00, 0.00
36.00, 40.00, 48.00, 1.00, 1.00
36.00, 69.00, 65.00, 0.75, 0.00
36.75, 67.00, 64.00, 0.25, 0.00
37.00, 55.00, 57.00, 1.00, 1.00
37.00, 59.00, 59.00, 1.00, 1.00
37.00, 66.00, 63.00, 1.00, 0.00
38.00, 55.00, 57.00, 1.00, 1.00
38.00, 59.00, 59.00, 1.00, 1.00
38.00, 64.00, 62.00, 1.00, 0.00
39.00, 45.00, 51.00, 1.00, 1.00
39.00, 74.00, 68.00, 2.00, 0.00
40.00, 57.00, 58.00, 1.00, 1.00
40.00, 60.00, 60.00, 1.00, 1.00
40.00, 64.00, 62.00, 1.00, 1.00
41.00, 57.00, 58.00, 1.00, 1.00
41.00, 60.00, 60.00, 1.00, 1.00
41.00, 64.00, 62.00, 1.00, 1.00
41.00, 72.00, 67.00, 1.00, 0.00
42.00, 50.00, 54.00, 3.00, 1.00
42.00, 60.00, 60.00, 1.00, 1.00
42.00, 64.00, 62.00, 1.00, 1.00
42.00, 71.00, 66.00, 0.75, 0.00
42.75, 69.00, 65.00, 0.25, 0.00
43.00, 59.00, 59.00, 1.00, 1.00
43.00, 62.00, 61.00, 1.00, 1.00
43.00, 64.00, 62.00, 0.50, 0.00
43.50, 66.00, 63.00, 0.50, 0.00
44.00, 57.00, 58.00, 1.00, 1.00
44.00, 60.00, 60.00, 1.00, 1.00
44.00, 62.00, 61.00, 1.00, 0.00
45.00, 43.00, 50.00, 1.00, 1.00
45.00, 67.00, 64.00, 2.00, 0.00
45.00, 72.00, 67.00, 2.00, 0.00
46.00, 55.00, 57.00, 1.00, 1.00
46.00, 62.00, 61.00, 1.00, 1.00
47.00, 71.00, 66.00, 1.50, 0.00
48.00, 47.00, 52.00, 1.00, 1.00
48.75, 71.00, 66.00, 0.25, 0.00
48.75, 72.00, 67.00, 0.25, 0.00
49.00, 59.00, 59.00, 1.00, 1.00
49.00, 66.00, 63.00, 1.00, 1.00
49.00, 69.00, 65.00, 1.00, 1.00
49.00, 71.00, 66.00, 0.50, 0.00
49.00, 73.00, 67.00, 0.50, 0.00
49.50, 71.00, 66.00, 0.50, 0.00
49.50, 74.00, 68.00, 0.50, 0.00
50.00, 59.00, 59.00, 1.00, 1.00
50.00, 66.00, 63.00, 1.00, 1.00
50.00, 69.00, 65.00, 1.00, 1.00
50.00, 71.00, 66.00, 1.50, 0.00
50.00, 75.00, 68.00, 1.00, 0.00
51.00, 52.00, 55.00, 1.00, 1.00
51.00, 76.00, 69.00, 0.50, 0.00
51.75, 78.00, 70.00, 0.25, 0.00
52.00, 59.00, 59.00, 1.00, 1.00
52.00, 67.00, 64.00, 1.00, 1.00
52.00, 79.00, 71.00, 0.50, 0.00
52.50, 84.00, 74.00, 0.50, 0.00
53.00, 59.00, 59.00, 1.00, 1.00
53.00, 67.00, 64.00, 1.00, 1.00
53.00, 83.00, 73.00, 1.00, 0.00
54.00, 52.00, 55.00, 3.00, 1.00
54.00, 82.00, 72.00, 0.50, 0.00
54.75, 78.00, 70.00, 0.25, 0.00
55.00, 58.00, 58.00, 1.00, 1.00
55.00, 61.00, 60.00, 1.00, 1.00
55.00, 66.00, 63.00, 1.00, 1.00
55.00, 82.00, 72.00, 0.50, 0.00
55.75, 81.00, 72.00, 0.25, 0.00
56.00, 57.00, 58.00, 1.00, 1.00
56.00, 60.00, 60.00, 1.00, 1.00
56.00, 66.00, 63.00, 1.00, 1.00
56.00, 78.00, 70.00, 1.00, 0.00
57.00, 52.00, 55.00, 3.00, 1.00
57.00, 81.00, 72.00, 0.50, 0.00
57.75, 78.00, 70.00, 0.25, 0.00
58.00, 57.00, 58.00, 1.00, 1.00
58.00, 63.00, 61.00, 1.00, 1.00
58.00, 81.00, 72.00, 0.50, 0.00
58.75, 79.00, 71.00, 0.25, 0.00
59.00, 55.00, 57.00, 1.00, 1.00
59.00, 64.00, 62.00, 1.00, 1.00
59.00, 76.00, 69.00, 1.00, 0.00
60.00, 47.00, 52.00, 1.00, 1.00
60.00, 71.00, 66.00, 0.50, 0.00
60.75, 71.00, 66.00, 0.25, 0.00
60.75, 72.00, 67.00, 0.25, 0.00
61.00, 59.00, 59.00, 1.00, 1.00
61.00, 66.00, 63.00, 1.00, 1.00
61.00, 69.00, 65.00, 1.00, 1.00
61.00, 71.00, 66.00, 0.50, 0.00
61.00, 73.00, 67.00, 0.50, 0.00
61.50, 71.00, 66.00, 0.50, 0.00
61.50, 74.00, 68.00, 0.50, 0.00
62.00, 59.00, 59.00, 1.00, 1.00
62.00, 66.00, 63.00, 1.00, 1.00
62.00, 69.00, 65.00, 1.00, 1.00
62.00, 71.00, 66.00, 1.00, 0.00
62.00, 75.00, 68.00, 1.00, 0.00
63.00, 52.00, 55.00, 1.00, 1.00
63.00, 76.00, 69.00, 0.25, 0.00
63.25, 91.00, 78.00, 0.50, 0.00
64.00, 59.00, 59.00, 1.00, 1.00
64.00, 67.00, 64.00, 1.00, 1.00
64.00, 90.00, 77.00, 0.50, 0.00
64.50, 88.00, 76.00, 0.50, 0.00
65.00, 84.00, 74.00, 0.50, 0.00
65.50, 83.00, 73.00, 0.50, 0.00
66.00, 47.00, 52.00, 1.00, 1.00
66.00, 82.00, 72.00, 0.50, 0.00
66.50, 78.00, 70.00, 0.50, 0.00
67.00, 59.00, 59.00, 1.00, 1.00
67.00, 63.00, 61.00, 1.00, 1.00
67.00, 69.00, 65.00, 1.00, 1.00
67.00, 84.00, 74.00, 0.33, 0.00
67.33, 82.00, 72.00, 0.33, 0.00
67.67, 83.00, 73.00, 0.33, 0.00
68.00, 59.00, 59.00, 1.00, 1.00
68.00, 63.00, 61.00, 1.00, 1.00
68.00, 69.00, 65.00, 1.00, 1.00
68.00, 81.00, 72.00, 0.33, 0.00
68.33, 82.00, 73.00, 0.33, 0.00
68.67, 80.00, 71.00, 0.33, 0.00
69.00, 52.00, 55.00, 1.00, 1.00
69.00, 81.00, 72.00, 0.33, 0.00
69.33, 79.00, 71.00, 0.33, 0.00
69.67, 78.00, 70.00, 0.33, 0.00
70.00, 55.00, 57.00, 2.00, 1.00
70.00, 59.00, 59.00, 2.00, 1.00
70.00, 67.00, 64.00, 2.00, 1.00
70.00, 76.00, 69.00, 2.50, 0.00
72.00, 43.00, 50.00, 1.00, 1.00
72.00, 65.00, 63.00, 1.00, 0.00
72.50, 74.00, 68.00, 0.50, 0.00
73.00, 55.00, 57.00, 1.00, 1.00
73.00, 62.00, 61.00, 1.00, 1.00
73.00, 65.00, 63.00, 1.00, 0.00
73.00, 71.00, 66.00, 1.00, 0.00
74.00, 55.00, 57.00, 2.00, 1.00
74.00, 62.00, 61.00, 1.00, 1.00
74.00, 65.00, 63.00, 1.00, 0.00
74.00, 69.00, 65.00, 1.00, 0.00
75.00, 48.00, 53.00, 1.00, 1.00
75.00, 64.00, 62.00, 1.00, 0.00
75.00, 67.00, 64.00, 2.00, 0.00
76.00, 48.00, 53.00, 1.00, 1.00
76.00, 55.00, 57.00, 1.00, 1.00
76.00, 64.00, 62.00, 1.00, 0.00
77.00, 48.00, 53.00, 2.00, 1.00
77.00, 55.00, 57.00, 1.00, 1.00
77.00, 64.00, 62.00, 1.00, 0.00
77.00, 76.00, 69.00, 1.50, 0.00
78.00, 55.00, 57.00, 1.00, 1.00
78.00, 65.00, 63.00, 1.00, 0.00
78.50, 74.00, 68.00, 0.50, 0.00
79.00, 48.00, 53.00, 1.00, 1.00
79.00, 55.00, 57.00, 1.00, 1.00
79.00, 65.00, 63.00, 1.00, 0.00
79.00, 71.00, 66.00, 1.00, 0.00
80.00, 48.00, 53.00, 1.00, 1.00
80.00, 55.00, 57.00, 1.00, 1.00
80.00, 65.00, 63.00, 1.00, 0.00
80.00, 69.00, 65.00, 1.00, 0.00
81.00, 48.00, 53.00, 1.00, 1.00
81.00, 55.00, 57.00, 1.00, 1.00
81.00, 64.00, 62.00, 1.00, 0.00
81.00, 67.00, 64.00, 2.00, 0.00
82.00, 48.00, 53.00, 1.00, 1.00
82.00, 55.00, 57.00, 1.00, 1.00
82.00, 64.00, 62.00, 1.00, 0.00
83.00, 48.00, 53.00, 1.00, 1.00
83.00, 57.00, 58.00, 3.00, 1.00
83.00, 64.00, 62.00, 1.00, 0.00
83.00, 72.00, 67.00, 1.00, 0.00
84.00, 50.00, 54.00, 1.00, 1.00
84.00, 65.00, 63.00, 1.00, 0.00
84.00, 72.00, 67.00, 0.75, 0.00
84.75, 71.00, 66.00, 0.25, 0.00
85.00, 45.00, 51.00, 2.00, 1.00
85.00, 52.00, 55.00, 2.00, 1.00
85.00, 64.00, 62.00, 2.00, 0.00
85.00, 74.00, 68.00, 0.50, 0.00
85.50, 72.00, 67.00, 0.50, 0.00
86.00, 60.00, 60.00, 1.00, 1.00
86.00, 69.00, 65.00, 1.00, 0.00
87.00, 50.00, 54.00, 1.00, 1.00
87.00, 57.00, 58.00, 2.00, 1.00
87.00, 65.00, 63.00, 1.00, 0.00
87.00, 72.00, 67.00, 0.75, 0.00
87.75, 71.00, 66.00, 0.25, 0.00
88.00, 45.00, 51.00, 2.00, 1.00
88.00, 52.00, 55.00, 2.00, 1.00
88.00, 64.00, 62.00, 2.00, 0.00
88.00, 74.00, 68.00, 0.50, 0.00
88.50, 72.00, 67.00, 0.50, 0.00
89.00, 60.00, 60.00, 1.00, 1.00
89.00, 69.00, 65.00, 1.00, 0.00
90.00, 47.00, 52.00, 2.00, 1.00
90.00, 59.00, 59.00, 0.75, 1.00
90.00, 63.00, 61.00, 1.50, 0.00
90.00, 68.00, 64.00, 0.75, 0.00
90.75, 57.00, 58.00, 0.25, 1.00
90.75, 66.00, 63.00, 0.25, 0.00
91.00, 61.00, 60.00, 0.75, 1.00
91.00, 69.00, 65.00, 0.75, 0.00
91.75, 59.00, 59.00, 0.25, 1.00
91.75, 63.00, 61.00, 0.25, 0.00
91.75, 68.00, 64.00, 0.25, 0.00
92.00, 52.00, 55.00, 1.00, 1.00
92.00, 56.00, 57.00, 1.00, 1.00
92.00, 64.00, 62.00, 1.00, 0.00
93.00, 64.00, 62.00, 1.00, 1.00
93.00, 76.00, 69.00, 1.00, 0.00
94.00, 64.00, 62.00, 1.00, 1.00
94.00, 76.00, 69.00, 1.00, 0.00
95.00, 64.00, 62.00, 1.00, 1.00
95.00, 76.00, 69.00, 1.50, 0.00
96.00, 65.00, 63.00, 1.00, 0.00
96.50, 74.00, 68.00, 0.50, 0.00
97.00, 55.00, 57.00, 1.00, 1.00
97.00, 65.00, 63.00, 1.00, 0.00
97.00, 71.00, 66.00, 1.00, 0.00
98.00, 55.00, 57.00, 2.00, 1.00
98.00, 65.00, 63.00, 1.00, 0.00
98.00, 69.00, 65.00, 1.00, 0.00
99.00, 48.00, 53.00, 1.00, 1.00
99.00, 64.00, 62.00, 1.00, 0.00
99.00, 67.00, 64.00, 2.00, 0.00
100.00, 48.00, 53.00, 1.00, 1.00
100.00, 55.00, 57.00, 1.00, 1.00
100.00, 64.00, 62.00, 1.00, 0.00
101.00, 48.00, 53.00, 2.00, 1.00
101.00, 55.00, 57.00, 1.00, 1.00
101.00, 64.00, 62.00, 1.00, 0.00
101.00, 76.00, 69.00, 1.50, 0.00
102.00, 55.00, 57.00, 1.00, 1.00
102.00, 65.00, 63.00, 1.00, 0.00
102.50, 74.00, 68.00, 0.50, 0.00
103.00, 48.00, 53.00, 1.00, 1.00
103.00, 55.00, 57.00, 1.00, 1.00
103.00, 65.00, 63.00, 1.00, 0.00
103.00, 71.00, 66.00, 1.00, 0.00
104.00, 48.00, 53.00, 1.00, 1.00
104.00, 55.00, 57.00, 1.00, 1.00
104.00, 65.00, 63.00, 1.00, 0.00
104.00, 69.00, 65.00, 1.00, 0.00
105.00, 48.00, 53.00, 1.00, 1.00
105.00, 55.00, 57.00, 1.00, 1.00
105.00, 64.00, 62.00, 1.00, 0.00
105.00, 67.00, 64.00, 2.00, 0.00
106.00, 48.00, 53.00, 1.00, 1.00
106.00, 55.00, 57.00, 1.00, 1.00
106.00, 64.00, 62.00, 1.00, 0.00
107.00, 48.00, 53.00, 1.00, 1.00
107.00, 55.00, 57.00, 1.00, 1.00
107.00, 64.00, 62.00, 1.00, 0.00
107.00, 72.00, 67.00, 1.00, 0.00
108.00, 50.00, 54.00, 1.00, 1.00
108.00, 54.00, 56.00, 1.00, 1.00
108.00, 60.00, 60.00, 1.00, 0.00
108.00, 71.00, 66.00, 0.75, 0.00
108.75, 69.00, 65.00, 0.25, 0.00
109.00, 50.00, 54.00, 1.00, 1.00
109.00, 54.00, 56.00, 1.00, 1.00
109.00, 60.00, 60.00, 1.00, 0.00
109.00, 71.00, 66.00, 0.50, 0.00
109.50, 69.00, 65.00, 0.50, 0.00
110.00, 43.00, 50.00, 2.00, 1.00
110.00, 50.00, 54.00, 2.00, 1.00
110.00, 55.00, 57.00, 1.00, 1.00
110.00, 59.00, 59.00, 1.00, 0.00
110.00, 62.00, 61.00, 1.00, 0.00
111.00, 54.00, 56.00, 1.00, 1.00
111.00, 60.00, 60.00, 1.00, 0.00
111.00, 71.00, 66.00, 0.75, 0.00
111.75, 69.00, 65.00, 0.25, 0.00
112.00, 43.00, 50.00, 1.00, 1.00
112.00, 50.00, 54.00, 1.00, 1.00
112.00, 54.00, 56.00, 1.00, 1.00
112.00, 60.00, 60.00, 1.00, 0.00
112.00, 71.00, 66.00, 0.50, 0.00
112.50, 69.00, 65.00, 0.50, 0.00
113.00, 43.00, 50.00, 1.00, 1.00
113.00, 50.00, 54.00, 1.00, 1.00
113.00, 54.00, 56.00, 1.00, 1.00
113.00, 60.00, 60.00, 1.00, 0.00
113.00, 71.00, 66.00, 0.50, 0.00
113.50, 69.00, 65.00, 0.50, 0.00
114.00, 43.00, 50.00, 1.00, 1.00
114.00, 50.00, 54.00, 1.00, 1.00
114.00, 55.00, 57.00, 1.00, 1.00
114.00, 59.00, 59.00, 1.00, 0.00
114.00, 67.00, 64.00, 1.00, 0.00
115.00, 43.00, 50.00, 1.00, 1.00
115.00, 51.00, 55.00, 1.00, 1.00
115.00, 60.00, 60.00, 1.00, 0.00
115.00, 68.00, 65.00, 5.00, 0.00
116.00, 43.00, 50.00, 1.00, 1.00
116.00, 52.00, 55.00, 1.00, 1.00
116.00, 61.00, 60.00, 1.00, 0.00
117.00, 43.00, 50.00, 1.00, 1.00
117.00, 53.00, 56.00, 1.00, 1.00
117.00, 62.00, 61.00, 1.00, 0.00
118.00, 43.00, 50.00, 1.00, 1.00
118.00, 52.00, 55.00, 1.00, 1.00
118.00, 61.00, 60.00, 1.00, 0.00
119.00, 43.00, 50.00, 1.00, 1.00
119.00, 51.00, 55.00, 1.00, 1.00
119.00, 60.00, 60.00, 1.00, 0.00
120.00, 43.00, 50.00, 1.00, 1.00
120.00, 51.00, 55.00, 1.00, 1.00
120.00, 60.00, 60.00, 1.00, 0.00
120.00, 70.00, 66.00, 0.75, 0.00
120.75, 68.00, 65.00, 0.25, 0.00
121.00, 43.00, 50.00, 1.00, 1.00
121.00, 51.00, 55.00, 1.00, 1.00
121.00, 60.00, 60.00, 1.00, 0.00
121.00, 70.00, 66.00, 0.50, 0.00
121.50, 68.00, 65.00, 0.50, 0.00
122.00, 43.00, 50.00, 1.00, 1.00
122.00, 50.00, 54.00, 1.00, 1.00
122.00, 59.00, 59.00, 1.00, 0.00
122.00, 62.00, 61.00, 1.00, 0.00
123.00, 43.00, 50.00, 1.00, 1.00
123.00, 51.00, 55.00, 1.00, 1.00
123.00, 60.00, 60.00, 1.00, 0.00
123.00, 70.00, 66.00, 0.75, 0.00
123.75, 68.00, 65.00, 0.25, 0.00
124.00, 43.00, 50.00, 1.00, 1.00
124.00, 51.00, 55.00, 1.00, 1.00
124.00, 60.00, 60.00, 1.00, 0.00
124.00, 70.00, 66.00, 0.50, 0.00
124.50, 68.00, 65.00, 0.50, 0.00
125.00, 43.00, 50.00, 1.00, 1.00
125.00, 51.00, 55.00, 1.00, 1.00
125.00, 60.00, 60.00, 1.00, 0.00
125.00, 70.00, 66.00, 0.50, 0.00
125.50, 68.00, 65.00, 0.50, 0.00
126.00, 43.00, 50.00, 1.00, 1.00
126.00, 50.00, 54.00, 1.00, 1.00
126.00, 59.00, 59.00, 1.00, 0.00
126.00, 67.00, 64.00, 1.00, 0.00
127.00, 43.00, 50.00, 1.00, 1.00
127.00, 51.00, 55.00, 1.00, 1.00
127.00, 60.00, 60.00, 1.00, 0.00
127.00, 69.00, 65.00, 5.00, 0.00
128.00, 43.00, 50.00, 1.00, 1.00
128.00, 52.00, 55.00, 1.00, 1.00
128.00, 61.00, 60.00, 1.00, 0.00
129.00, 43.00, 50.00, 1.00, 1.00
129.00, 53.00, 56.00, 1.00, 1.00
129.00, 62.00, 61.00, 1.00, 0.00
130.00, 43.00, 50.00, 1.00, 1.00
130.00, 52.00, 55.00, 1.00, 1.00
130.00, 61.00, 60.00, 1.00, 0.00
131.00, 43.00, 50.00, 1.00, 1.00
131.00, 51.00, 55.00, 1.00, 1.00
131.00, 60.00, 60.00, 1.00, 0.00
132.00, 43.00, 50.00, 1.00, 1.00
132.00, 50.00, 54.00, 1.00, 1.00
132.00, 59.00, 59.00, 1.00, 0.00
132.00, 67.00, 64.00, 1.00, 0.00
133.00, 43.00, 50.00, 1.00, 1.00
133.00, 51.00, 55.00, 1.00, 1.00
133.00, 60.00, 60.00, 1.00, 0.00
133.00, 68.00, 65.00, 3.00, 0.00
134.00, 43.00, 50.00, 1.00, 1.00
134.00, 52.00, 55.00, 1.00, 1.00
134.00, 61.00, 60.00, 1.00, 0.00
135.00, 43.00, 50.00, 1.00, 1.00
135.00, 53.00, 56.00, 1.00, 1.00
135.00, 62.00, 61.00, 1.00, 0.00
136.00, 43.00, 50.00, 1.00, 1.00
136.00, 52.00, 55.00, 1.00, 1.00
136.00, 61.00, 60.00, 1.00, 0.00
136.00, 69.00, 65.00, 2.00, 0.00
137.00, 43.00, 50.00, 1.00, 1.00
137.00, 51.00, 55.00, 1.00, 1.00
137.00, 60.00, 60.00, 1.00, 0.00
138.00, 43.00, 50.00, 1.00, 1.00
138.00, 50.00, 54.00, 1.00, 1.00
138.00, 59.00, 59.00, 1.00, 0.00
138.00, 67.00, 64.00, 1.00, 0.00
139.00, 43.00, 50.00, 1.00, 1.00
139.00, 51.00, 55.00, 1.00, 1.00
139.00, 60.00, 60.00, 1.00, 0.00
139.00, 69.00, 65.00, 4.00, 0.00
140.00, 43.00, 50.00, 1.00, 1.00
140.00, 52.00, 55.00, 1.00, 1.00
140.00, 61.00, 60.00, 1.00, 0.00
141.00, 43.00, 50.00, 1.00, 1.00
141.00, 53.00, 56.00, 1.00, 1.00
141.00, 62.00, 61.00, 1.00, 0.00
142.00, 43.00, 50.00, 1.00, 1.00
142.00, 52.00, 55.00, 1.00, 1.00
142.00, 61.00, 60.00, 1.00, 0.00
143.00, 43.00, 50.00, 1.00, 1.00
143.00, 51.00, 55.00, 1.00, 1.00
143.00, 60.00, 60.00, 1.00, 0.00
143.00, 68.00, 65.00, 1.00, 0.00
144.00, 43.00, 50.00, 1.00, 1.00
144.00, 50.00, 54.00, 1.00, 1.00
144.00, 59.00, 59.00, 1.00, 0.00
144.00, 67.00, 64.00, 1.00, 0.00
145.00, 43.00, 50.00, 1.00, 1.00
145.00, 51.00, 55.00, 1.00, 1.00
145.00, 60.00, 60.00, 1.00, 0.00
145.00, 68.00, 65.00, 1.00, 0.00
146.00, 43.00, 50.00, 1.00, 1.00
146.00, 51.00, 55.00, 1.00, 1.00
146.00, 60.00, 60.00, 1.00, 0.00
146.00, 68.00, 65.00, 1.00, 0.00
147.00, 43.00, 50.00, 1.00, 1.00
147.00, 51.00, 55.00, 1.00, 1.00
147.00, 60.00, 60.00, 1.00, 0.00
147.00, 68.00, 65.00, 1.00, 0.00
148.00, 43.00, 50.00, 1.00, 1.00
148.00, 52.00, 55.00, 1.00, 1.00
148.00, 61.00, 60.00, 1.00, 0.00
148.00, 69.00, 65.00, 1.00, 0.00
149.00, 43.00, 50.00, 1.00, 1.00
149.00, 52.00, 55.00, 1.00, 1.00
149.00, 61.00, 60.00, 1.00, 0.00
149.00, 69.00, 65.00, 1.00, 0.00
150.00, 43.00, 50.00, 1.00, 1.00
150.00, 52.00, 55.00, 1.00, 1.00
150.00, 61.00, 60.00, 1.00, 0.00
150.00, 69.00, 65.00, 1.00, 0.00
151.00, 42.00, 49.00, 1.00, 1.00
151.00, 52.00, 55.00, 1.00, 1.00
151.00, 61.00, 60.00, 1.00, 0.00
151.00, 70.00, 65.00, 1.00, 0.00
152.00, 42.00, 49.00, 1.00, 1.00
152.00, 52.00, 55.00, 1.00, 1.00
152.00, 61.00, 60.00, 1.00, 0.00
152.00, 70.00, 65.00, 1.00, 0.00
153.00, 42.00, 49.00, 1.00, 1.00
153.00, 52.00, 55.00, 1.00, 1.00
153.00, 61.00, 60.00, 1.00, 0.00
153.00, 70.00, 65.00, 1.00, 0.00
154.00, 47.00, 52.00, 1.00, 1.00
154.00, 53.00, 55.00, 1.00, 1.00
154.00, 62.00, 61.00, 1.00, 0.00
154.00, 71.00, 66.00, 1.00, 0.00
155.00, 47.00, 52.00, 1.00, 1.00
155.00, 54.00, 56.00, 1.00, 1.00
155.00, 63.00, 61.00, 1.00, 0.00
155.00, 71.00, 66.00, 1.00, 0.00
156.00, 40.00, 48.00, 1.00, 1.00
156.00, 52.00, 55.00, 1.00, 1.00
156.00, 69.00, 65.00, 0.75, 0.00
156.75, 67.00, 64.00, 0.25, 0.00
157.00, 55.00, 57.00, 1.00, 1.00
157.00, 59.00, 59.00, 1.00, 1.00
157.00, 66.00, 63.00, 1.00, 0.00
158.00, 55.00, 57.00, 1.00, 1.00
158.00, 59.00, 59.00, 1.00, 1.00
158.00, 64.00, 62.00, 1.00, 0.00
159.00, 45.00, 51.00, 1.00, 1.00
159.00, 74.00, 68.00, 2.00, 0.00
160.00, 57.00, 58.00, 1.00, 1.00
160.00, 60.00, 60.00, 1.00, 1.00
160.00, 64.00, 62.00, 1.00, 1.00
161.00, 57.00, 58.00, 1.00, 1.00
161.00, 60.00, 60.00, 1.00, 1.00
161.00, 64.00, 62.00, 1.00, 1.00
161.00, 72.00, 67.00, 1.00, 0.00
162.00, 50.00, 54.00, 3.00, 1.00
162.00, 60.00, 60.00, 1.00, 1.00
162.00, 64.00, 62.00, 1.00, 1.00
162.00, 71.00, 66.00, 0.75, 0.00
162.75, 69.00, 65.00, 0.25, 0.00
163.00, 59.00, 59.00, 1.00, 1.00
163.00, 62.00, 61.00, 1.00, 1.00
163.00, 64.00, 62.00, 0.50, 0.00
163.50, 66.00, 63.00, 0.50, 0.00
164.00, 57.00, 58.00, 1.00, 1.00
164.00, 60.00, 60.00, 1.00, 1.00
164.00, 62.00, 61.00, 1.00, 0.00
165.00, 43.00, 50.00, 1.00, 1.00
165.00, 67.00, 64.00, 2.00, 0.00
165.00, 72.00, 67.00, 2.00, 0.00
166.00, 55.00, 57.00, 1.00, 1.00
166.00, 62.00, 61.00, 1.00, 1.00
167.00, 71.00, 66.00, 1.50, 0.00
168.00, 47.00, 52.00, 1.00, 1.00
168.75, 71.00, 66.00, 0.25, 0.00
168.75, 72.00, 67.00, 0.25, 0.00
169.00, 59.00, 59.00, 1.00, 1.00
169.00, 66.00, 63.00, 1.00, 1.00
169.00, 69.00, 65.00, 1.00, 1.00
169.00, 71.00, 66.00, 0.50, 0.00
169.00, 73.00, 67.00, 0.50, 0.00
169.50, 71.00, 66.00, 0.50, 0.00
169.50, 74.00, 68.00, 0.50, 0.00
170.00, 59.00, 59.00, 1.00, 1.00
170.00, 66.00, 63.00, 1.00, 1.00
170.00, 69.00, 65.00, 1.00, 1.00
170.00, 71.00, 66.00, 1.50, 0.00
170.00, 75.00, 68.00, 1.00, 0.00
171.00, 52.00, 55.00, 1.00, 1.00
171.00, 76.00, 69.00, 0.50, 0.00
171.75, 78.00, 70.00, 0.25, 0.00
172.00, 59.00, 59.00, 1.00, 1.00
172.00, 67.00, 64.00, 1.00, 1.00
172.00, 79.00, 71.00, 0.50, 0.00
172.50, 84.00, 74.00, 0.50, 0.00
173.00, 59.00, 59.00, 1.00, 1.00
173.00, 67.00, 64.00, 1.00, 1.00
173.00, 83.00, 73.00, 1.00, 0.00
174.00, 52.00, 55.00, 3.00, 1.00
174.00, 82.00, 72.00, 0.50, 0.00
174.75, 78.00, 70.00, 0.25, 0.00
175.00, 58.00, 58.00, 1.00, 1.00
175.00, 61.00, 60.00, 1.00, 1.00
175.00, 66.00, 63.00, 1.00, 1.00
175.00, 82.00, 72.00, 0.50, 0.00
175.75, 81.00, 72.00, 0.25, 0.00
176.00, 57.00, 58.00, 1.00, 1.00
176.00, 60.00, 60.00, 1.00, 1.00
176.00, 66.00, 63.00, 1.00, 1.00
176.00, 78.00, 70.00, 1.00, 0.00
177.00, 52.00, 55.00, 3.00, 1.00
177.00, 81.00, 72.00, 0.50, 0.00
177.75, 78.00, 70.00, 0.25, 0.00
178.00, 57.00, 58.00, 1.00, 1.00
178.00, 63.00, 61.00, 1.00, 1.00
178.00, 81.00, 72.00, 0.50, 0.00
178.75, 79.00, 71.00, 0.25, 0.00
179.00, 55.00, 57.00, 1.00, 1.00
179.00, 64.00, 62.00, 1.00, 1.00
179.00, 76.00, 69.00, 1.00, 0.00
180.00, 47.00, 52.00, 1.00, 1.00
180.00, 71.00, 66.00, 0.50, 0.00
180.75, 71.00, 66.00, 0.25, 0.00
180.75, 72.00, 67.00, 0.25, 0.00
181.00, 59.00, 59.00, 1.00, 1.00
181.00, 66.00, 63.00, 1.00, 1.00
181.00, 69.00, 65.00, 1.00, 1.00
181.00, 71.00, 66.00, 0.50, 0.00
181.00, 73.00, 67.00, 0.50, 0.00
181.50, 71.00, 66.00, 0.50, 0.00
181.50, 74.00, 68.00, 0.50, 0.00
182.00, 59.00, 59.00, 1.00, 1.00
182.00, 66.00, 63.00, 1.00, 1.00
182.00, 69.00, 65.00, 1.00, 1.00
182.00, 71.00, 66.00, 1.00, 0.00
182.00, 75.00, 68.00, 1.00, 0.00
183.00, 52.00, 55.00, 1.00, 1.00
183.00, 76.00, 69.00, 0.25, 0.00
183.25, 91.00, 78.00, 0.50, 0.00
184.00, 59.00, 59.00, 1.00, 1.00
184.00, 67.00, 64.00, 1.00, 1.00
184.00, 90.00, 77.00, 0.50, 0.00
184.50, 88.00, 76.00, 0.50, 0.00
185.00, 84.00, 74.00, 0.50, 0.00
185.50, 83.00, 73.00, 0.50, 0.00
186.00, 52.00, 55.00, 1.00, 1.00
186.00, 82.00, 72.00, 0.50, 0.00
186.50, 83.00, 73.00, 0.50, 0.00
187.00, 59.00, 59.00, 1.00, 1.00
187.00, 63.00, 61.00, 1.00, 1.00
187.00, 69.00, 65.00, 1.00, 1.00
187.00, 84.00, 74.00, 0.50, 0.00
187.50, 82.00, 72.00, 0.50, 0.00
188.00, 59.00, 59.00, 1.00, 1.00
188.00, 63.00, 61.00, 1.00, 1.00
188.00, 69.00, 65.00, 1.00, 1.00
188.00, 83.00, 73.00, 0.33, 0.00
188.33, 78.00, 70.00, 0.33, 0.00
188.67, 81.00, 72.00, 0.33, 0.00
189.00, 52.00, 55.00, 1.00, 1.00
189.00, 79.00, 71.00, 0.25, 0.00
189.25, 91.00, 78.00, 0.50, 0.00
190.00, 59.00, 59.00, 1.00, 1.00
190.00, 67.00, 64.00, 1.00, 1.00
190.00, 90.00, 77.00, 0.50, 0.00
190.50, 88.00, 76.00, 0.50, 0.00
191.00, 84.00, 74.00, 0.50, 0.00
191.50, 83.00, 73.00, 0.50, 0.00
192.00, 52.00, 55.00, 1.00, 1.00
192.00, 82.00, 72.00, 0.50, 0.00
192.50, 83.00, 73.00, 0.50, 0.00
193.00, 59.00, 59.00, 1.00, 1.00
193.00, 63.00, 61.00, 1.00, 1.00
193.00, 69.00, 65.00, 1.00, 1.00
193.00, 71.00, 66.00, 1.00, 1.00
193.00, 84.00, 74.00, 0.50, 0.00
193.50, 82.00, 72.00, 0.50, 0.00
194.00, 59.00, 59.00, 1.00, 1.00
194.00, 63.00, 61.00, 1.00, 1.00
194.00, 69.00, 65.00, 1.00, 1.00
194.00, 71.00, 66.00, 1.00, 1.00
194.00, 83.00, 73.00, 0.33, 0.00
194.33, 78.00, 70.00, 0.33, 0.00
194.67, 81.00, 72.00, 0.33, 0.00
195.00, 52.00, 55.00, 1.00, 1.00
195.00, 79.00, 71.00, 0.25, 0.00
195.25, 100.00, 83.00, 0.50, 0.00
196.00, 59.00, 59.00, 1.00, 1.00
196.00, 64.00, 62.00, 1.00, 1.00
196.00, 67.00, 64.00, 1.00, 1.00
196.00, 71.00, 66.00, 1.00, 1.00
196.00, 96.00, 81.00, 0.33, 0.00
196.33, 95.00, 80.00, 0.33, 0.00
196.67, 91.00, 78.00, 0.33, 0.00
197.00, 88.00, 76.00, 0.33, 0.00
197.33, 84.00, 74.00, 0.33, 0.00
197.67, 83.00, 73.00, 0.33, 0.00
198.00, 52.00, 55.00, 1.00, 1.00
198.00, 82.00, 72.00, 0.50, 0.00
198.50, 78.00, 70.00, 0.50, 0.00
199.00, 59.00, 59.00, 1.00, 1.00
199.00, 63.00, 61.00, 1.00, 1.00
199.00, 69.00, 65.00, 1.00, 1.00
199.00, 71.00, 66.00, 1.00, 1.00
199.00, 84.00, 74.00, 0.33, 0.00
199.33, 82.00, 72.00, 0.33, 0.00
199.67, 83.00, 73.00, 0.33, 0.00
200.00, 59.00, 59.00, 1.00, 1.00
200.00, 63.00, 61.00, 1.00, 1.00
200.00, 69.00, 65.00, 1.00, 1.00
200.00, 71.00, 66.00, 1.00, 1.00
200.00, 81.00, 72.00, 0.33, 0.00
200.33, 82.00, 73.00, 0.33, 0.00
200.67, 80.00, 71.00, 0.33, 0.00
201.00, 52.00, 55.00, 3.00, 1.00
201.00, 81.00, 72.00, 0.33, 0.00
201.33, 79.00, 71.00, 0.33, 0.00
201.67, 78.00, 70.00, 0.33, 0.00
202.00, 59.00, 59.00, 2.00, 1.00
202.00, 67.00, 64.00, 2.00, 1.00
202.00, 76.00, 69.00, 2.00, 0.00
