ontime, MNN, MPN, duration, channel
0.00, 52.00, 55.00, 1.50, 1.00
0.00, 61.00, 60.00, 7.50, 0.00
0.00, 67.00, 63.00, 6.00, 0.00
1.50, 51.00, 54.00, 0.50, 1.00
2.00, 52.00, 55.00, 0.75, 1.00
2.75, 51.00, 54.00, 0.25, 1.00
3.00, 52.00, 55.00, 0.75, 1.00
3.75, 51.00, 54.00, 0.25, 1.00
4.00, 52.00, 55.00, 1.00, 1.00
5.00, 51.00, 54.00, 1.00, 1.00
6.00, 45.00, 51.00, 1.50, 1.00
6.00, 63.00, 61.00, 6.00, 0.00
6.00, 66.00, 63.00, 6.00, 0.00
7.50, 44.00, 50.00, 0.50, 1.00
7.50, 60.00, 59.00, 0.50, 0.00
8.00, 45.00, 51.00, 0.75, 1.00
8.00, 61.00, 60.00, 0.75, 0.00
8.75, 44.00, 50.00, 0.25, 1.00
8.75, 60.00, 59.00, 0.25, 0.00
9.00, 45.00, 51.00, 0.75, 1.00
9.00, 61.00, 60.00, 0.75, 0.00
9.75, 44.00, 50.00, 0.25, 1.00
9.75, 60.00, 59.00, 0.25, 0.00
10.00, 45.00, 51.00, 1.00, 1.00
10.00, 61.00, 60.00, 1.00, 0.00
11.00, 44.00, 50.00, 1.00, 1.00
11.00, 60.00, 59.00, 1.00, 0.00
12.00, 37.00, 46.00, 1.00, 1.00
12.00, 44.00, 50.00, 1.00, 1.00
12.00, 52.00, 55.00, 1.00, 1.00
12.00, 61.00, 60.00, 0.50, 0.00
12.00, 64.00, 62.00, 0.50, 0.00
12.50, 66.00, 63.00, 0.50, 0.00
12.50, 69.00, 65.00, 0.17, 0.00
12.67, 71.00, 66.00, 0.17, 0.00
12.83, 69.00, 65.00, 0.17, 0.00
13.00, 37.00, 46.00, 1.00, 1.00
13.00, 44.00, 50.00, 1.00, 1.00
13.00, 52.00, 55.00, 1.00, 1.00
13.00, 64.00, 62.00, 0.50, 0.00
13.00, 68.00, 64.00, 0.50, 0.00
14.00, 37.00, 46.00, 1.00, 1.00
14.00, 44.00, 50.00, 1.00, 1.00
14.00, 52.00, 55.00, 1.00, 1.00
14.00, 73.00, 67.00, 1.00, 0.00
14.00, 76.00, 69.00, 1.00, 0.00
15.00, 37.00, 46.00, 1.00, 1.00
15.00, 44.00, 50.00, 1.00, 1.00
15.00, 54.00, 56.00, 1.00, 1.00
15.00, 72.00, 66.00, 0.50, 0.00
15.00, 75.00, 68.00, 0.50, 0.00
15.75, 70.00, 65.00, 0.25, 0.00
15.75, 73.00, 67.00, 0.25, 0.00
16.00, 37.00, 46.00, 1.00, 1.00
16.00, 44.00, 50.00, 1.00, 1.00
16.00, 54.00, 56.00, 1.00, 1.00
16.00, 72.00, 66.00, 1.00, 0.00
16.00, 75.00, 68.00, 1.00, 0.00
17.00, 37.00, 46.00, 1.00, 1.00
17.00, 44.00, 50.00, 1.00, 1.00
17.00, 52.00, 55.00, 1.00, 1.00
17.00, 73.00, 67.00, 1.00, 0.00
17.00, 76.00, 69.00, 1.00, 0.00
18.00, 37.00, 46.00, 1.00, 1.00
18.00, 44.00, 50.00, 1.00, 1.00
18.00, 52.00, 55.00, 1.00, 1.00
18.00, 64.00, 62.00, 0.50, 0.00
18.00, 68.00, 64.00, 0.50, 0.00
18.50, 66.00, 63.00, 0.50, 0.00
18.50, 69.00, 65.00, 0.17, 0.00
18.67, 71.00, 66.00, 0.17, 0.00
18.83, 69.00, 65.00, 0.17, 0.00
19.00, 37.00, 46.00, 1.00, 1.00
19.00, 44.00, 50.00, 1.00, 1.00
19.00, 52.00, 55.00, 1.00, 1.00
19.00, 64.00, 62.00, 0.50, 0.00
19.00, 68.00, 64.00, 0.50, 0.00
20.00, 37.00, 46.00, 1.00, 1.00
20.00, 44.00, 50.00, 1.00, 1.00
20.00, 52.00, 55.00, 1.00, 1.00
20.00, 73.00, 67.00, 1.00, 0.00
20.00, 76.00, 69.00, 1.00, 0.00
21.00, 37.00, 46.00, 1.00, 1.00
21.00, 44.00, 50.00, 1.00, 1.00
21.00, 54.00, 56.00, 1.00, 1.00
21.00, 72.00, 66.00, 0.50, 0.00
21.00, 75.00, 68.00, 0.50, 0.00
21.75, 70.00, 65.00, 0.25, 0.00
21.75, 73.00, 67.00, 0.25, 0.00
22.00, 37.00, 46.00, 1.00, 1.00
22.00, 44.00, 50.00, 1.00, 1.00
22.00, 54.00, 56.00, 1.00, 1.00
22.00, 72.00, 66.00, 1.00, 0.00
22.00, 75.00, 68.00, 1.00, 0.00
23.00, 37.00, 46.00, 1.00, 1.00
23.00, 44.00, 50.00, 1.00, 1.00
23.00, 52.00, 55.00, 1.00, 1.00
23.00, 73.00, 67.00, 1.00, 0.00
23.00, 76.00, 69.00, 1.00, 0.00
24.00, 32.00, 43.00, 1.00, 1.00
24.00, 75.00, 68.00, 0.50, 0.00
24.00, 78.00, 70.00, 0.50, 0.00
24.75, 76.00, 69.00, 0.25, 0.00
24.75, 80.00, 71.00, 0.25, 0.00
25.00, 44.00, 50.00, 1.00, 1.00
25.00, 51.00, 54.00, 2.00, 1.00
25.00, 54.00, 56.00, 1.00, 1.00
25.00, 60.00, 59.00, 1.00, 1.00
25.00, 78.00, 70.00, 1.00, 0.00
25.00, 81.00, 72.00, 1.00, 0.00
26.00, 44.00, 50.00, 1.00, 1.00
26.00, 54.00, 56.00, 1.00, 1.00
26.00, 60.00, 59.00, 1.00, 1.00
26.00, 78.00, 70.00, 0.50, 0.00
26.00, 81.00, 72.00, 0.50, 0.00
26.50, 76.00, 69.00, 0.50, 0.00
26.50, 80.00, 71.00, 0.50, 0.00
27.00, 44.00, 50.00, 1.00, 1.00
27.00, 51.00, 54.00, 2.00, 1.00
27.00, 54.00, 56.00, 1.00, 1.00
27.00, 60.00, 59.00, 1.00, 1.00
27.00, 75.00, 68.00, 0.50, 0.00
27.00, 78.00, 70.00, 0.50, 0.00
27.75, 73.00, 67.00, 0.25, 0.00
27.75, 76.00, 69.00, 0.25, 0.00
28.00, 44.00, 50.00, 1.00, 1.00
28.00, 54.00, 56.00, 1.00, 1.00
28.00, 60.00, 59.00, 1.00, 1.00
28.00, 75.00, 68.00, 1.00, 0.00
28.00, 78.00, 70.00, 1.00, 0.00
29.00, 44.00, 50.00, 1.00, 1.00
29.00, 52.00, 55.00, 1.00, 1.00
29.00, 61.00, 60.00, 1.00, 1.00
29.00, 76.00, 69.00, 1.00, 0.00
29.00, 80.00, 71.00, 1.00, 0.00
30.00, 32.00, 43.00, 1.00, 1.00
30.00, 75.00, 68.00, 0.50, 0.00
30.00, 78.00, 70.00, 0.50, 0.00
30.75, 76.00, 69.00, 0.25, 0.00
30.75, 80.00, 71.00, 0.25, 0.00
31.00, 44.00, 50.00, 1.00, 1.00
31.00, 51.00, 54.00, 1.00, 1.00
31.00, 54.00, 56.00, 1.00, 1.00
31.00, 60.00, 59.00, 1.00, 1.00
31.00, 78.00, 70.00, 1.00, 0.00
31.00, 81.00, 72.00, 1.00, 0.00
32.00, 78.00, 70.00, 0.50, 0.00
32.00, 81.00, 72.00, 0.50, 0.00
32.50, 76.00, 69.00, 0.50, 0.00
32.50, 80.00, 71.00, 0.50, 0.00
33.00, 75.00, 68.00, 0.50, 0.00
33.00, 78.00, 70.00, 0.50, 0.00
33.50, 73.00, 67.00, 0.50, 0.00
33.50, 76.00, 69.00, 0.50, 0.00
34.00, 72.00, 66.00, 0.50, 0.00
34.00, 75.00, 68.00, 0.50, 0.00
34.50, 69.00, 65.00, 1.00, 0.00
34.50, 73.00, 67.00, 1.00, 0.00
35.50, 66.00, 63.00, 0.50, 0.00
35.50, 69.00, 65.00, 0.50, 0.00
36.00, 37.00, 46.00, 1.00, 1.00
36.00, 44.00, 50.00, 1.00, 1.00
36.00, 52.00, 55.00, 1.00, 1.00
36.00, 64.00, 62.00, 0.50, 0.00
36.00, 68.00, 64.00, 0.50, 0.00
36.50, 66.00, 63.00, 0.50, 0.00
36.50, 69.00, 65.00, 0.17, 0.00
36.67, 71.00, 66.00, 0.17, 0.00
36.83, 69.00, 65.00, 0.17, 0.00
37.00, 37.00, 46.00, 1.00, 1.00
37.00, 44.00, 50.00, 1.00, 1.00
37.00, 52.00, 55.00, 1.00, 1.00
37.00, 64.00, 62.00, 0.50, 0.00
37.00, 68.00, 64.00, 0.50, 0.00
38.00, 37.00, 46.00, 1.00, 1.00
38.00, 44.00, 50.00, 1.00, 1.00
38.00, 52.00, 55.00, 1.00, 1.00
38.00, 73.00, 67.00, 1.00, 0.00
38.00, 76.00, 69.00, 1.00, 0.00
39.00, 37.00, 46.00, 1.00, 1.00
39.00, 44.00, 50.00, 1.00, 1.00
39.00, 54.00, 56.00, 1.00, 1.00
39.00, 72.00, 66.00, 0.50, 0.00
39.00, 75.00, 68.00, 0.50, 0.00
39.75, 70.00, 65.00, 0.25, 0.00
39.75, 73.00, 67.00, 0.25, 0.00
40.00, 37.00, 46.00, 1.00, 1.00
40.00, 44.00, 50.00, 1.00, 1.00
40.00, 54.00, 56.00, 1.00, 1.00
40.00, 72.00, 66.00, 1.00, 0.00
40.00, 75.00, 68.00, 1.00, 0.00
41.00, 37.00, 46.00, 1.00, 1.00
41.00, 44.00, 50.00, 1.00, 1.00
41.00, 52.00, 55.00, 1.00, 1.00
41.00, 73.00, 67.00, 1.00, 0.00
41.00, 76.00, 69.00, 1.00, 0.00
42.00, 37.00, 46.00, 1.00, 1.00
42.00, 44.00, 50.00, 1.00, 1.00
42.00, 52.00, 55.00, 1.00, 1.00
42.00, 64.00, 62.00, 0.50, 0.00
42.00, 68.00, 64.00, 0.50, 0.00
42.50, 66.00, 63.00, 0.50, 0.00
42.50, 69.00, 65.00, 0.17, 0.00
42.67, 71.00, 66.00, 0.17, 0.00
42.83, 69.00, 65.00, 0.17, 0.00
43.00, 37.00, 46.00, 1.00, 1.00
43.00, 44.00, 50.00, 1.00, 1.00
43.00, 52.00, 55.00, 1.00, 1.00
43.00, 64.00, 62.00, 0.50, 0.00
43.00, 68.00, 64.00, 0.50, 0.00
44.00, 37.00, 46.00, 1.00, 1.00
44.00, 44.00, 50.00, 1.00, 1.00
44.00, 52.00, 55.00, 1.00, 1.00
44.00, 73.00, 67.00, 1.00, 0.00
44.00, 76.00, 69.00, 1.00, 0.00
45.00, 37.00, 46.00, 1.00, 1.00
45.00, 44.00, 50.00, 1.00, 1.00
45.00, 54.00, 56.00, 1.00, 1.00
45.00, 72.00, 66.00, 0.50, 0.00
45.00, 75.00, 68.00, 0.50, 0.00
45.75, 70.00, 65.00, 0.25, 0.00
45.75, 73.00, 67.00, 0.25, 0.00
46.00, 37.00, 46.00, 1.00, 1.00
46.00, 44.00, 50.00, 1.00, 1.00
46.00, 54.00, 56.00, 1.00, 1.00
46.00, 72.00, 66.00, 1.00, 0.00
46.00, 75.00, 68.00, 1.00, 0.00
47.00, 37.00, 46.00, 1.00, 1.00
47.00, 44.00, 50.00, 1.00, 1.00
47.00, 52.00, 55.00, 1.00, 1.00
47.00, 73.00, 67.00, 1.00, 0.00
47.00, 76.00, 69.00, 1.00, 0.00
48.00, 35.00, 45.00, 1.00, 1.00
48.00, 75.00, 68.00, 0.50, 0.00
48.00, 78.00, 70.00, 0.50, 0.00
48.75, 76.00, 69.00, 0.25, 0.00
48.75, 80.00, 71.00, 0.25, 0.00
49.00, 47.00, 52.00, 1.00, 1.00
49.00, 54.00, 56.00, 4.00, 1.00
49.00, 57.00, 58.00, 1.00, 1.00
49.00, 63.00, 61.00, 1.00, 1.00
49.00, 78.00, 70.00, 1.00, 0.00
49.00, 81.00, 72.00, 1.00, 0.00
50.00, 47.00, 52.00, 1.00, 1.00
50.00, 57.00, 58.00, 1.00, 1.00
50.00, 63.00, 61.00, 1.00, 1.00
50.00, 78.00, 70.00, 0.50, 0.00
50.00, 81.00, 72.00, 0.50, 0.00
50.50, 76.00, 69.00, 0.50, 0.00
50.50, 80.00, 71.00, 0.50, 0.00
51.00, 47.00, 52.00, 1.00, 1.00
51.00, 57.00, 58.00, 1.00, 1.00
51.00, 63.00, 61.00, 1.00, 1.00
51.00, 75.00, 68.00, 0.50, 0.00
51.00, 78.00, 70.00, 0.50, 0.00
51.75, 73.00, 67.00, 0.25, 0.00
51.75, 76.00, 69.00, 0.25, 0.00
52.00, 47.00, 52.00, 1.00, 1.00
52.00, 57.00, 58.00, 1.00, 1.00
52.00, 63.00, 61.00, 1.00, 1.00
52.00, 75.00, 68.00, 1.00, 0.00
52.00, 78.00, 70.00, 1.00, 0.00
53.00, 47.00, 52.00, 1.00, 1.00
53.00, 52.00, 55.00, 1.00, 1.00
53.00, 56.00, 57.00, 1.00, 1.00
53.00, 64.00, 62.00, 1.00, 1.00
53.00, 76.00, 69.00, 1.00, 0.00
53.00, 80.00, 71.00, 1.00, 0.00
54.00, 47.00, 52.00, 1.00, 1.00
54.00, 54.00, 56.00, 5.00, 1.00
54.00, 57.00, 58.00, 1.00, 1.00
54.00, 63.00, 61.00, 1.00, 1.00
54.00, 75.00, 68.00, 0.40, 0.00
54.00, 78.00, 70.00, 0.40, 0.00
54.40, 76.00, 69.00, 0.40, 0.00
54.40, 80.00, 71.00, 0.40, 0.00
54.80, 78.00, 70.00, 0.40, 0.00
54.80, 81.00, 72.00, 0.40, 0.00
55.00, 47.00, 52.00, 1.00, 1.00
55.00, 57.00, 58.00, 1.00, 1.00
55.00, 63.00, 61.00, 1.00, 1.00
55.20, 80.00, 71.00, 0.40, 0.00
55.20, 83.00, 73.00, 0.40, 0.00
55.60, 83.00, 73.00, 0.40, 0.00
55.60, 87.00, 75.00, 0.40, 0.00
56.00, 81.00, 72.00, 0.50, 0.00
56.00, 85.00, 74.00, 0.50, 0.00
56.50, 78.00, 70.00, 0.50, 0.00
56.50, 81.00, 72.00, 0.50, 0.00
57.00, 47.00, 52.00, 1.00, 1.00
57.00, 57.00, 58.00, 1.00, 1.00
57.00, 63.00, 61.00, 1.00, 1.00
57.00, 75.00, 68.00, 0.50, 0.00
57.00, 78.00, 70.00, 0.50, 0.00
57.75, 73.00, 67.00, 0.25, 0.00
57.75, 76.00, 69.00, 0.25, 0.00
58.00, 47.00, 52.00, 1.00, 1.00
58.00, 57.00, 58.00, 1.00, 1.00
58.00, 63.00, 61.00, 1.00, 1.00
58.00, 75.00, 68.00, 1.00, 0.00
58.00, 78.00, 70.00, 1.00, 0.00
59.00, 52.00, 55.00, 1.00, 1.00
59.00, 56.00, 57.00, 1.00, 1.00
59.00, 64.00, 62.00, 1.00, 1.00
59.00, 76.00, 69.00, 1.00, 0.00
59.00, 80.00, 71.00, 1.00, 0.00
60.00, 42.00, 49.00, 1.00, 1.00
60.00, 74.00, 68.00, 0.50, 0.00
60.00, 78.00, 70.00, 0.50, 0.00
60.75, 69.00, 65.00, 0.25, 0.00
61.00, 54.00, 56.00, 1.00, 1.00
61.00, 57.00, 58.00, 1.00, 1.00
61.00, 62.00, 61.00, 1.00, 1.00
61.00, 74.00, 68.00, 1.50, 0.00
61.00, 78.00, 70.00, 1.50, 0.00
62.50, 73.00, 67.00, 0.50, 0.00
62.50, 76.00, 69.00, 0.50, 0.00
63.00, 56.00, 57.00, 1.00, 1.00
63.00, 63.00, 61.00, 1.00, 1.00
63.00, 66.00, 63.00, 1.00, 1.00
63.00, 72.00, 66.00, 0.50, 0.00
63.00, 75.00, 68.00, 0.50, 0.00
63.75, 70.00, 65.00, 0.25, 0.00
63.75, 73.00, 67.00, 0.25, 0.00
64.00, 56.00, 57.00, 1.00, 1.00
64.00, 63.00, 61.00, 1.00, 1.00
64.00, 66.00, 63.00, 1.00, 1.00
64.00, 72.00, 66.00, 1.00, 0.00
64.00, 75.00, 68.00, 1.00, 0.00
65.00, 61.00, 60.00, 1.00, 1.00
65.00, 64.00, 62.00, 1.00, 1.00
65.00, 73.00, 67.00, 1.00, 0.00
65.00, 76.00, 69.00, 1.00, 0.00
66.00, 42.00, 49.00, 1.00, 1.00
66.00, 69.00, 65.00, 1.00, 0.00
67.00, 54.00, 56.00, 0.50, 1.00
67.00, 62.00, 61.00, 0.50, 1.00
67.00, 69.00, 65.00, 0.50, 1.00
67.00, 86.00, 75.00, 0.50, 0.00
67.00, 90.00, 77.00, 0.50, 0.00
68.50, 73.00, 67.00, 0.50, 0.00
68.50, 76.00, 69.00, 0.50, 0.00
69.00, 56.00, 57.00, 1.00, 1.00
69.00, 63.00, 61.00, 1.00, 1.00
69.00, 66.00, 63.00, 1.00, 1.00
69.00, 72.00, 66.00, 0.50, 0.00
69.00, 75.00, 68.00, 0.50, 0.00
69.75, 70.00, 65.00, 0.25, 0.00
69.75, 73.00, 67.00, 0.25, 0.00
70.00, 56.00, 57.00, 1.00, 1.00
70.00, 63.00, 61.00, 1.00, 1.00
70.00, 66.00, 63.00, 1.00, 1.00
70.00, 72.00, 66.00, 1.00, 0.00
70.00, 75.00, 68.00, 1.00, 0.00
71.00, 61.00, 60.00, 1.00, 1.00
71.00, 64.00, 62.00, 1.00, 1.00
71.00, 73.00, 67.00, 1.00, 0.00
71.00, 76.00, 69.00, 1.00, 0.00
72.00, 42.00, 49.00, 1.00, 1.00
72.00, 69.00, 65.00, 1.00, 0.00
73.00, 54.00, 56.00, 0.50, 1.00
73.00, 62.00, 61.00, 0.50, 1.00
73.00, 69.00, 65.00, 0.50, 1.00
73.00, 93.00, 79.00, 0.50, 0.00
74.50, 73.00, 67.00, 0.50, 0.00
74.50, 76.00, 69.00, 0.50, 0.00
75.00, 56.00, 57.00, 1.00, 1.00
75.00, 63.00, 61.00, 1.00, 1.00
75.00, 66.00, 63.00, 1.00, 1.00
75.00, 72.00, 66.00, 0.50, 0.00
75.00, 75.00, 68.00, 0.50, 0.00
75.75, 70.00, 65.00, 0.25, 0.00
75.75, 73.00, 67.00, 0.25, 0.00
76.00, 56.00, 57.00, 1.00, 1.00
76.00, 63.00, 61.00, 1.00, 1.00
76.00, 66.00, 63.00, 1.00, 1.00
76.00, 72.00, 66.00, 1.00, 0.00
76.00, 75.00, 68.00, 1.00, 0.00
77.00, 61.00, 60.00, 1.00, 1.00
77.00, 64.00, 62.00, 1.00, 1.00
77.00, 73.00, 67.00, 1.00, 0.00
77.00, 76.00, 69.00, 1.00, 0.00
78.00, 42.00, 49.00, 1.00, 1.00
78.00, 69.00, 65.00, 1.00, 0.00
79.00, 54.00, 56.00, 0.50, 1.00
79.00, 62.00, 61.00, 0.50, 1.00
79.00, 69.00, 65.00, 0.50, 1.00
79.00, 98.00, 82.00, 0.50, 0.00
80.50, 73.00, 67.00, 0.50, 0.00
80.50, 76.00, 69.00, 0.50, 0.00
81.00, 56.00, 57.00, 1.00, 1.00
81.00, 63.00, 61.00, 1.00, 1.00
81.00, 66.00, 63.00, 1.00, 1.00
81.00, 72.00, 66.00, 0.50, 0.00
81.00, 75.00, 68.00, 0.50, 0.00
81.75, 70.00, 65.00, 0.25, 0.00
81.75, 73.00, 67.00, 0.25, 0.00
82.00, 56.00, 57.00, 1.00, 1.00
82.00, 63.00, 61.00, 1.00, 1.00
82.00, 66.00, 63.00, 1.00, 1.00
82.00, 72.00, 66.00, 1.00, 0.00
82.00, 75.00, 68.00, 1.00, 0.00
83.00, 61.00, 60.00, 1.00, 1.00
83.00, 64.00, 62.00, 1.00, 1.00
83.00, 73.00, 67.00, 1.00, 0.00
83.00, 76.00, 69.00, 1.00, 0.00
84.00, 56.00, 57.00, 1.00, 1.00
84.00, 63.00, 61.00, 1.00, 1.00
84.00, 72.00, 66.00, 0.50, 0.00
84.00, 75.00, 68.00, 0.50, 0.00
84.50, 70.00, 65.00, 0.50, 0.00
84.50, 73.00, 67.00, 0.50, 0.00
85.00, 56.00, 57.00, 1.00, 1.00
85.00, 63.00, 61.00, 1.00, 1.00
85.00, 72.00, 66.00, 1.00, 0.00
85.00, 75.00, 68.00, 1.00, 0.00
86.00, 61.00, 60.00, 1.00, 1.00
86.00, 64.00, 62.00, 1.00, 1.00
86.00, 73.00, 67.00, 1.00, 0.00
86.00, 76.00, 69.00, 1.00, 0.00
87.00, 56.00, 57.00, 1.00, 1.00
87.00, 63.00, 61.00, 1.00, 1.00
87.00, 72.00, 66.00, 0.50, 0.00
87.00, 75.00, 68.00, 0.50, 0.00
87.50, 70.00, 65.00, 0.50, 0.00
87.50, 73.00, 67.00, 0.50, 0.00
88.00, 56.00, 57.00, 1.00, 1.00
88.00, 63.00, 61.00, 1.00, 1.00
88.00, 72.00, 66.00, 1.00, 0.00
88.00, 75.00, 68.00, 1.00, 0.00
89.00, 61.00, 60.00, 1.00, 1.00
89.00, 64.00, 62.00, 1.00, 1.00
89.00, 73.00, 67.00, 1.00, 0.00
89.00, 76.00, 69.00, 1.00, 0.00
90.00, 56.00, 57.00, 3.00, 1.00
90.00, 63.00, 61.00, 3.00, 1.00
90.00, 72.00, 66.00, 3.00, 0.00
90.00, 75.00, 68.00, 3.00, 0.00
91.00, 68.00, 64.00, 2.00, 1.00
91.00, 80.00, 71.00, 2.00, 0.00
93.00, 68.00, 64.00, 1.00, 1.00
93.00, 80.00, 71.00, 1.00, 0.00
94.00, 68.00, 64.00, 2.00, 1.00
94.00, 80.00, 71.00, 2.00, 0.00
96.00, 44.00, 50.00, 0.50, 1.00
96.00, 78.00, 70.00, 2.00, 0.00
96.75, 55.00, 56.00, 0.25, 1.00
97.00, 56.00, 57.00, 1.00, 1.00
97.00, 60.00, 59.00, 1.00, 1.00
97.00, 66.00, 63.00, 1.00, 1.00
98.00, 44.00, 50.00, 1.00, 1.00
98.00, 76.00, 69.00, 0.50, 0.00
98.50, 75.00, 68.00, 0.50, 0.00
99.00, 49.00, 53.00, 0.75, 1.00
99.00, 76.00, 69.00, 0.50, 0.00
99.75, 55.00, 56.00, 0.25, 1.00
99.75, 76.00, 69.00, 0.25, 0.00
100.00, 56.00, 57.00, 1.00, 1.00
100.00, 61.00, 60.00, 1.00, 1.00
100.00, 64.00, 62.00, 1.00, 1.00
100.00, 73.00, 67.00, 1.00, 0.00
101.00, 49.00, 53.00, 1.00, 1.00
101.00, 80.00, 71.00, 1.00, 0.00
102.00, 44.00, 50.00, 0.50, 1.00
102.00, 78.00, 70.00, 2.00, 0.00
102.75, 55.00, 56.00, 0.25, 1.00
103.00, 56.00, 57.00, 1.00, 1.00
103.00, 60.00, 59.00, 1.00, 1.00
103.00, 66.00, 63.00, 1.00, 1.00
104.00, 44.00, 50.00, 1.00, 1.00
104.00, 76.00, 69.00, 0.50, 0.00
104.50, 75.00, 68.00, 0.50, 0.00
105.00, 49.00, 53.00, 0.50, 1.00
105.00, 76.00, 69.00, 0.50, 0.00
105.75, 55.00, 56.00, 0.25, 1.00
105.75, 76.00, 69.00, 0.25, 0.00
106.00, 56.00, 57.00, 1.00, 1.00
106.00, 61.00, 60.00, 1.00, 1.00
106.00, 64.00, 62.00, 1.00, 1.00
106.00, 73.00, 67.00, 1.00, 0.00
107.00, 49.00, 53.00, 1.00, 1.00
107.00, 68.00, 64.00, 1.00, 0.00
108.00, 44.00, 50.00, 0.50, 1.00
108.00, 78.00, 70.00, 2.00, 0.00
108.75, 55.00, 56.00, 0.25, 1.00
109.00, 56.00, 57.00, 1.00, 1.00
109.00, 60.00, 59.00, 1.00, 1.00
109.00, 66.00, 63.00, 1.00, 1.00
110.00, 44.00, 50.00, 1.00, 1.00
110.00, 76.00, 69.00, 0.50, 0.00
110.50, 75.00, 68.00, 0.50, 0.00
111.00, 49.00, 53.00, 0.50, 1.00
111.00, 76.00, 69.00, 0.50, 0.00
111.75, 55.00, 56.00, 0.25, 1.00
111.75, 76.00, 69.00, 0.25, 0.00
112.00, 56.00, 57.00, 1.00, 1.00
112.00, 61.00, 60.00, 1.00, 1.00
112.00, 64.00, 62.00, 1.00, 1.00
112.00, 73.00, 67.00, 1.00, 0.00
113.00, 49.00, 53.00, 1.00, 1.00
113.00, 80.00, 71.00, 1.00, 0.00
114.00, 32.00, 43.00, 0.50, 1.00
114.00, 68.00, 64.00, 6.00, 0.00
114.75, 50.00, 53.00, 0.25, 1.00
115.00, 51.00, 54.00, 1.00, 1.00
115.00, 56.00, 57.00, 1.00, 1.00
115.00, 59.00, 59.00, 1.00, 1.00
116.00, 44.00, 50.00, 1.00, 1.00
117.00, 32.00, 43.00, 0.50, 1.00
117.75, 50.00, 53.00, 0.25, 1.00
118.00, 51.00, 54.00, 1.00, 1.00
118.00, 56.00, 57.00, 1.00, 1.00
118.00, 59.00, 59.00, 1.00, 1.00
119.00, 44.00, 50.00, 1.00, 1.00
120.00, 39.00, 47.00, 0.50, 1.00
120.00, 73.00, 67.00, 2.00, 0.00
120.75, 50.00, 53.00, 0.25, 1.00
121.00, 51.00, 54.00, 1.00, 1.00
121.00, 55.00, 56.00, 1.00, 1.00
121.00, 61.00, 60.00, 1.00, 1.00
122.00, 39.00, 47.00, 1.00, 1.00
122.00, 71.00, 66.00, 0.50, 0.00
122.50, 70.00, 65.00, 0.50, 0.00
123.00, 44.00, 50.00, 0.50, 1.00
123.00, 71.00, 66.00, 0.50, 0.00
123.75, 50.00, 53.00, 0.25, 1.00
123.75, 71.00, 66.00, 0.25, 0.00
124.00, 51.00, 54.00, 1.00, 1.00
124.00, 56.00, 57.00, 1.00, 1.00
124.00, 59.00, 59.00, 1.00, 1.00
124.00, 68.00, 64.00, 1.00, 0.00
125.00, 44.00, 50.00, 1.00, 1.00
125.00, 75.00, 68.00, 1.00, 0.00
126.00, 39.00, 47.00, 0.50, 1.00
126.00, 73.00, 67.00, 2.00, 0.00
126.75, 50.00, 53.00, 0.25, 1.00
127.00, 51.00, 54.00, 1.00, 1.00
127.00, 55.00, 56.00, 1.00, 1.00
127.00, 61.00, 60.00, 1.00, 1.00
128.00, 39.00, 47.00, 1.00, 1.00
128.00, 71.00, 66.00, 0.50, 0.00
128.50, 70.00, 65.00, 0.50, 0.00
129.00, 44.00, 50.00, 0.50, 1.00
129.00, 71.00, 66.00, 0.50, 0.00
129.75, 50.00, 53.00, 0.25, 1.00
129.75, 71.00, 66.00, 0.25, 0.00
130.00, 51.00, 54.00, 1.00, 1.00
130.00, 56.00, 57.00, 1.00, 1.00
130.00, 59.00, 59.00, 1.00, 1.00
130.00, 68.00, 64.00, 1.00, 0.00
131.00, 44.00, 50.00, 1.00, 1.00
131.00, 63.00, 61.00, 1.00, 0.00
132.00, 39.00, 47.00, 0.50, 1.00
132.00, 73.00, 67.00, 2.00, 0.00
132.75, 50.00, 53.00, 0.25, 1.00
133.00, 51.00, 54.00, 1.00, 1.00
133.00, 55.00, 56.00, 1.00, 1.00
133.00, 61.00, 60.00, 1.00, 1.00
134.00, 39.00, 47.00, 1.00, 1.00
134.00, 71.00, 66.00, 0.50, 0.00
134.50, 70.00, 65.00, 0.50, 0.00
135.00, 44.00, 50.00, 0.50, 1.00
135.00, 71.00, 66.00, 0.50, 0.00
135.75, 50.00, 53.00, 0.25, 1.00
135.75, 71.00, 66.00, 0.25, 0.00
136.00, 51.00, 54.00, 1.00, 1.00
136.00, 56.00, 57.00, 1.00, 1.00
136.00, 59.00, 59.00, 1.00, 1.00
136.00, 68.00, 64.00, 1.00, 0.00
137.00, 63.00, 61.00, 1.00, 1.00
137.00, 75.00, 68.00, 1.00, 0.00
138.00, 59.00, 59.00, 0.75, 1.00
138.00, 71.00, 66.00, 0.75, 0.00
138.75, 59.00, 59.00, 0.25, 1.00
138.75, 71.00, 66.00, 0.25, 0.00
139.00, 56.00, 57.00, 1.00, 1.00
139.00, 68.00, 64.00, 1.00, 0.00
140.00, 63.00, 61.00, 1.00, 1.00
140.00, 75.00, 68.00, 1.00, 0.00
141.00, 66.00, 63.00, 0.75, 1.00
141.00, 78.00, 70.00, 0.75, 0.00
141.75, 68.00, 64.00, 0.25, 1.00
141.75, 80.00, 71.00, 0.25, 0.00
142.00, 66.00, 63.00, 0.50, 1.00
142.00, 78.00, 70.00, 0.75, 0.00
142.75, 80.00, 71.00, 0.25, 0.00
143.00, 78.00, 70.00, 0.75, 0.00
143.75, 80.00, 71.00, 0.25, 0.00
144.00, 44.00, 50.00, 0.50, 1.00
144.00, 78.00, 70.00, 2.00, 0.00
144.75, 55.00, 56.00, 0.25, 1.00
145.00, 56.00, 57.00, 1.00, 1.00
145.00, 60.00, 59.00, 1.00, 1.00
145.00, 66.00, 63.00, 1.00, 1.00
146.00, 44.00, 50.00, 1.00, 1.00
146.00, 76.00, 69.00, 0.50, 0.00
146.50, 75.00, 68.00, 0.50, 0.00
147.00, 49.00, 53.00, 0.50, 1.00
147.00, 76.00, 69.00, 0.50, 0.00
147.75, 55.00, 56.00, 0.25, 1.00
147.75, 76.00, 69.00, 0.25, 0.00
148.00, 56.00, 57.00, 1.00, 1.00
148.00, 61.00, 60.00, 1.00, 1.00
148.00, 64.00, 62.00, 1.00, 1.00
148.00, 73.00, 67.00, 1.00, 0.00
149.00, 49.00, 53.00, 1.00, 1.00
149.00, 80.00, 71.00, 7.00, 0.00
150.00, 44.00, 50.00, 0.50, 1.00
150.00, 78.00, 70.00, 2.00, 0.00
150.75, 55.00, 56.00, 0.25, 1.00
151.00, 56.00, 57.00, 1.00, 1.00
151.00, 60.00, 59.00, 1.00, 1.00
151.00, 66.00, 63.00, 1.00, 1.00
152.00, 44.00, 50.00, 1.00, 1.00
152.00, 76.00, 69.00, 0.50, 0.00
152.50, 75.00, 68.00, 0.50, 0.00
153.00, 49.00, 53.00, 0.50, 1.00
153.00, 76.00, 69.00, 0.50, 0.00
153.75, 55.00, 56.00, 0.25, 1.00
153.75, 76.00, 69.00, 0.25, 0.00
154.00, 56.00, 57.00, 1.00, 1.00
154.00, 61.00, 60.00, 1.00, 1.00
154.00, 64.00, 62.00, 1.00, 1.00
154.00, 73.00, 67.00, 1.00, 0.00
155.00, 49.00, 53.00, 1.00, 1.00
155.00, 68.00, 64.00, 7.00, 0.00
156.00, 44.00, 50.00, 0.50, 1.00
156.00, 78.00, 70.00, 2.00, 0.00
156.75, 55.00, 56.00, 0.25, 1.00
157.00, 56.00, 57.00, 1.00, 1.00
157.00, 60.00, 59.00, 1.00, 1.00
157.00, 66.00, 63.00, 1.00, 1.00
158.00, 44.00, 50.00, 1.00, 1.00
158.00, 76.00, 69.00, 0.50, 0.00
158.50, 75.00, 68.00, 0.50, 0.00
159.00, 49.00, 53.00, 0.50, 1.00
159.00, 76.00, 69.00, 0.50, 0.00
159.75, 55.00, 56.00, 0.25, 1.00
159.75, 76.00, 69.00, 0.25, 0.00
160.00, 56.00, 57.00, 1.00, 1.00
160.00, 61.00, 60.00, 1.00, 1.00
160.00, 64.00, 62.00, 1.00, 1.00
160.00, 73.00, 67.00, 1.00, 0.00
161.00, 49.00, 53.00, 1.00, 1.00
161.00, 80.00, 71.00, 1.00, 0.00
162.00, 44.00, 50.00, 0.50, 1.00
162.00, 68.00, 64.00, 6.00, 0.00
162.75, 50.00, 53.00, 0.25, 1.00
163.00, 51.00, 54.00, 1.00, 1.00
163.00, 56.00, 57.00, 1.00, 1.00
163.00, 59.00, 59.00, 1.00, 1.00
164.00, 44.00, 50.00, 1.00, 1.00
165.00, 32.00, 43.00, 0.50, 1.00
165.75, 50.00, 53.00, 0.25, 1.00
166.00, 51.00, 54.00, 1.00, 1.00
166.00, 56.00, 57.00, 1.00, 1.00
166.00, 59.00, 59.00, 1.00, 1.00
167.00, 44.00, 50.00, 1.00, 1.00
168.00, 39.00, 47.00, 0.50, 1.00
168.00, 73.00, 67.00, 2.00, 0.00
168.75, 50.00, 53.00, 0.25, 1.00
169.00, 51.00, 54.00, 1.00, 1.00
169.00, 55.00, 56.00, 1.00, 1.00
169.00, 61.00, 60.00, 1.00, 1.00
170.00, 39.00, 47.00, 1.00, 1.00
170.00, 71.00, 66.00, 0.50, 0.00
170.50, 70.00, 65.00, 0.50, 0.00
171.00, 44.00, 50.00, 0.50, 1.00
171.00, 71.00, 66.00, 0.50, 0.00
171.75, 50.00, 53.00, 0.25, 1.00
171.75, 71.00, 66.00, 0.25, 0.00
172.00, 51.00, 54.00, 1.00, 1.00
172.00, 56.00, 57.00, 1.00, 1.00
172.00, 59.00, 59.00, 1.00, 1.00
172.00, 68.00, 64.00, 1.00, 0.00
173.00, 44.00, 50.00, 1.00, 1.00
173.00, 75.00, 68.00, 7.00, 0.00
174.00, 39.00, 47.00, 0.50, 1.00
174.00, 73.00, 67.00, 2.00, 0.00
174.75, 50.00, 53.00, 0.25, 1.00
175.00, 51.00, 54.00, 1.00, 1.00
175.00, 55.00, 56.00, 1.00, 1.00
175.00, 61.00, 60.00, 1.00, 1.00
176.00, 39.00, 47.00, 1.00, 1.00
176.00, 71.00, 66.00, 0.50, 0.00
176.50, 70.00, 65.00, 0.50, 0.00
177.00, 44.00, 50.00, 0.50, 1.00
177.00, 71.00, 66.00, 0.50, 0.00
177.75, 50.00, 53.00, 0.25, 1.00
177.75, 71.00, 66.00, 0.25, 0.00
178.00, 51.00, 54.00, 1.00, 1.00
178.00, 56.00, 57.00, 1.00, 1.00
178.00, 59.00, 59.00, 1.00, 1.00
178.00, 68.00, 64.00, 1.00, 0.00
179.00, 44.00, 50.00, 1.00, 1.00
179.00, 63.00, 61.00, 4.00, 0.00
180.00, 39.00, 47.00, 0.50, 1.00
180.00, 73.00, 67.00, 2.00, 0.00
180.75, 50.00, 53.00, 0.25, 1.00
181.00, 51.00, 54.00, 1.00, 1.00
181.00, 55.00, 56.00, 1.00, 1.00
181.00, 61.00, 60.00, 1.00, 1.00
182.00, 39.00, 47.00, 1.00, 1.00
182.00, 71.00, 66.00, 0.50, 0.00
182.50, 70.00, 65.00, 0.50, 0.00
183.00, 44.00, 50.00, 0.50, 1.00
183.00, 71.00, 66.00, 0.50, 0.00
183.75, 50.00, 53.00, 0.25, 1.00
183.75, 71.00, 66.00, 0.25, 0.00
184.00, 51.00, 54.00, 1.00, 1.00
184.00, 56.00, 57.00, 1.00, 1.00
184.00, 59.00, 59.00, 1.00, 1.00
184.00, 68.00, 64.00, 1.00, 0.00
185.00, 63.00, 61.00, 1.00, 1.00
185.00, 75.00, 68.00, 1.00, 0.00
186.00, 59.00, 59.00, 0.75, 1.00
186.00, 71.00, 66.00, 0.75, 0.00
186.75, 59.00, 59.00, 0.25, 1.00
186.75, 71.00, 66.00, 0.25, 0.00
187.00, 56.00, 57.00, 2.00, 1.00
187.00, 68.00, 64.00, 2.00, 0.00
188.00, 63.00, 61.00, 1.00, 1.00
188.00, 75.00, 68.00, 1.00, 0.00
189.00, 59.00, 59.00, 0.75, 1.00
189.00, 71.00, 66.00, 0.75, 0.00
189.75, 59.00, 59.00, 0.25, 1.00
189.75, 71.00, 66.00, 0.25, 0.00
190.00, 55.00, 57.00, 2.00, 1.00
190.00, 67.00, 64.00, 3.00, 0.00
191.00, 63.00, 61.00, 1.00, 1.00
191.00, 75.00, 68.00, 1.00, 0.00
192.00, 42.00, 49.00, 1.00, 1.00
192.00, 75.00, 68.00, 1.50, 0.00
193.00, 54.00, 56.00, 1.00, 1.00
193.00, 58.00, 58.00, 1.00, 1.00
193.00, 64.00, 62.00, 1.00, 1.00
193.00, 66.00, 63.00, 1.00, 0.00
193.50, 73.00, 67.00, 0.50, 0.00
194.00, 54.00, 56.00, 1.00, 1.00
194.00, 58.00, 58.00, 1.00, 1.00
194.00, 64.00, 62.00, 1.00, 1.00
194.00, 66.00, 63.00, 2.00, 0.00
194.00, 72.00, 66.00, 0.50, 0.00
194.50, 73.00, 67.00, 0.50, 0.00
195.00, 47.00, 52.00, 1.00, 1.00
195.00, 76.00, 69.00, 1.50, 0.00
196.00, 54.00, 56.00, 1.00, 1.00
196.00, 59.00, 59.00, 1.00, 1.00
196.00, 63.00, 61.00, 1.00, 1.00
196.00, 66.00, 63.00, 1.00, 0.00
196.00, 71.00, 66.00, 1.00, 0.00
196.50, 75.00, 68.00, 0.50, 0.00
197.00, 54.00, 56.00, 1.00, 1.00
197.00, 59.00, 59.00, 1.00, 1.00
197.00, 63.00, 61.00, 1.00, 1.00
197.00, 66.00, 63.00, 2.00, 0.00
197.00, 71.00, 66.00, 1.00, 0.00
197.00, 75.00, 68.00, 1.00, 0.00
198.00, 46.00, 51.00, 1.00, 1.00
198.00, 78.00, 70.00, 1.50, 0.00
199.00, 54.00, 56.00, 1.00, 1.00
199.00, 61.00, 60.00, 1.00, 1.00
199.00, 64.00, 62.00, 1.00, 1.00
199.00, 66.00, 63.00, 1.00, 0.00
199.00, 73.00, 67.00, 1.00, 0.00
199.50, 78.00, 70.00, 0.50, 0.00
200.00, 54.00, 56.00, 1.00, 1.00
200.00, 61.00, 60.00, 1.00, 1.00
200.00, 64.00, 62.00, 1.00, 1.00
200.00, 66.00, 63.00, 2.00, 0.00
200.00, 73.00, 67.00, 1.00, 0.00
200.00, 77.00, 69.00, 0.75, 0.00
200.75, 76.00, 69.00, 0.25, 0.00
201.00, 47.00, 52.00, 1.00, 1.00
201.00, 76.00, 69.00, 2.00, 0.00
202.00, 54.00, 56.00, 1.00, 1.00
202.00, 59.00, 59.00, 1.00, 1.00
202.00, 63.00, 61.00, 1.00, 1.00
202.00, 66.00, 63.00, 1.00, 0.00
202.00, 71.00, 66.00, 1.00, 0.00
203.00, 54.00, 56.00, 1.00, 1.00
203.00, 59.00, 59.00, 1.00, 1.00
203.00, 63.00, 61.00, 1.00, 1.00
203.00, 66.00, 63.00, 1.00, 0.00
203.00, 71.00, 66.00, 1.00, 0.00
203.00, 75.00, 68.00, 1.00, 0.00
204.00, 46.00, 51.00, 1.00, 1.00
204.00, 78.00, 70.00, 0.50, 0.00
204.50, 77.00, 69.00, 0.50, 0.00
205.00, 58.00, 58.00, 1.00, 1.00
205.00, 65.00, 62.00, 1.00, 1.00
205.00, 68.00, 64.00, 1.00, 0.00
205.00, 74.00, 67.00, 1.00, 0.00
205.00, 76.00, 68.00, 1.00, 0.00
206.00, 58.00, 58.00, 1.00, 1.00
206.00, 65.00, 62.00, 1.00, 1.00
206.00, 68.00, 64.00, 1.00, 0.00
206.00, 74.00, 67.00, 1.00, 0.00
206.00, 77.00, 69.00, 1.00, 0.00
207.00, 39.00, 47.00, 1.00, 1.00
207.00, 80.00, 71.00, 1.50, 0.00
208.00, 51.00, 54.00, 1.00, 1.00
208.00, 58.00, 58.00, 1.00, 1.00
208.00, 66.00, 63.00, 1.00, 1.00
208.00, 70.00, 65.00, 1.00, 0.00
208.00, 75.00, 68.00, 1.00, 0.00
208.50, 78.00, 70.00, 0.50, 0.00
209.00, 51.00, 54.00, 1.00, 1.00
209.00, 58.00, 58.00, 1.00, 1.00
209.00, 66.00, 63.00, 1.00, 1.00
209.00, 70.00, 65.00, 2.00, 0.00
209.00, 75.00, 68.00, 1.00, 0.00
209.00, 78.00, 70.00, 1.00, 0.00
210.00, 38.00, 46.00, 1.00, 1.00
210.00, 82.00, 72.00, 1.50, 0.00
211.00, 50.00, 53.00, 1.00, 1.00
211.00, 58.00, 58.00, 1.00, 1.00
211.00, 65.00, 62.00, 1.00, 1.00
211.00, 69.00, 65.00, 1.00, 0.00
211.00, 77.00, 69.00, 1.00, 0.00
211.50, 82.00, 72.00, 0.50, 0.00
212.00, 50.00, 53.00, 1.00, 1.00
212.00, 58.00, 58.00, 1.00, 1.00
212.00, 65.00, 62.00, 1.00, 1.00
212.00, 69.00, 65.00, 2.00, 0.00
212.00, 77.00, 69.00, 1.00, 0.00
212.00, 81.00, 71.00, 0.75, 0.00
212.75, 80.00, 71.00, 0.25, 0.00
213.00, 39.00, 47.00, 1.00, 1.00
213.00, 80.00, 71.00, 2.00, 0.00
214.00, 51.00, 54.00, 1.00, 1.00
214.00, 58.00, 58.00, 1.00, 1.00
214.00, 66.00, 63.00, 1.00, 1.00
214.00, 70.00, 65.00, 1.00, 0.00
214.00, 75.00, 68.00, 1.00, 0.00
215.00, 51.00, 54.00, 1.00, 1.00
215.00, 58.00, 58.00, 1.00, 1.00
215.00, 66.00, 63.00, 1.00, 1.00
215.00, 70.00, 65.00, 1.00, 0.00
215.00, 75.00, 68.00, 1.00, 0.00
215.00, 78.00, 70.00, 1.00, 0.00
216.00, 37.00, 46.00, 1.00, 1.00
216.00, 49.00, 53.00, 1.00, 1.00
216.00, 70.00, 65.00, 0.50, 0.00
216.00, 78.00, 70.00, 0.50, 0.00
216.00, 82.00, 72.00, 0.50, 0.00
216.75, 68.00, 64.00, 0.25, 0.00
216.75, 77.00, 69.00, 0.25, 0.00
216.75, 80.00, 71.00, 0.25, 0.00
217.00, 56.00, 57.00, 1.00, 1.00
217.00, 59.00, 59.00, 1.00, 1.00
217.00, 61.00, 60.00, 1.00, 1.00
217.00, 65.00, 62.00, 1.00, 1.00
217.00, 67.00, 63.00, 1.00, 0.00
217.00, 76.00, 68.00, 1.00, 0.00
217.00, 79.00, 70.00, 1.00, 0.00
218.00, 56.00, 57.00, 1.00, 1.00
218.00, 59.00, 59.00, 1.00, 1.00
218.00, 61.00, 60.00, 1.00, 1.00
218.00, 65.00, 62.00, 1.00, 1.00
218.00, 68.00, 64.00, 1.00, 0.00
218.00, 77.00, 69.00, 1.00, 0.00
218.00, 80.00, 71.00, 1.00, 0.00
219.00, 30.00, 42.00, 0.50, 1.00
219.00, 42.00, 49.00, 0.50, 1.00
219.00, 71.00, 66.00, 0.50, 0.00
219.00, 80.00, 71.00, 0.50, 0.00
219.00, 83.00, 73.00, 0.50, 0.00
219.75, 54.00, 56.00, 0.25, 1.00
219.75, 61.00, 60.00, 0.25, 1.00
219.75, 66.00, 63.00, 0.25, 1.00
219.75, 70.00, 65.00, 0.25, 0.00
219.75, 78.00, 70.00, 0.25, 0.00
219.75, 82.00, 72.00, 0.25, 0.00
220.00, 54.00, 56.00, 2.00, 1.00
220.00, 61.00, 60.00, 2.00, 1.00
220.00, 66.00, 63.00, 2.00, 1.00
220.00, 70.00, 65.00, 2.75, 0.00
220.00, 78.00, 70.00, 2.75, 0.00
220.00, 82.00, 72.00, 2.75, 0.00
222.00, 32.00, 43.00, 1.00, 1.00
222.00, 44.00, 50.00, 1.00, 1.00
222.75, 68.00, 64.00, 0.25, 0.00
222.75, 76.00, 69.00, 0.25, 0.00
222.75, 80.00, 71.00, 0.25, 0.00
223.00, 52.00, 55.00, 1.00, 1.00
223.00, 59.00, 59.00, 1.00, 1.00
223.00, 64.00, 62.00, 1.00, 1.00
223.00, 68.00, 64.00, 1.00, 0.00
223.00, 76.00, 69.00, 1.00, 0.00
223.00, 80.00, 71.00, 1.00, 0.00
224.00, 34.00, 44.00, 1.00, 1.00
224.00, 46.00, 51.00, 1.00, 1.00
224.00, 70.00, 65.00, 0.75, 0.00
224.00, 78.00, 70.00, 0.75, 0.00
224.00, 82.00, 72.00, 0.75, 0.00
224.75, 68.00, 64.00, 0.25, 0.00
224.75, 76.00, 69.00, 0.25, 0.00
224.75, 80.00, 71.00, 0.25, 0.00
225.00, 35.00, 45.00, 0.50, 1.00
225.00, 47.00, 52.00, 0.50, 1.00
225.00, 68.00, 64.00, 0.50, 0.00
225.00, 76.00, 69.00, 0.50, 0.00
225.00, 80.00, 71.00, 0.50, 0.00
225.75, 51.00, 54.00, 0.25, 1.00
225.75, 54.00, 56.00, 0.25, 1.00
225.75, 59.00, 59.00, 0.25, 1.00
225.75, 63.00, 61.00, 0.25, 1.00
225.75, 66.00, 63.00, 0.25, 0.00
225.75, 75.00, 68.00, 0.25, 0.00
225.75, 78.00, 70.00, 0.25, 0.00
226.00, 51.00, 54.00, 2.00, 1.00
226.00, 54.00, 56.00, 2.00, 1.00
226.00, 59.00, 59.00, 2.00, 1.00
226.00, 63.00, 61.00, 2.00, 1.00
226.00, 66.00, 63.00, 2.75, 0.00
226.00, 75.00, 68.00, 2.75, 0.00
226.00, 78.00, 70.00, 2.75, 0.00
228.00, 40.00, 48.00, 0.50, 1.00
228.00, 52.00, 55.00, 0.50, 1.00
228.75, 55.00, 56.00, 0.25, 1.00
228.75, 66.00, 63.00, 0.25, 0.00
228.75, 68.00, 64.00, 0.25, 0.00
229.00, 56.00, 57.00, 1.00, 1.00
229.00, 66.00, 63.00, 1.00, 0.00
229.00, 68.00, 64.00, 1.00, 0.00
230.00, 61.00, 60.00, 1.00, 1.00
230.00, 64.00, 62.00, 1.00, 0.00
230.00, 73.00, 67.00, 1.00, 0.00
230.00, 76.00, 69.00, 1.00, 0.00
231.00, 42.00, 49.00, 0.50, 1.00
231.75, 53.00, 55.00, 0.25, 1.00
231.75, 64.00, 62.00, 0.25, 0.00
231.75, 66.00, 63.00, 0.25, 0.00
232.00, 54.00, 56.00, 1.00, 1.00
232.00, 64.00, 62.00, 1.00, 0.00
232.00, 66.00, 63.00, 1.00, 0.00
233.00, 59.00, 59.00, 1.00, 1.00
233.00, 63.00, 61.00, 1.75, 0.00
233.00, 71.00, 66.00, 1.75, 0.00
233.00, 75.00, 68.00, 1.75, 0.00
234.00, 42.00, 49.00, 1.00, 1.00
234.75, 61.00, 60.00, 0.25, 0.00
234.75, 70.00, 65.00, 0.25, 0.00
234.75, 73.00, 67.00, 0.25, 0.00
235.00, 54.00, 56.00, 1.00, 1.00
235.00, 58.00, 58.00, 1.00, 1.00
235.00, 60.00, 59.00, 1.00, 0.00
235.00, 64.00, 62.00, 1.00, 1.00
235.00, 69.00, 64.00, 1.00, 0.00
235.00, 72.00, 66.00, 1.00, 0.00
236.00, 54.00, 56.00, 1.00, 1.00
236.00, 58.00, 58.00, 1.00, 1.00
236.00, 61.00, 60.00, 1.00, 0.00
236.00, 64.00, 62.00, 1.00, 1.00
236.00, 70.00, 65.00, 1.00, 0.00
236.00, 73.00, 67.00, 1.00, 0.00
237.00, 47.00, 52.00, 2.00, 1.00
237.00, 68.00, 64.00, 2.00, 0.00
237.00, 76.00, 69.00, 2.00, 0.00
237.00, 80.00, 71.00, 2.00, 0.00
238.00, 56.00, 57.00, 1.00, 1.00
238.00, 59.00, 59.00, 1.00, 1.00
238.00, 64.00, 62.00, 1.00, 1.00
239.00, 54.00, 56.00, 1.00, 1.00
239.00, 59.00, 59.00, 1.00, 1.00
239.00, 63.00, 61.00, 1.00, 1.00
239.00, 66.00, 63.00, 2.00, 0.00
239.00, 75.00, 68.00, 1.00, 0.00
239.00, 78.00, 70.00, 1.00, 0.00
240.00, 42.00, 49.00, 1.00, 1.00
240.00, 75.00, 68.00, 1.50, 0.00
241.00, 54.00, 56.00, 1.00, 1.00
241.00, 58.00, 58.00, 1.00, 1.00
241.00, 64.00, 62.00, 1.00, 1.00
241.00, 66.00, 63.00, 1.00, 0.00
241.50, 73.00, 67.00, 0.50, 0.00
242.00, 54.00, 56.00, 1.00, 1.00
242.00, 58.00, 58.00, 1.00, 1.00
242.00, 64.00, 62.00, 1.00, 1.00
242.00, 66.00, 63.00, 2.00, 0.00
242.00, 72.00, 66.00, 0.50, 0.00
242.50, 73.00, 67.00, 0.50, 0.00
243.00, 47.00, 52.00, 1.00, 1.00
243.00, 76.00, 69.00, 1.50, 0.00
244.00, 54.00, 56.00, 1.00, 1.00
244.00, 59.00, 59.00, 1.00, 1.00
244.00, 63.00, 61.00, 1.00, 1.00
244.00, 66.00, 63.00, 1.00, 0.00
244.00, 71.00, 66.00, 1.00, 0.00
244.50, 75.00, 68.00, 0.50, 0.00
245.00, 54.00, 56.00, 1.00, 1.00
245.00, 59.00, 59.00, 1.00, 1.00
245.00, 63.00, 61.00, 1.00, 1.00
245.00, 66.00, 63.00, 2.00, 0.00
245.00, 71.00, 66.00, 1.00, 0.00
245.00, 75.00, 68.00, 1.00, 0.00
246.00, 46.00, 51.00, 1.00, 1.00
246.00, 78.00, 70.00, 1.50, 0.00
247.00, 54.00, 56.00, 1.00, 1.00
247.00, 61.00, 60.00, 1.00, 1.00
247.00, 64.00, 62.00, 1.00, 1.00
247.00, 66.00, 63.00, 1.00, 0.00
247.00, 73.00, 67.00, 1.00, 0.00
247.50, 78.00, 70.00, 0.50, 0.00
248.00, 54.00, 56.00, 1.00, 1.00
248.00, 61.00, 60.00, 1.00, 1.00
248.00, 64.00, 62.00, 1.00, 1.00
248.00, 66.00, 63.00, 2.00, 0.00
248.00, 73.00, 67.00, 1.00, 0.00
248.00, 77.00, 69.00, 0.75, 0.00
248.75, 76.00, 69.00, 0.25, 0.00
249.00, 47.00, 52.00, 1.00, 1.00
249.00, 76.00, 69.00, 2.00, 0.00
250.00, 54.00, 56.00, 1.00, 1.00
250.00, 59.00, 59.00, 1.00, 1.00
250.00, 63.00, 61.00, 1.00, 1.00
250.00, 66.00, 63.00, 1.00, 0.00
250.00, 71.00, 66.00, 1.00, 0.00
251.00, 54.00, 56.00, 1.00, 1.00
251.00, 59.00, 59.00, 1.00, 1.00
251.00, 63.00, 61.00, 1.00, 1.00
251.00, 66.00, 63.00, 1.00, 0.00
251.00, 71.00, 66.00, 1.00, 0.00
251.00, 75.00, 68.00, 1.00, 0.00
252.00, 46.00, 51.00, 1.00, 1.00
252.00, 78.00, 70.00, 0.50, 0.00
252.50, 77.00, 69.00, 0.50, 0.00
253.00, 58.00, 58.00, 1.00, 1.00
253.00, 65.00, 62.00, 1.00, 1.00
253.00, 68.00, 64.00, 1.00, 0.00
253.00, 74.00, 67.00, 1.00, 0.00
253.00, 76.00, 68.00, 1.00, 0.00
254.00, 58.00, 58.00, 1.00, 1.00
254.00, 65.00, 62.00, 1.00, 1.00
254.00, 68.00, 64.00, 1.00, 0.00
254.00, 74.00, 67.00, 1.00, 0.00
254.00, 77.00, 69.00, 1.00, 0.00
255.00, 39.00, 47.00, 1.00, 1.00
255.00, 80.00, 71.00, 1.50, 0.00
256.00, 51.00, 54.00, 1.00, 1.00
256.00, 58.00, 58.00, 1.00, 1.00
256.00, 66.00, 63.00, 1.00, 1.00
256.00, 70.00, 65.00, 1.00, 0.00
256.00, 75.00, 68.00, 1.00, 0.00
256.50, 78.00, 70.00, 0.50, 0.00
257.00, 51.00, 54.00, 1.00, 1.00
257.00, 58.00, 58.00, 1.00, 1.00
257.00, 66.00, 63.00, 1.00, 1.00
257.00, 70.00, 65.00, 2.00, 0.00
257.00, 75.00, 68.00, 1.00, 0.00
257.00, 78.00, 70.00, 1.00, 0.00
258.00, 38.00, 46.00, 1.00, 1.00
258.00, 82.00, 72.00, 1.50, 0.00
259.00, 50.00, 53.00, 1.00, 1.00
259.00, 58.00, 58.00, 1.00, 1.00
259.00, 65.00, 62.00, 1.00, 1.00
259.00, 70.00, 65.00, 1.00, 0.00
259.00, 77.00, 69.00, 1.00, 0.00
259.50, 82.00, 72.00, 0.50, 0.00
260.00, 50.00, 53.00, 1.00, 1.00
260.00, 58.00, 58.00, 1.00, 1.00
260.00, 65.00, 62.00, 1.00, 1.00
260.00, 70.00, 65.00, 2.00, 0.00
260.00, 77.00, 69.00, 1.00, 0.00
260.00, 81.00, 71.00, 0.75, 0.00
260.75, 80.00, 71.00, 0.25, 0.00
261.00, 39.00, 47.00, 1.00, 1.00
261.00, 80.00, 71.00, 2.00, 0.00
262.00, 51.00, 54.00, 1.00, 1.00
262.00, 58.00, 58.00, 1.00, 1.00
262.00, 66.00, 63.00, 1.00, 1.00
262.00, 70.00, 65.00, 1.00, 0.00
262.00, 75.00, 68.00, 1.00, 0.00
263.00, 51.00, 54.00, 1.00, 1.00
263.00, 58.00, 58.00, 1.00, 1.00
263.00, 66.00, 63.00, 1.00, 1.00
263.00, 70.00, 65.00, 1.00, 0.00
263.00, 75.00, 68.00, 1.00, 0.00
263.00, 78.00, 70.00, 1.00, 0.00
264.00, 37.00, 46.00, 1.00, 1.00
264.00, 49.00, 53.00, 1.00, 1.00
264.00, 70.00, 65.00, 0.50, 0.00
264.00, 78.00, 70.00, 0.50, 0.00
264.00, 82.00, 72.00, 0.50, 0.00
264.75, 68.00, 64.00, 0.25, 0.00
264.75, 77.00, 69.00, 0.25, 0.00
264.75, 80.00, 71.00, 0.25, 0.00
265.00, 56.00, 57.00, 1.00, 1.00
265.00, 59.00, 59.00, 1.00, 1.00
265.00, 61.00, 60.00, 1.00, 1.00
265.00, 65.00, 62.00, 1.00, 1.00
265.00, 67.00, 63.00, 1.00, 0.00
265.00, 76.00, 68.00, 1.00, 0.00
265.00, 79.00, 70.00, 1.00, 0.00
266.00, 56.00, 57.00, 1.00, 1.00
266.00, 59.00, 59.00, 1.00, 1.00
266.00, 61.00, 60.00, 1.00, 1.00
266.00, 65.00, 62.00, 1.00, 1.00
266.00, 68.00, 64.00, 1.00, 0.00
266.00, 77.00, 69.00, 1.00, 0.00
266.00, 80.00, 71.00, 1.00, 0.00
267.00, 30.00, 42.00, 0.50, 1.00
267.00, 42.00, 49.00, 0.50, 1.00
267.00, 71.00, 66.00, 0.50, 0.00
267.00, 80.00, 71.00, 0.50, 0.00
267.00, 83.00, 73.00, 0.50, 0.00
267.75, 54.00, 56.00, 0.25, 1.00
267.75, 61.00, 60.00, 0.25, 1.00
267.75, 66.00, 63.00, 0.25, 1.00
267.75, 70.00, 65.00, 0.25, 0.00
267.75, 78.00, 70.00, 0.25, 0.00
267.75, 82.00, 72.00, 0.25, 0.00
268.00, 54.00, 56.00, 1.00, 1.00
268.00, 61.00, 60.00, 1.00, 1.00
268.00, 66.00, 63.00, 1.00, 1.00
268.00, 70.00, 65.00, 1.00, 0.00
268.00, 78.00, 70.00, 1.00, 0.00
268.00, 82.00, 72.00, 1.00, 0.00
270.00, 32.00, 43.00, 1.00, 1.00
270.00, 44.00, 50.00, 1.00, 1.00
270.75, 68.00, 64.00, 0.25, 0.00
270.75, 76.00, 69.00, 0.25, 0.00
270.75, 80.00, 71.00, 0.25, 0.00
271.00, 52.00, 55.00, 1.00, 1.00
271.00, 59.00, 59.00, 1.00, 1.00
271.00, 64.00, 62.00, 1.00, 1.00
271.00, 68.00, 64.00, 1.00, 0.00
271.00, 76.00, 69.00, 1.00, 0.00
271.00, 80.00, 71.00, 1.00, 0.00
272.00, 34.00, 44.00, 1.00, 1.00
272.00, 46.00, 51.00, 1.00, 1.00
272.00, 70.00, 65.00, 0.75, 0.00
272.00, 78.00, 70.00, 0.75, 0.00
272.00, 82.00, 72.00, 0.75, 0.00
272.75, 68.00, 64.00, 0.25, 0.00
272.75, 76.00, 69.00, 0.25, 0.00
272.75, 80.00, 71.00, 0.25, 0.00
273.00, 35.00, 45.00, 0.50, 1.00
273.00, 47.00, 52.00, 0.50, 1.00
273.00, 68.00, 64.00, 0.50, 0.00
273.00, 76.00, 69.00, 0.50, 0.00
273.00, 80.00, 71.00, 0.50, 0.00
273.75, 51.00, 54.00, 0.25, 1.00
273.75, 54.00, 56.00, 0.25, 1.00
273.75, 59.00, 59.00, 0.25, 1.00
273.75, 63.00, 61.00, 0.25, 1.00
273.75, 66.00, 63.00, 0.25, 0.00
273.75, 75.00, 68.00, 0.25, 0.00
273.75, 78.00, 70.00, 0.25, 0.00
274.00, 51.00, 54.00, 1.00, 1.00
274.00, 54.00, 56.00, 1.00, 1.00
274.00, 59.00, 59.00, 1.00, 1.00
274.00, 63.00, 61.00, 1.00, 1.00
274.00, 66.00, 63.00, 1.00, 0.00
274.00, 75.00, 68.00, 1.00, 0.00
274.00, 78.00, 70.00, 1.00, 0.00
276.00, 40.00, 48.00, 0.50, 1.00
276.00, 52.00, 55.00, 0.50, 1.00
276.75, 55.00, 56.00, 0.25, 1.00
276.75, 66.00, 63.00, 0.25, 0.00
276.75, 68.00, 64.00, 0.25, 0.00
277.00, 56.00, 57.00, 1.00, 1.00
277.00, 66.00, 63.00, 1.00, 0.00
277.00, 68.00, 64.00, 1.00, 0.00
278.00, 61.00, 60.00, 1.00, 1.00
278.00, 64.00, 62.00, 1.00, 0.00
278.00, 73.00, 67.00, 1.00, 0.00
278.00, 76.00, 69.00, 1.00, 0.00
279.00, 42.00, 49.00, 0.50, 1.00
279.75, 53.00, 55.00, 0.25, 1.00
279.75, 64.00, 62.00, 0.25, 0.00
279.75, 66.00, 63.00, 0.25, 0.00
280.00, 54.00, 56.00, 1.00, 1.00
280.00, 64.00, 62.00, 1.00, 0.00
280.00, 66.00, 63.00, 1.00, 0.00
281.00, 59.00, 59.00, 1.00, 1.00
281.00, 63.00, 61.00, 2.50, 0.00
281.00, 71.00, 66.00, 2.50, 0.00
281.00, 75.00, 68.00, 2.50, 0.00
282.00, 42.00, 49.00, 1.00, 1.00
283.50, 61.00, 60.00, 0.50, 1.00
283.50, 70.00, 65.00, 0.50, 0.00
283.50, 73.00, 67.00, 0.50, 0.00
284.00, 63.00, 61.00, 0.50, 1.00
284.00, 71.00, 66.00, 0.50, 0.00
284.00, 75.00, 68.00, 0.50, 0.00
284.50, 61.00, 60.00, 0.50, 1.00
284.50, 70.00, 65.00, 0.50, 0.00
284.50, 73.00, 67.00, 0.50, 0.00
285.00, 63.00, 61.00, 0.75, 1.00
285.00, 71.00, 66.00, 0.75, 0.00
285.00, 75.00, 68.00, 0.75, 0.00
285.75, 61.00, 60.00, 0.25, 1.00
285.75, 70.00, 65.00, 0.25, 0.00
285.75, 73.00, 67.00, 0.25, 0.00
286.00, 63.00, 61.00, 1.00, 1.00
286.00, 71.00, 66.00, 1.00, 0.00
286.00, 75.00, 68.00, 1.00, 0.00
287.00, 61.00, 60.00, 1.00, 1.00
287.00, 70.00, 65.00, 1.00, 0.00
287.00, 73.00, 67.00, 1.00, 0.00
288.00, 52.00, 55.00, 1.50, 1.00
288.00, 61.00, 60.00, 7.50, 0.00
288.00, 67.00, 63.00, 6.00, 0.00
289.50, 51.00, 54.00, 0.50, 1.00
290.00, 52.00, 55.00, 0.75, 1.00
290.75, 51.00, 54.00, 0.25, 1.00
291.00, 52.00, 55.00, 0.75, 1.00
291.75, 51.00, 54.00, 0.25, 1.00
292.00, 52.00, 55.00, 1.00, 1.00
293.00, 51.00, 54.00, 1.00, 1.00
294.00, 45.00, 51.00, 1.50, 1.00
294.00, 63.00, 61.00, 6.00, 0.00
294.00, 66.00, 63.00, 6.00, 0.00
295.50, 44.00, 50.00, 0.50, 1.00
295.50, 60.00, 59.00, 0.50, 0.00
296.00, 45.00, 51.00, 0.75, 1.00
296.00, 61.00, 60.00, 0.75, 0.00
296.75, 44.00, 50.00, 0.25, 1.00
296.75, 60.00, 59.00, 0.25, 0.00
297.00, 45.00, 51.00, 0.75, 1.00
297.00, 61.00, 60.00, 0.75, 0.00
297.75, 44.00, 50.00, 0.25, 1.00
297.75, 60.00, 59.00, 0.25, 0.00
298.00, 45.00, 51.00, 1.00, 1.00
298.00, 61.00, 60.00, 1.00, 0.00
299.00, 44.00, 50.00, 1.00, 1.00
299.00, 60.00, 59.00, 1.00, 0.00
300.00, 37.00, 46.00, 1.00, 1.00
300.00, 44.00, 50.00, 1.00, 1.00
300.00, 52.00, 55.00, 1.00, 1.00
300.00, 61.00, 60.00, 0.50, 0.00
300.00, 64.00, 62.00, 0.50, 0.00
300.50, 66.00, 63.00, 0.50, 0.00
300.50, 69.00, 65.00, 0.17, 0.00
300.67, 71.00, 66.00, 0.17, 0.00
300.83, 69.00, 65.00, 0.17, 0.00
301.00, 37.00, 46.00, 1.00, 1.00
301.00, 44.00, 50.00, 1.00, 1.00
301.00, 52.00, 55.00, 1.00, 1.00
301.00, 64.00, 62.00, 0.50, 0.00
301.00, 68.00, 64.00, 0.50, 0.00
302.00, 37.00, 46.00, 1.00, 1.00
302.00, 44.00, 50.00, 1.00, 1.00
302.00, 52.00, 55.00, 1.00, 1.00
302.00, 73.00, 67.00, 1.00, 0.00
302.00, 76.00, 69.00, 1.00, 0.00
303.00, 37.00, 46.00, 1.00, 1.00
303.00, 44.00, 50.00, 1.00, 1.00
303.00, 54.00, 56.00, 1.00, 1.00
303.00, 72.00, 66.00, 0.50, 0.00
303.00, 75.00, 68.00, 0.50, 0.00
303.75, 70.00, 65.00, 0.25, 0.00
303.75, 73.00, 67.00, 0.25, 0.00
304.00, 37.00, 46.00, 1.00, 1.00
304.00, 44.00, 50.00, 1.00, 1.00
304.00, 54.00, 56.00, 1.00, 1.00
304.00, 72.00, 66.00, 1.00, 0.00
304.00, 75.00, 68.00, 1.00, 0.00
305.00, 37.00, 46.00, 1.00, 1.00
305.00, 44.00, 50.00, 1.00, 1.00
305.00, 52.00, 55.00, 1.00, 1.00
305.00, 73.00, 67.00, 1.00, 0.00
305.00, 76.00, 69.00, 1.00, 0.00
306.00, 37.00, 46.00, 1.00, 1.00
306.00, 44.00, 50.00, 1.00, 1.00
306.00, 52.00, 55.00, 1.00, 1.00
306.00, 64.00, 62.00, 0.50, 0.00
306.00, 68.00, 64.00, 0.50, 0.00
306.50, 66.00, 63.00, 0.50, 0.00
306.50, 69.00, 65.00, 0.17, 0.00
306.67, 71.00, 66.00, 0.17, 0.00
306.83, 69.00, 65.00, 0.17, 0.00
307.00, 37.00, 46.00, 1.00, 1.00
307.00, 44.00, 50.00, 1.00, 1.00
307.00, 52.00, 55.00, 1.00, 1.00
307.00, 64.00, 62.00, 0.50, 0.00
307.00, 68.00, 64.00, 0.50, 0.00
308.00, 37.00, 46.00, 1.00, 1.00
308.00, 44.00, 50.00, 1.00, 1.00
308.00, 52.00, 55.00, 1.00, 1.00
308.00, 73.00, 67.00, 1.00, 0.00
308.00, 76.00, 69.00, 1.00, 0.00
309.00, 37.00, 46.00, 1.00, 1.00
309.00, 44.00, 50.00, 1.00, 1.00
309.00, 54.00, 56.00, 1.00, 1.00
309.00, 72.00, 66.00, 0.50, 0.00
309.00, 75.00, 68.00, 0.50, 0.00
309.75, 70.00, 65.00, 0.25, 0.00
309.75, 73.00, 67.00, 0.25, 0.00
310.00, 37.00, 46.00, 1.00, 1.00
310.00, 44.00, 50.00, 1.00, 1.00
310.00, 54.00, 56.00, 1.00, 1.00
310.00, 72.00, 66.00, 1.00, 0.00
310.00, 75.00, 68.00, 1.00, 0.00
311.00, 37.00, 46.00, 1.00, 1.00
311.00, 44.00, 50.00, 1.00, 1.00
311.00, 52.00, 55.00, 1.00, 1.00
311.00, 73.00, 67.00, 1.00, 0.00
311.00, 76.00, 69.00, 1.00, 0.00
312.00, 32.00, 43.00, 1.00, 1.00
312.00, 75.00, 68.00, 0.50, 0.00
312.00, 78.00, 70.00, 0.50, 0.00
312.75, 76.00, 69.00, 0.25, 0.00
312.75, 80.00, 71.00, 0.25, 0.00
313.00, 44.00, 50.00, 1.00, 1.00
313.00, 51.00, 54.00, 4.00, 1.00
313.00, 54.00, 56.00, 1.00, 1.00
313.00, 60.00, 59.00, 1.00, 1.00
313.00, 78.00, 70.00, 1.00, 0.00
313.00, 81.00, 72.00, 1.00, 0.00
314.00, 44.00, 50.00, 1.00, 1.00
314.00, 54.00, 56.00, 1.00, 1.00
314.00, 60.00, 59.00, 1.00, 1.00
314.00, 78.00, 70.00, 0.50, 0.00
314.00, 81.00, 72.00, 0.50, 0.00
314.50, 76.00, 69.00, 0.50, 0.00
314.50, 80.00, 71.00, 0.50, 0.00
315.00, 44.00, 50.00, 1.00, 1.00
315.00, 54.00, 56.00, 1.00, 1.00
315.00, 60.00, 59.00, 1.00, 1.00
315.00, 75.00, 68.00, 0.50, 0.00
315.00, 78.00, 70.00, 0.50, 0.00
315.75, 73.00, 67.00, 0.25, 0.00
315.75, 76.00, 69.00, 0.25, 0.00
316.00, 44.00, 50.00, 1.00, 1.00
316.00, 54.00, 56.00, 1.00, 1.00
316.00, 60.00, 59.00, 1.00, 1.00
316.00, 75.00, 68.00, 1.00, 0.00
316.00, 78.00, 70.00, 1.00, 0.00
317.00, 44.00, 50.00, 1.00, 1.00
317.00, 52.00, 55.00, 1.00, 1.00
317.00, 61.00, 60.00, 1.00, 1.00
317.00, 76.00, 69.00, 1.00, 0.00
317.00, 80.00, 71.00, 1.00, 0.00
318.00, 32.00, 43.00, 1.00, 1.00
318.00, 75.00, 68.00, 0.50, 0.00
318.00, 78.00, 70.00, 0.50, 0.00
318.75, 76.00, 69.00, 0.25, 0.00
318.75, 80.00, 71.00, 0.25, 0.00
319.00, 44.00, 50.00, 1.00, 1.00
319.00, 51.00, 54.00, 1.00, 1.00
319.00, 54.00, 56.00, 1.00, 1.00
319.00, 60.00, 59.00, 1.00, 1.00
319.00, 78.00, 70.00, 1.00, 0.00
319.00, 81.00, 72.00, 1.00, 0.00
320.00, 78.00, 70.00, 0.50, 0.00
320.00, 81.00, 72.00, 0.50, 0.00
320.50, 76.00, 69.00, 0.50, 0.00
320.50, 80.00, 71.00, 0.50, 0.00
321.00, 75.00, 68.00, 0.50, 0.00
321.00, 78.00, 70.00, 0.50, 0.00
321.50, 73.00, 67.00, 0.50, 0.00
321.50, 76.00, 69.00, 0.50, 0.00
322.00, 72.00, 66.00, 0.50, 0.00
322.00, 75.00, 68.00, 0.50, 0.00
322.50, 69.00, 65.00, 1.00, 0.00
322.50, 73.00, 67.00, 1.00, 0.00
323.50, 66.00, 63.00, 0.50, 0.00
323.50, 69.00, 65.00, 0.50, 0.00
324.00, 37.00, 46.00, 1.00, 1.00
324.00, 44.00, 50.00, 1.00, 1.00
324.00, 52.00, 55.00, 1.00, 1.00
324.00, 64.00, 62.00, 0.50, 0.00
324.00, 68.00, 64.00, 0.50, 0.00
324.50, 66.00, 63.00, 0.50, 0.00
324.50, 69.00, 65.00, 0.17, 0.00
324.67, 71.00, 66.00, 0.17, 0.00
324.83, 69.00, 65.00, 0.17, 0.00
325.00, 37.00, 46.00, 1.00, 1.00
325.00, 44.00, 50.00, 1.00, 1.00
325.00, 52.00, 55.00, 1.00, 1.00
325.00, 64.00, 62.00, 0.50, 0.00
325.00, 68.00, 64.00, 0.50, 0.00
326.00, 37.00, 46.00, 1.00, 1.00
326.00, 44.00, 50.00, 1.00, 1.00
326.00, 52.00, 55.00, 1.00, 1.00
326.00, 73.00, 67.00, 1.00, 0.00
326.00, 76.00, 69.00, 1.00, 0.00
327.00, 37.00, 46.00, 1.00, 1.00
327.00, 44.00, 50.00, 1.00, 1.00
327.00, 54.00, 56.00, 1.00, 1.00
327.00, 72.00, 66.00, 0.50, 0.00
327.00, 75.00, 68.00, 0.50, 0.00
327.75, 70.00, 65.00, 0.25, 0.00
327.75, 73.00, 67.00, 0.25, 0.00
328.00, 37.00, 46.00, 1.00, 1.00
328.00, 44.00, 50.00, 1.00, 1.00
328.00, 54.00, 56.00, 1.00, 1.00
328.00, 72.00, 66.00, 1.00, 0.00
328.00, 75.00, 68.00, 1.00, 0.00
329.00, 37.00, 46.00, 1.00, 1.00
329.00, 44.00, 50.00, 1.00, 1.00
329.00, 52.00, 55.00, 1.00, 1.00
329.00, 73.00, 67.00, 1.00, 0.00
329.00, 76.00, 69.00, 1.00, 0.00
330.00, 37.00, 46.00, 1.00, 1.00
330.00, 44.00, 50.00, 1.00, 1.00
330.00, 52.00, 55.00, 1.00, 1.00
330.00, 64.00, 62.00, 0.50, 0.00
330.00, 68.00, 64.00, 0.50, 0.00
330.50, 66.00, 63.00, 0.50, 0.00
330.50, 69.00, 65.00, 0.17, 0.00
330.67, 71.00, 66.00, 0.17, 0.00
330.83, 69.00, 65.00, 0.17, 0.00
331.00, 37.00, 46.00, 1.00, 1.00
331.00, 44.00, 50.00, 1.00, 1.00
331.00, 52.00, 55.00, 1.00, 1.00
331.00, 64.00, 62.00, 0.50, 0.00
331.00, 68.00, 64.00, 0.50, 0.00
332.00, 37.00, 46.00, 1.00, 1.00
332.00, 44.00, 50.00, 1.00, 1.00
332.00, 52.00, 55.00, 1.00, 1.00
332.00, 73.00, 67.00, 1.00, 0.00
332.00, 76.00, 69.00, 1.00, 0.00
333.00, 37.00, 46.00, 1.00, 1.00
333.00, 44.00, 50.00, 1.00, 1.00
333.00, 54.00, 56.00, 1.00, 1.00
333.00, 72.00, 66.00, 0.50, 0.00
333.00, 75.00, 68.00, 0.50, 0.00
333.75, 70.00, 65.00, 0.25, 0.00
333.75, 73.00, 67.00, 0.25, 0.00
334.00, 37.00, 46.00, 1.00, 1.00
334.00, 44.00, 50.00, 1.00, 1.00
334.00, 54.00, 56.00, 1.00, 1.00
334.00, 72.00, 66.00, 1.00, 0.00
334.00, 75.00, 68.00, 1.00, 0.00
335.00, 37.00, 46.00, 1.00, 1.00
335.00, 44.00, 50.00, 1.00, 1.00
335.00, 52.00, 55.00, 1.00, 1.00
335.00, 73.00, 67.00, 1.00, 0.00
335.00, 76.00, 69.00, 1.00, 0.00
336.00, 35.00, 45.00, 1.00, 1.00
336.00, 75.00, 68.00, 0.50, 0.00
336.00, 78.00, 70.00, 0.50, 0.00
336.75, 76.00, 69.00, 0.25, 0.00
336.75, 80.00, 71.00, 0.25, 0.00
337.00, 47.00, 52.00, 1.00, 1.00
337.00, 54.00, 56.00, 4.00, 1.00
337.00, 57.00, 58.00, 1.00, 1.00
337.00, 63.00, 61.00, 1.00, 1.00
337.00, 78.00, 70.00, 1.00, 0.00
337.00, 81.00, 72.00, 1.00, 0.00
338.00, 47.00, 52.00, 1.00, 1.00
338.00, 57.00, 58.00, 1.00, 1.00
338.00, 63.00, 61.00, 1.00, 1.00
338.00, 78.00, 70.00, 0.50, 0.00
338.00, 81.00, 72.00, 0.50, 0.00
338.50, 76.00, 69.00, 0.50, 0.00
338.50, 80.00, 71.00, 0.50, 0.00
339.00, 47.00, 52.00, 1.00, 1.00
339.00, 57.00, 58.00, 1.00, 1.00
339.00, 63.00, 61.00, 1.00, 1.00
339.00, 75.00, 68.00, 0.50, 0.00
339.00, 78.00, 70.00, 0.50, 0.00
339.75, 73.00, 67.00, 0.25, 0.00
339.75, 76.00, 69.00, 0.25, 0.00
340.00, 47.00, 52.00, 1.00, 1.00
340.00, 57.00, 58.00, 1.00, 1.00
340.00, 63.00, 61.00, 1.00, 1.00
340.00, 75.00, 68.00, 1.00, 0.00
340.00, 78.00, 70.00, 1.00, 0.00
341.00, 47.00, 52.00, 1.00, 1.00
341.00, 52.00, 55.00, 1.00, 1.00
341.00, 56.00, 57.00, 1.00, 1.00
341.00, 64.00, 62.00, 1.00, 1.00
341.00, 76.00, 69.00, 1.00, 0.00
341.00, 80.00, 71.00, 1.00, 0.00
342.00, 47.00, 52.00, 1.00, 1.00
342.00, 54.00, 56.00, 5.00, 1.00
342.00, 57.00, 58.00, 1.00, 1.00
342.00, 63.00, 61.00, 1.00, 1.00
342.00, 75.00, 68.00, 0.40, 0.00
342.00, 78.00, 70.00, 0.40, 0.00
342.40, 76.00, 69.00, 0.40, 0.00
342.40, 80.00, 71.00, 0.40, 0.00
342.80, 78.00, 70.00, 0.40, 0.00
342.80, 81.00, 72.00, 0.40, 0.00
343.00, 47.00, 52.00, 1.00, 1.00
343.00, 57.00, 58.00, 1.00, 1.00
343.00, 63.00, 61.00, 1.00, 1.00
343.20, 80.00, 71.00, 0.40, 0.00
343.20, 83.00, 73.00, 0.40, 0.00
343.60, 83.00, 73.00, 0.40, 0.00
343.60, 87.00, 75.00, 0.40, 0.00
344.00, 81.00, 72.00, 0.50, 0.00
344.00, 85.00, 74.00, 0.50, 0.00
344.50, 78.00, 70.00, 0.50, 0.00
344.50, 81.00, 72.00, 0.50, 0.00
345.00, 47.00, 52.00, 1.00, 1.00
345.00, 57.00, 58.00, 1.00, 1.00
345.00, 63.00, 61.00, 1.00, 1.00
345.00, 75.00, 68.00, 0.50, 0.00
345.00, 78.00, 70.00, 0.50, 0.00
345.75, 73.00, 67.00, 0.25, 0.00
345.75, 76.00, 69.00, 0.25, 0.00
346.00, 47.00, 52.00, 1.00, 1.00
346.00, 57.00, 58.00, 1.00, 1.00
346.00, 63.00, 61.00, 1.00, 1.00
346.00, 75.00, 68.00, 1.00, 0.00
346.00, 78.00, 70.00, 1.00, 0.00
347.00, 52.00, 55.00, 1.00, 1.00
347.00, 56.00, 57.00, 1.00, 1.00
347.00, 64.00, 62.00, 1.00, 1.00
347.00, 76.00, 69.00, 1.00, 0.00
347.00, 80.00, 71.00, 1.00, 0.00
348.00, 42.00, 49.00, 1.00, 1.00
348.00, 74.00, 68.00, 0.50, 0.00
348.00, 78.00, 70.00, 0.50, 0.00
348.75, 69.00, 65.00, 0.25, 0.00
349.00, 54.00, 56.00, 1.00, 1.00
349.00, 57.00, 58.00, 1.00, 1.00
349.00, 62.00, 61.00, 1.00, 1.00
349.00, 74.00, 68.00, 1.50, 0.00
349.00, 78.00, 70.00, 1.50, 0.00
350.50, 73.00, 67.00, 0.50, 0.00
350.50, 76.00, 69.00, 0.50, 0.00
351.00, 56.00, 57.00, 1.00, 1.00
351.00, 63.00, 61.00, 1.00, 1.00
351.00, 66.00, 63.00, 1.00, 1.00
351.00, 72.00, 66.00, 0.50, 0.00
351.00, 75.00, 68.00, 0.50, 0.00
351.75, 70.00, 65.00, 0.25, 0.00
351.75, 73.00, 67.00, 0.25, 0.00
352.00, 56.00, 57.00, 1.00, 1.00
352.00, 63.00, 61.00, 1.00, 1.00
352.00, 66.00, 63.00, 1.00, 1.00
352.00, 72.00, 66.00, 1.00, 0.00
352.00, 75.00, 68.00, 1.00, 0.00
353.00, 61.00, 60.00, 1.00, 1.00
353.00, 64.00, 62.00, 1.00, 1.00
353.00, 73.00, 67.00, 1.00, 0.00
353.00, 76.00, 69.00, 1.00, 0.00
354.00, 42.00, 49.00, 1.00, 1.00
354.00, 69.00, 65.00, 1.00, 0.00
355.00, 54.00, 56.00, 0.50, 1.00
355.00, 62.00, 61.00, 0.50, 1.00
355.00, 69.00, 65.00, 0.50, 1.00
355.00, 86.00, 75.00, 0.50, 0.00
355.00, 90.00, 77.00, 0.50, 0.00
356.50, 73.00, 67.00, 0.50, 0.00
356.50, 76.00, 69.00, 0.50, 0.00
357.00, 56.00, 57.00, 1.00, 1.00
357.00, 63.00, 61.00, 1.00, 1.00
357.00, 66.00, 63.00, 1.00, 1.00
357.00, 72.00, 66.00, 0.50, 0.00
357.00, 75.00, 68.00, 0.50, 0.00
357.75, 70.00, 65.00, 0.25, 0.00
357.75, 73.00, 67.00, 0.25, 0.00
358.00, 56.00, 57.00, 1.00, 1.00
358.00, 63.00, 61.00, 1.00, 1.00
358.00, 66.00, 63.00, 1.00, 1.00
358.00, 72.00, 66.00, 1.00, 0.00
358.00, 75.00, 68.00, 1.00, 0.00
359.00, 61.00, 60.00, 1.00, 1.00
359.00, 64.00, 62.00, 1.00, 1.00
359.00, 73.00, 67.00, 1.00, 0.00
359.00, 76.00, 69.00, 1.00, 0.00
360.00, 42.00, 49.00, 1.00, 1.00
360.00, 69.00, 65.00, 1.00, 0.00
361.00, 54.00, 56.00, 0.50, 1.00
361.00, 62.00, 61.00, 0.50, 1.00
361.00, 69.00, 65.00, 0.50, 1.00
361.00, 93.00, 79.00, 0.50, 0.00
362.50, 73.00, 67.00, 0.50, 0.00
362.50, 76.00, 69.00, 0.50, 0.00
363.00, 56.00, 57.00, 1.00, 1.00
363.00, 63.00, 61.00, 1.00, 1.00
363.00, 66.00, 63.00, 1.00, 1.00
363.00, 72.00, 66.00, 0.50, 0.00
363.00, 75.00, 68.00, 0.50, 0.00
363.75, 70.00, 65.00, 0.25, 0.00
363.75, 73.00, 67.00, 0.25, 0.00
364.00, 56.00, 57.00, 1.00, 1.00
364.00, 63.00, 61.00, 1.00, 1.00
364.00, 66.00, 63.00, 1.00, 1.00
364.00, 72.00, 66.00, 1.00, 0.00
364.00, 75.00, 68.00, 1.00, 0.00
365.00, 61.00, 60.00, 1.00, 1.00
365.00, 64.00, 62.00, 1.00, 1.00
365.00, 73.00, 67.00, 1.00, 0.00
365.00, 76.00, 69.00, 1.00, 0.00
366.00, 42.00, 49.00, 1.00, 1.00
366.00, 69.00, 65.00, 1.00, 0.00
367.00, 54.00, 56.00, 0.50, 1.00
367.00, 62.00, 61.00, 0.50, 1.00
367.00, 69.00, 65.00, 0.50, 1.00
367.00, 98.00, 82.00, 0.50, 0.00
368.50, 73.00, 67.00, 0.50, 0.00
368.50, 76.00, 69.00, 0.50, 0.00
369.00, 56.00, 57.00, 1.00, 1.00
369.00, 63.00, 61.00, 1.00, 1.00
369.00, 66.00, 63.00, 1.00, 1.00
369.00, 72.00, 66.00, 0.50, 0.00
369.00, 75.00, 68.00, 0.50, 0.00
369.75, 70.00, 65.00, 0.25, 0.00
369.75, 73.00, 67.00, 0.25, 0.00
370.00, 56.00, 57.00, 1.00, 1.00
370.00, 63.00, 61.00, 1.00, 1.00
370.00, 66.00, 63.00, 1.00, 1.00
370.00, 72.00, 66.00, 1.00, 0.00
370.00, 75.00, 68.00, 1.00, 0.00
371.00, 61.00, 60.00, 1.00, 1.00
371.00, 64.00, 62.00, 1.00, 1.00
371.00, 73.00, 67.00, 1.00, 0.00
371.00, 76.00, 69.00, 1.00, 0.00
372.00, 56.00, 57.00, 1.00, 1.00
372.00, 63.00, 61.00, 1.00, 1.00
372.00, 72.00, 66.00, 0.75, 0.00
372.00, 75.00, 68.00, 0.75, 0.00
372.75, 70.00, 65.00, 0.25, 0.00
372.75, 73.00, 67.00, 0.25, 0.00
373.00, 56.00, 57.00, 1.00, 1.00
373.00, 63.00, 61.00, 1.00, 1.00
373.00, 72.00, 66.00, 1.00, 0.00
373.00, 75.00, 68.00, 1.00, 0.00
374.00, 61.00, 60.00, 1.00, 1.00
374.00, 64.00, 62.00, 1.00, 1.00
374.00, 73.00, 67.00, 1.00, 0.00
374.00, 76.00, 69.00, 1.00, 0.00
375.00, 56.00, 57.00, 1.00, 1.00
375.00, 63.00, 61.00, 1.00, 1.00
375.00, 72.00, 66.00, 0.50, 0.00
375.00, 75.00, 68.00, 0.50, 0.00
375.50, 70.00, 65.00, 0.50, 0.00
375.50, 73.00, 67.00, 0.50, 0.00
376.00, 56.00, 57.00, 1.00, 1.00
376.00, 63.00, 61.00, 1.00, 1.00
376.00, 72.00, 66.00, 1.00, 0.00
376.00, 75.00, 68.00, 1.00, 0.00
377.00, 61.00, 60.00, 1.00, 1.00
377.00, 64.00, 62.00, 1.00, 1.00
377.00, 73.00, 67.00, 1.00, 0.00
377.00, 76.00, 69.00, 1.00, 0.00
378.00, 56.00, 57.00, 1.00, 1.00
378.00, 63.00, 61.00, 1.00, 1.00
378.00, 72.00, 66.00, 0.50, 0.00
378.00, 75.00, 68.00, 0.50, 0.00
378.50, 70.00, 65.00, 0.50, 0.00
378.50, 73.00, 67.00, 0.50, 0.00
379.00, 56.00, 57.00, 1.00, 1.00
379.00, 63.00, 61.00, 1.00, 1.00
379.00, 72.00, 66.00, 1.00, 0.00
379.00, 75.00, 68.00, 1.00, 0.00
380.00, 55.00, 56.00, 1.00, 1.00
380.00, 61.00, 60.00, 1.00, 1.00
380.00, 64.00, 62.00, 1.00, 1.00
380.00, 73.00, 67.00, 1.00, 0.00
380.00, 76.00, 69.00, 1.00, 0.00
381.00, 56.00, 57.00, 1.00, 1.00
381.00, 63.00, 61.00, 1.00, 1.00
381.00, 72.00, 66.00, 0.50, 0.00
381.00, 75.00, 68.00, 0.50, 0.00
381.50, 70.00, 65.00, 0.50, 0.00
381.50, 73.00, 67.00, 0.50, 0.00
382.00, 56.00, 57.00, 1.00, 1.00
382.00, 63.00, 61.00, 1.00, 1.00
382.00, 72.00, 66.00, 1.00, 0.00
382.00, 75.00, 68.00, 1.00, 0.00
383.00, 55.00, 57.00, 1.00, 1.00
383.00, 61.00, 60.00, 1.00, 1.00
383.00, 64.00, 62.00, 1.00, 1.00
383.00, 73.00, 67.00, 1.00, 0.00
383.00, 76.00, 69.00, 1.00, 0.00
384.00, 54.00, 56.00, 1.00, 1.00
384.00, 61.00, 60.00, 1.00, 1.00
384.00, 64.00, 62.00, 1.00, 1.00
384.00, 70.00, 65.00, 0.75, 0.00
384.00, 73.00, 67.00, 0.75, 0.00
384.75, 69.00, 64.00, 0.25, 0.00
384.75, 72.00, 66.00, 0.25, 0.00
385.00, 54.00, 56.00, 1.00, 1.00
385.00, 61.00, 60.00, 1.00, 1.00
385.00, 64.00, 62.00, 1.00, 1.00
385.00, 70.00, 65.00, 1.00, 0.00
385.00, 73.00, 67.00, 1.00, 0.00
386.00, 53.00, 56.00, 1.00, 1.00
386.00, 60.00, 60.00, 1.00, 1.00
386.00, 63.00, 62.00, 1.00, 1.00
386.00, 69.00, 65.00, 1.00, 0.00
386.00, 72.00, 67.00, 1.00, 0.00
387.00, 52.00, 55.00, 1.00, 1.00
387.00, 59.00, 59.00, 1.00, 1.00
387.00, 62.00, 61.00, 1.00, 1.00
387.00, 68.00, 64.00, 0.75, 0.00
387.00, 71.00, 66.00, 0.75, 0.00
387.75, 67.00, 63.00, 0.25, 0.00
387.75, 70.00, 65.00, 0.25, 0.00
388.00, 52.00, 55.00, 1.00, 1.00
388.00, 59.00, 59.00, 1.00, 1.00
388.00, 62.00, 61.00, 1.00, 1.00
388.00, 68.00, 64.00, 1.00, 0.00
388.00, 71.00, 66.00, 1.00, 0.00
389.00, 51.00, 55.00, 1.00, 1.00
389.00, 58.00, 59.00, 1.00, 1.00
389.00, 61.00, 61.00, 1.00, 1.00
389.00, 67.00, 64.00, 1.00, 0.00
389.00, 70.00, 66.00, 1.00, 0.00
390.00, 50.00, 54.00, 1.00, 1.00
390.00, 57.00, 58.00, 1.00, 1.00
390.00, 60.00, 60.00, 1.00, 1.00
390.00, 66.00, 63.00, 0.75, 0.00
390.00, 69.00, 65.00, 0.75, 0.00
390.75, 65.00, 62.00, 0.25, 0.00
390.75, 68.00, 64.00, 0.25, 0.00
391.00, 50.00, 54.00, 1.00, 1.00
391.00, 57.00, 58.00, 1.00, 1.00
391.00, 60.00, 60.00, 1.00, 1.00
391.00, 66.00, 63.00, 1.00, 0.00
391.00, 69.00, 65.00, 1.00, 0.00
392.00, 49.00, 54.00, 1.00, 1.00
392.00, 56.00, 58.00, 1.00, 1.00
392.00, 59.00, 60.00, 1.00, 1.00
392.00, 65.00, 63.00, 1.00, 0.00
392.00, 68.00, 65.00, 1.00, 0.00
393.00, 48.00, 53.00, 1.00, 1.00
393.00, 55.00, 57.00, 1.00, 1.00
393.00, 58.00, 59.00, 1.00, 1.00
393.00, 64.00, 62.00, 0.75, 0.00
393.00, 67.00, 64.00, 0.75, 0.00
393.75, 63.00, 61.00, 0.25, 0.00
393.75, 66.00, 63.00, 0.25, 0.00
394.00, 48.00, 53.00, 1.00, 1.00
394.00, 55.00, 57.00, 1.00, 1.00
394.00, 58.00, 59.00, 1.00, 1.00
394.00, 64.00, 62.00, 1.00, 0.00
394.00, 67.00, 64.00, 1.00, 0.00
395.00, 47.00, 52.00, 1.00, 1.00
395.00, 54.00, 56.00, 1.00, 1.00
395.00, 57.00, 58.00, 1.00, 1.00
395.00, 63.00, 61.00, 1.00, 0.00
395.00, 66.00, 63.00, 1.00, 0.00
396.00, 45.00, 51.00, 0.75, 1.00
396.00, 54.00, 56.00, 3.00, 1.00
396.00, 61.00, 60.00, 3.00, 0.00
396.00, 66.00, 63.00, 2.00, 0.00
396.75, 44.00, 50.00, 0.25, 1.00
397.00, 45.00, 51.00, 1.00, 1.00
398.00, 39.00, 47.00, 1.00, 1.00
398.00, 64.00, 62.00, 0.50, 0.00
398.50, 63.00, 61.00, 0.50, 0.00
399.00, 45.00, 51.00, 0.75, 1.00
399.00, 54.00, 56.00, 3.00, 1.00
399.00, 61.00, 60.00, 3.00, 0.00
399.00, 66.00, 63.00, 0.75, 0.00
399.75, 44.00, 50.00, 0.25, 1.00
399.75, 66.00, 63.00, 0.25, 0.00
400.00, 45.00, 51.00, 1.00, 1.00
400.00, 63.00, 61.00, 1.00, 0.00
401.00, 39.00, 47.00, 1.00, 1.00
401.00, 73.00, 67.00, 1.00, 0.00
402.00, 45.00, 51.00, 0.75, 1.00
402.00, 54.00, 56.00, 3.00, 1.00
402.00, 61.00, 60.00, 3.00, 0.00
402.00, 66.00, 63.00, 2.00, 0.00
402.75, 44.00, 50.00, 0.25, 1.00
403.00, 45.00, 51.00, 1.00, 1.00
404.00, 39.00, 47.00, 1.00, 1.00
404.00, 64.00, 62.00, 0.50, 0.00
404.50, 63.00, 61.00, 0.50, 0.00
405.00, 45.00, 51.00, 0.75, 1.00
405.00, 54.00, 56.00, 2.00, 1.00
405.00, 61.00, 60.00, 3.00, 0.00
405.00, 66.00, 63.00, 0.75, 0.00
405.75, 44.00, 50.00, 0.25, 1.00
405.75, 66.00, 63.00, 0.25, 0.00
406.00, 45.00, 51.00, 1.00, 1.00
406.00, 63.00, 61.00, 1.00, 0.00
407.00, 75.00, 68.00, 1.00, 0.00
408.00, 73.00, 67.00, 0.50, 0.00
408.50, 69.00, 65.00, 0.50, 0.00
409.00, 66.00, 63.00, 1.00, 0.00
410.00, 63.00, 61.00, 1.00, 0.00
411.00, 61.00, 60.00, 0.50, 1.00
411.50, 57.00, 58.00, 0.50, 1.00
412.00, 54.00, 56.00, 1.00, 1.00
413.00, 49.00, 53.00, 1.00, 1.00
414.00, 37.00, 46.00, 3.00, 1.00
414.00, 44.00, 50.00, 3.00, 1.00
414.00, 52.00, 55.00, 3.00, 1.00
