ontime, MNN, MPN, duration, channel
-1.00, 74.00, 68.00, 1.00, 0.00
0.00, 47.00, 52.00, 1.00, 1.00
0.00, 74.00, 68.00, 0.33, 0.00
0.33, 76.00, 69.00, 0.33, 0.00
0.67, 74.00, 68.00, 0.33, 0.00
1.00, 54.00, 56.00, 1.00, 1.00
1.00, 62.00, 61.00, 1.00, 1.00
1.00, 73.00, 67.00, 1.00, 0.00
2.00, 54.00, 56.00, 1.00, 1.00
2.00, 62.00, 61.00, 1.00, 1.00
2.00, 71.00, 66.00, 1.00, 0.00
3.00, 42.00, 49.00, 1.00, 1.00
3.00, 70.00, 65.00, 0.50, 0.00
3.50, 67.00, 64.00, 0.50, 0.00
3.50, 79.00, 71.00, 0.50, 0.00
4.00, 54.00, 56.00, 1.00, 1.00
4.00, 58.00, 58.00, 1.00, 1.00
4.00, 64.00, 62.00, 1.00, 1.00
4.00, 66.00, 63.00, 2.00, 0.00
4.00, 78.00, 70.00, 2.00, 0.00
5.00, 54.00, 56.00, 1.00, 1.00
5.00, 58.00, 58.00, 1.00, 1.00
5.00, 64.00, 62.00, 1.00, 1.00
6.00, 47.00, 52.00, 1.00, 1.00
6.00, 74.00, 68.00, 0.33, 0.00
6.33, 76.00, 69.00, 0.33, 0.00
6.67, 74.00, 68.00, 0.33, 0.00
7.00, 54.00, 56.00, 1.00, 1.00
7.00, 62.00, 61.00, 1.00, 1.00
7.00, 73.00, 67.00, 1.00, 0.00
8.00, 54.00, 56.00, 1.00, 1.00
8.00, 62.00, 61.00, 1.00, 1.00
8.00, 71.00, 66.00, 1.00, 0.00
9.00, 42.00, 49.00, 1.00, 1.00
9.00, 69.00, 65.00, 0.50, 0.00
9.50, 68.00, 64.00, 0.50, 0.00
10.00, 54.00, 56.00, 1.00, 1.00
10.00, 57.00, 58.00, 1.00, 1.00
10.00, 61.00, 60.00, 1.00, 1.00
10.00, 66.00, 63.00, 1.00, 0.00
11.00, 54.00, 56.00, 1.00, 1.00
11.00, 57.00, 58.00, 1.00, 1.00
11.00, 61.00, 60.00, 1.00, 1.00
12.00, 43.00, 50.00, 1.00, 1.00
12.00, 71.00, 66.00, 0.33, 0.00
12.33, 73.00, 67.00, 0.33, 0.00
12.67, 71.00, 66.00, 0.33, 0.00
13.00, 50.00, 54.00, 1.00, 1.00
13.00, 59.00, 59.00, 1.00, 1.00
13.00, 69.00, 65.00, 1.00, 0.00
14.00, 50.00, 54.00, 1.00, 1.00
14.00, 59.00, 59.00, 1.00, 1.00
14.00, 67.00, 64.00, 1.00, 0.00
15.00, 38.00, 47.00, 1.00, 1.00
15.00, 66.00, 63.00, 0.50, 0.00
15.50, 64.00, 62.00, 0.50, 0.00
15.50, 76.00, 69.00, 0.50, 0.00
16.00, 50.00, 54.00, 1.00, 1.00
16.00, 57.00, 58.00, 1.00, 1.00
16.00, 62.00, 61.00, 2.00, 0.00
16.00, 74.00, 68.00, 2.00, 0.00
17.00, 50.00, 54.00, 1.00, 1.00
17.00, 57.00, 58.00, 1.00, 1.00
18.00, 40.00, 48.00, 1.00, 1.00
18.00, 67.00, 64.00, 0.33, 0.00
18.33, 69.00, 65.00, 0.33, 0.00
18.67, 67.00, 64.00, 0.33, 0.00
19.00, 47.00, 52.00, 1.00, 1.00
19.00, 49.00, 53.00, 1.00, 1.00
19.00, 55.00, 57.00, 1.00, 1.00
19.00, 66.00, 63.00, 1.00, 0.00
20.00, 42.00, 49.00, 1.00, 1.00
20.00, 46.00, 51.00, 1.00, 1.00
20.00, 52.00, 55.00, 1.00, 1.00
20.00, 64.00, 62.00, 1.00, 0.00
21.00, 35.00, 45.00, 2.00, 1.00
21.00, 62.00, 61.00, 0.50, 0.00
21.50, 61.00, 60.00, 0.50, 0.00
22.00, 42.00, 49.00, 1.00, 1.00
22.00, 50.00, 54.00, 1.00, 1.00
22.00, 59.00, 59.00, 1.00, 0.00
23.50, 74.00, 68.00, 0.50, 0.00
24.00, 47.00, 52.00, 1.00, 1.00
24.00, 74.00, 68.00, 0.33, 0.00
24.33, 76.00, 69.00, 0.33, 0.00
24.67, 74.00, 68.00, 0.33, 0.00
25.00, 54.00, 56.00, 1.00, 1.00
25.00, 62.00, 61.00, 1.00, 1.00
25.00, 73.00, 67.00, 1.00, 0.00
26.00, 54.00, 56.00, 1.00, 1.00
26.00, 62.00, 61.00, 1.00, 1.00
26.00, 71.00, 66.00, 1.00, 0.00
27.00, 42.00, 49.00, 1.00, 1.00
27.00, 70.00, 65.00, 0.50, 0.00
27.75, 67.00, 64.00, 0.25, 0.00
27.75, 79.00, 71.00, 0.25, 0.00
28.00, 54.00, 56.00, 1.00, 1.00
28.00, 58.00, 58.00, 1.00, 1.00
28.00, 64.00, 62.00, 1.00, 1.00
28.00, 66.00, 63.00, 2.00, 0.00
28.00, 78.00, 70.00, 2.00, 0.00
29.00, 54.00, 56.00, 1.00, 1.00
29.00, 58.00, 58.00, 1.00, 1.00
29.00, 64.00, 62.00, 1.00, 1.00
30.00, 47.00, 52.00, 1.00, 1.00
30.00, 74.00, 68.00, 0.33, 0.00
30.33, 76.00, 69.00, 0.33, 0.00
30.67, 74.00, 68.00, 0.33, 0.00
31.00, 54.00, 56.00, 1.00, 1.00
31.00, 62.00, 61.00, 1.00, 1.00
31.00, 73.00, 67.00, 1.00, 0.00
32.00, 54.00, 56.00, 1.00, 1.00
32.00, 62.00, 61.00, 1.00, 1.00
32.00, 71.00, 66.00, 1.00, 0.00
33.00, 42.00, 49.00, 1.00, 1.00
33.00, 69.00, 65.00, 0.50, 0.00
33.75, 67.00, 64.00, 0.25, 0.00
34.00, 54.00, 56.00, 1.00, 1.00
34.00, 57.00, 58.00, 1.00, 1.00
34.00, 61.00, 60.00, 1.00, 1.00
34.00, 66.00, 63.00, 1.00, 0.00
35.00, 54.00, 56.00, 1.00, 1.00
35.00, 57.00, 58.00, 1.00, 1.00
35.00, 61.00, 60.00, 1.00, 1.00
36.00, 43.00, 50.00, 1.00, 1.00
36.00, 71.00, 66.00, 0.33, 0.00
36.33, 73.00, 67.00, 0.33, 0.00
36.67, 71.00, 66.00, 0.33, 0.00
37.00, 50.00, 54.00, 1.00, 1.00
37.00, 59.00, 59.00, 1.00, 1.00
37.00, 69.00, 65.00, 1.00, 0.00
38.00, 50.00, 54.00, 1.00, 1.00
38.00, 59.00, 59.00, 1.00, 1.00
38.00, 67.00, 64.00, 1.00, 0.00
39.00, 38.00, 47.00, 1.00, 1.00
39.00, 66.00, 63.00, 0.50, 0.00
39.75, 64.00, 62.00, 0.25, 0.00
39.75, 76.00, 69.00, 0.25, 0.00
40.00, 50.00, 54.00, 1.00, 1.00
40.00, 57.00, 58.00, 1.00, 1.00
40.00, 62.00, 61.00, 2.00, 0.00
40.00, 74.00, 68.00, 2.00, 0.00
41.00, 50.00, 54.00, 1.00, 1.00
41.00, 57.00, 58.00, 1.00, 1.00
42.00, 40.00, 48.00, 1.00, 1.00
42.00, 67.00, 64.00, 0.33, 0.00
42.33, 69.00, 65.00, 0.33, 0.00
42.67, 67.00, 64.00, 0.33, 0.00
43.00, 47.00, 52.00, 1.00, 1.00
43.00, 49.00, 53.00, 1.00, 1.00
43.00, 55.00, 57.00, 1.00, 1.00
43.00, 66.00, 63.00, 1.00, 0.00
44.00, 42.00, 49.00, 1.00, 1.00
44.00, 46.00, 51.00, 1.00, 1.00
44.00, 52.00, 55.00, 1.00, 1.00
44.00, 64.00, 62.00, 1.00, 0.00
45.00, 35.00, 45.00, 2.00, 1.00
45.00, 62.00, 61.00, 0.50, 0.00
45.75, 61.00, 60.00, 0.25, 0.00
46.00, 42.00, 49.00, 1.00, 1.00
46.00, 50.00, 54.00, 1.00, 1.00
46.00, 59.00, 59.00, 1.00, 0.00
47.00, 66.00, 63.00, 1.00, 0.00
48.00, 37.00, 46.00, 1.00, 1.00
48.00, 65.00, 62.00, 0.50, 0.00
48.50, 66.00, 63.00, 0.50, 0.00
49.00, 49.00, 53.00, 1.00, 1.00
49.00, 54.00, 56.00, 1.00, 1.00
49.00, 59.00, 59.00, 1.00, 1.00
49.00, 62.00, 61.00, 1.00, 0.00
49.00, 68.00, 64.00, 1.00, 0.00
50.00, 49.00, 53.00, 1.00, 1.00
50.00, 53.00, 55.00, 1.00, 1.00
50.00, 59.00, 59.00, 1.00, 1.00
50.00, 61.00, 60.00, 1.00, 0.00
50.00, 69.00, 65.00, 0.50, 0.00
50.50, 68.00, 64.00, 0.50, 0.00
51.00, 42.00, 49.00, 1.00, 1.00
51.00, 61.00, 60.00, 1.00, 0.00
51.00, 66.00, 63.00, 0.50, 0.00
51.50, 68.00, 64.00, 0.50, 0.00
52.00, 54.00, 56.00, 1.00, 1.00
52.00, 57.00, 58.00, 1.00, 1.00
52.00, 61.00, 60.00, 1.00, 0.00
52.00, 69.00, 65.00, 1.00, 0.00
53.00, 53.00, 56.00, 1.00, 1.00
53.00, 57.00, 58.00, 1.00, 1.00
53.00, 63.00, 61.00, 1.00, 0.00
53.00, 71.00, 66.00, 0.50, 0.00
53.50, 69.00, 65.00, 0.50, 0.00
54.00, 52.00, 55.00, 1.00, 1.00
54.00, 59.00, 59.00, 1.00, 1.00
54.00, 64.00, 62.00, 1.00, 0.00
54.00, 68.00, 64.00, 0.50, 0.00
54.50, 69.00, 65.00, 0.50, 0.00
55.00, 52.00, 55.00, 1.00, 1.00
55.00, 57.00, 58.00, 1.00, 1.00
55.00, 62.00, 61.00, 1.00, 1.00
55.00, 65.00, 63.00, 1.00, 0.00
55.00, 71.00, 66.00, 1.00, 0.00
56.00, 52.00, 55.00, 1.00, 1.00
56.00, 56.00, 57.00, 1.00, 1.00
56.00, 62.00, 61.00, 1.00, 1.00
56.00, 64.00, 62.00, 1.00, 0.00
56.00, 73.00, 67.00, 0.50, 0.00
56.50, 71.00, 66.00, 0.50, 0.00
57.00, 45.00, 51.00, 1.00, 1.00
57.00, 64.00, 62.00, 1.00, 0.00
57.00, 69.00, 65.00, 0.50, 0.00
57.50, 71.00, 66.00, 0.50, 0.00
58.00, 57.00, 58.00, 1.00, 1.00
58.00, 64.00, 62.00, 1.00, 1.00
58.00, 69.00, 65.00, 1.00, 0.00
58.00, 73.00, 67.00, 1.00, 0.00
59.00, 57.00, 58.00, 1.00, 1.00
59.00, 61.00, 60.00, 1.00, 1.00
59.00, 67.00, 63.00, 1.00, 0.00
59.00, 75.00, 68.00, 0.50, 0.00
59.50, 73.00, 67.00, 0.50, 0.00
60.00, 56.00, 57.00, 1.00, 1.00
60.00, 63.00, 61.00, 1.00, 1.00
60.00, 68.00, 64.00, 1.00, 0.00
60.00, 72.00, 66.00, 0.50, 0.00
60.50, 73.00, 67.00, 0.50, 0.00
61.00, 56.00, 57.00, 1.00, 1.00
61.00, 61.00, 60.00, 1.00, 1.00
61.00, 66.00, 63.00, 1.00, 1.00
61.00, 69.00, 65.00, 1.00, 0.00
61.00, 75.00, 68.00, 1.00, 0.00
62.00, 56.00, 57.00, 1.00, 1.00
62.00, 60.00, 59.00, 1.00, 1.00
62.00, 66.00, 63.00, 1.00, 1.00
62.00, 68.00, 64.00, 1.00, 0.00
62.00, 77.00, 69.00, 0.50, 0.00
62.50, 75.00, 68.00, 0.50, 0.00
63.00, 49.00, 53.00, 1.00, 1.00
63.00, 71.00, 66.00, 1.00, 0.00
63.00, 73.00, 67.00, 0.50, 0.00
63.50, 75.00, 68.00, 0.50, 0.00
64.00, 61.00, 60.00, 1.00, 1.00
64.00, 68.00, 64.00, 1.00, 1.00
64.00, 71.00, 66.00, 1.00, 0.00
64.00, 73.00, 67.00, 1.00, 0.00
64.00, 77.00, 69.00, 1.00, 0.00
65.00, 61.00, 60.00, 1.00, 1.00
65.00, 69.00, 65.00, 1.00, 1.00
65.00, 73.00, 67.00, 1.00, 0.00
65.00, 78.00, 70.00, 1.00, 0.00
66.00, 61.00, 60.00, 0.50, 1.00
66.00, 68.00, 64.00, 0.50, 1.00
66.00, 71.00, 66.00, 0.50, 1.00
66.00, 73.00, 67.00, 1.00, 0.00
66.00, 77.00, 69.00, 0.50, 0.00
66.50, 66.00, 63.00, 0.50, 1.00
66.50, 78.00, 70.00, 0.50, 0.00
67.00, 61.00, 60.00, 1.00, 1.00
67.00, 65.00, 62.00, 1.00, 1.00
67.00, 71.00, 66.00, 1.00, 1.00
67.00, 73.00, 67.00, 1.00, 0.00
67.00, 80.00, 71.00, 1.00, 0.00
68.00, 61.00, 60.00, 1.00, 1.00
68.00, 65.00, 62.00, 1.00, 1.00
68.00, 71.00, 66.00, 1.00, 1.00
68.00, 73.00, 67.00, 1.00, 0.00
68.00, 81.00, 72.00, 1.00, 0.00
69.00, 42.00, 49.00, 1.00, 1.00
69.00, 78.00, 70.00, 2.00, 0.00
70.00, 54.00, 56.00, 1.00, 1.00
70.00, 61.00, 60.00, 1.00, 1.00
70.00, 66.00, 63.00, 1.00, 1.00
70.00, 69.00, 65.00, 1.00, 0.00
70.00, 73.00, 67.00, 1.00, 0.00
71.00, 50.00, 54.00, 1.00, 1.00
71.00, 56.00, 57.00, 1.00, 1.00
71.00, 60.00, 59.00, 1.00, 0.00
71.00, 66.00, 63.00, 1.00, 0.00
72.00, 49.00, 53.00, 1.00, 1.00
72.00, 56.00, 57.00, 1.00, 1.00
72.00, 61.00, 60.00, 1.00, 0.00
72.00, 65.00, 62.00, 0.50, 0.00
72.50, 66.00, 63.00, 0.50, 0.00
73.00, 49.00, 53.00, 1.00, 1.00
73.00, 54.00, 56.00, 1.00, 1.00
73.00, 59.00, 59.00, 1.00, 1.00
73.00, 62.00, 61.00, 1.00, 0.00
73.00, 68.00, 64.00, 1.00, 0.00
74.00, 49.00, 53.00, 1.00, 1.00
74.00, 53.00, 55.00, 1.00, 1.00
74.00, 59.00, 59.00, 1.00, 1.00
74.00, 61.00, 60.00, 1.00, 0.00
74.00, 69.00, 65.00, 0.50, 0.00
74.50, 68.00, 64.00, 0.50, 0.00
75.00, 42.00, 49.00, 1.00, 1.00
75.00, 61.00, 60.00, 1.00, 0.00
75.00, 66.00, 63.00, 0.50, 0.00
75.50, 68.00, 64.00, 0.50, 0.00
76.00, 54.00, 56.00, 1.00, 1.00
76.00, 57.00, 58.00, 1.00, 1.00
76.00, 61.00, 60.00, 1.00, 0.00
76.00, 69.00, 65.00, 1.00, 0.00
77.00, 53.00, 56.00, 1.00, 1.00
77.00, 57.00, 58.00, 1.00, 1.00
77.00, 63.00, 61.00, 1.00, 0.00
77.00, 71.00, 66.00, 0.50, 0.00
77.50, 69.00, 65.00, 0.50, 0.00
78.00, 52.00, 55.00, 1.00, 1.00
78.00, 59.00, 59.00, 1.00, 1.00
78.00, 64.00, 62.00, 1.00, 0.00
78.00, 68.00, 64.00, 0.50, 0.00
78.50, 69.00, 65.00, 0.50, 0.00
79.00, 52.00, 55.00, 1.00, 1.00
79.00, 57.00, 58.00, 1.00, 1.00
79.00, 62.00, 61.00, 1.00, 1.00
79.00, 65.00, 63.00, 1.00, 0.00
79.00, 71.00, 66.00, 1.00, 0.00
80.00, 52.00, 55.00, 1.00, 1.00
80.00, 56.00, 57.00, 1.00, 1.00
80.00, 62.00, 61.00, 1.00, 1.00
80.00, 64.00, 62.00, 1.00, 0.00
80.00, 73.00, 67.00, 0.50, 0.00
80.50, 71.00, 66.00, 0.50, 0.00
81.00, 45.00, 51.00, 1.00, 1.00
81.00, 64.00, 62.00, 1.00, 0.00
81.00, 69.00, 65.00, 0.50, 0.00
81.50, 71.00, 66.00, 0.50, 0.00
82.00, 57.00, 58.00, 1.00, 1.00
82.00, 64.00, 62.00, 1.00, 1.00
82.00, 69.00, 65.00, 1.00, 0.00
82.00, 73.00, 67.00, 1.00, 0.00
83.00, 57.00, 58.00, 1.00, 1.00
83.00, 61.00, 60.00, 1.00, 1.00
83.00, 67.00, 63.00, 1.00, 0.00
83.00, 75.00, 68.00, 0.50, 0.00
83.50, 73.00, 67.00, 0.50, 0.00
84.00, 56.00, 57.00, 1.00, 1.00
84.00, 63.00, 61.00, 1.00, 1.00
84.00, 68.00, 64.00, 1.00, 0.00
84.00, 72.00, 66.00, 0.50, 0.00
84.50, 73.00, 67.00, 0.50, 0.00
85.00, 56.00, 57.00, 1.00, 1.00
85.00, 61.00, 60.00, 1.00, 1.00
85.00, 66.00, 63.00, 1.00, 1.00
85.00, 69.00, 65.00, 1.00, 0.00
85.00, 75.00, 68.00, 1.00, 0.00
86.00, 56.00, 57.00, 1.00, 1.00
86.00, 60.00, 59.00, 1.00, 1.00
86.00, 66.00, 63.00, 1.00, 1.00
86.00, 68.00, 64.00, 1.00, 0.00
86.00, 77.00, 69.00, 0.50, 0.00
86.50, 75.00, 68.00, 0.50, 0.00
87.00, 49.00, 53.00, 1.00, 1.00
87.00, 61.00, 60.00, 1.00, 1.00
87.00, 71.00, 66.00, 1.00, 0.00
87.00, 73.00, 67.00, 0.50, 0.00
87.50, 75.00, 68.00, 0.50, 0.00
88.00, 61.00, 60.00, 1.00, 1.00
88.00, 68.00, 64.00, 1.00, 1.00
88.00, 71.00, 66.00, 1.00, 0.00
88.00, 73.00, 67.00, 1.00, 0.00
88.00, 77.00, 69.00, 1.00, 0.00
89.00, 61.00, 60.00, 1.00, 1.00
89.00, 69.00, 65.00, 1.00, 1.00
89.00, 73.00, 67.00, 1.00, 0.00
89.00, 78.00, 70.00, 1.00, 0.00
90.00, 61.00, 60.00, 0.75, 1.00
90.00, 68.00, 64.00, 0.75, 1.00
90.00, 71.00, 66.00, 0.75, 1.00
90.00, 73.00, 67.00, 0.75, 0.00
90.00, 77.00, 69.00, 0.75, 0.00
90.75, 61.00, 60.00, 0.25, 1.00
90.75, 66.00, 63.00, 0.25, 1.00
90.75, 71.00, 66.00, 0.25, 1.00
90.75, 74.00, 68.00, 0.25, 0.00
90.75, 86.00, 75.00, 0.25, 0.00
91.00, 61.00, 60.00, 1.00, 1.00
91.00, 65.00, 62.00, 1.00, 1.00
91.00, 71.00, 66.00, 1.00, 1.00
91.00, 73.00, 67.00, 1.00, 0.00
91.00, 85.00, 74.00, 1.00, 0.00
92.00, 61.00, 60.00, 1.00, 1.00
92.00, 65.00, 62.00, 1.00, 1.00
92.00, 71.00, 66.00, 1.00, 1.00
92.00, 73.00, 67.00, 1.00, 0.00
92.00, 80.00, 71.00, 0.50, 0.00
92.50, 81.00, 72.00, 0.50, 0.00
93.00, 42.00, 49.00, 1.00, 1.00
93.00, 78.00, 70.00, 2.00, 0.00
94.00, 54.00, 56.00, 1.00, 1.00
94.00, 61.00, 60.00, 1.00, 1.00
94.00, 66.00, 63.00, 1.00, 1.00
94.00, 69.00, 65.00, 1.00, 0.00
94.00, 73.00, 67.00, 1.00, 0.00
95.00, 78.00, 70.00, 1.00, 0.00
96.00, 47.00, 52.00, 1.00, 1.00
96.00, 78.00, 70.00, 0.50, 0.00
96.50, 77.00, 69.00, 0.50, 0.00
97.00, 54.00, 56.00, 1.00, 1.00
97.00, 59.00, 59.00, 1.00, 1.00
97.00, 62.00, 61.00, 1.00, 1.00
97.00, 78.00, 70.00, 1.00, 0.00
98.00, 54.00, 56.00, 1.00, 1.00
98.00, 59.00, 59.00, 1.00, 1.00
98.00, 62.00, 61.00, 1.00, 1.00
98.00, 74.00, 68.00, 1.00, 0.00
99.00, 42.00, 49.00, 1.00, 1.00
99.00, 73.00, 67.00, 1.00, 0.00
100.00, 54.00, 56.00, 1.00, 1.00
100.00, 57.00, 58.00, 1.00, 1.00
100.00, 61.00, 60.00, 1.00, 1.00
100.00, 69.00, 65.00, 2.00, 0.00
101.00, 54.00, 56.00, 1.00, 1.00
101.00, 57.00, 58.00, 1.00, 1.00
101.00, 61.00, 60.00, 1.00, 1.00
102.00, 50.00, 54.00, 1.00, 1.00
102.00, 78.00, 70.00, 0.50, 0.00
102.50, 77.00, 69.00, 0.50, 0.00
103.00, 54.00, 56.00, 1.00, 1.00
103.00, 57.00, 58.00, 1.00, 1.00
103.00, 62.00, 61.00, 1.00, 1.00
103.00, 78.00, 70.00, 1.00, 0.00
104.00, 54.00, 56.00, 1.00, 1.00
104.00, 57.00, 58.00, 1.00, 1.00
104.00, 62.00, 61.00, 1.00, 1.00
104.00, 74.00, 68.00, 1.00, 0.00
105.00, 45.00, 51.00, 1.00, 1.00
105.00, 73.00, 67.00, 1.00, 0.00
106.00, 52.00, 55.00, 1.00, 1.00
106.00, 57.00, 58.00, 1.00, 1.00
106.00, 61.00, 60.00, 1.00, 1.00
106.00, 69.00, 65.00, 2.00, 0.00
107.00, 52.00, 55.00, 1.00, 1.00
107.00, 57.00, 58.00, 1.00, 1.00
107.00, 61.00, 60.00, 1.00, 1.00
108.00, 47.00, 52.00, 1.00, 1.00
108.00, 78.00, 70.00, 0.50, 0.00
108.50, 77.00, 69.00, 0.50, 0.00
109.00, 54.00, 56.00, 1.00, 1.00
109.00, 59.00, 59.00, 1.00, 1.00
109.00, 62.00, 61.00, 1.00, 1.00
109.00, 78.00, 70.00, 1.00, 0.00
110.00, 54.00, 56.00, 1.00, 1.00
110.00, 59.00, 59.00, 1.00, 1.00
110.00, 62.00, 61.00, 1.00, 1.00
110.00, 74.00, 68.00, 1.00, 0.00
111.00, 52.00, 55.00, 1.00, 1.00
111.00, 73.00, 67.00, 1.00, 0.00
112.00, 57.00, 58.00, 1.00, 1.00
112.00, 61.00, 60.00, 1.00, 1.00
112.00, 64.00, 62.00, 1.00, 1.00
112.00, 69.00, 65.00, 2.00, 0.00
113.00, 57.00, 58.00, 1.00, 1.00
113.00, 61.00, 60.00, 1.00, 1.00
113.00, 64.00, 62.00, 1.00, 1.00
114.00, 40.00, 48.00, 1.00, 1.00
114.00, 78.00, 70.00, 0.50, 0.00
114.50, 77.00, 69.00, 0.50, 0.00
115.00, 52.00, 55.00, 1.00, 1.00
115.00, 56.00, 57.00, 1.00, 1.00
115.00, 62.00, 61.00, 1.00, 1.00
115.00, 78.00, 70.00, 1.00, 0.00
116.00, 52.00, 55.00, 1.00, 1.00
116.00, 56.00, 57.00, 1.00, 1.00
116.00, 62.00, 61.00, 1.00, 1.00
116.00, 74.00, 68.00, 1.00, 0.00
117.00, 45.00, 51.00, 1.00, 1.00
117.00, 73.00, 67.00, 1.00, 0.00
118.00, 52.00, 55.00, 1.00, 1.00
118.00, 57.00, 58.00, 1.00, 1.00
118.00, 61.00, 60.00, 1.00, 1.00
118.00, 69.00, 65.00, 2.00, 0.00
119.00, 54.00, 56.00, 1.00, 1.00
119.00, 61.00, 60.00, 1.00, 1.00
120.00, 47.00, 52.00, 1.00, 1.00
120.00, 78.00, 70.00, 0.50, 0.00
120.50, 77.00, 69.00, 0.50, 0.00
121.00, 54.00, 56.00, 1.00, 1.00
121.00, 59.00, 59.00, 1.00, 1.00
121.00, 62.00, 61.00, 1.00, 1.00
121.00, 78.00, 70.00, 1.00, 0.00
122.00, 54.00, 56.00, 1.00, 1.00
122.00, 59.00, 59.00, 1.00, 1.00
122.00, 62.00, 61.00, 1.00, 1.00
122.00, 74.00, 68.00, 1.00, 0.00
123.00, 42.00, 49.00, 1.00, 1.00
123.00, 73.00, 67.00, 1.00, 0.00
124.00, 54.00, 56.00, 1.00, 1.00
124.00, 57.00, 58.00, 1.00, 1.00
124.00, 61.00, 60.00, 1.00, 1.00
124.00, 69.00, 65.00, 2.00, 0.00
125.00, 54.00, 56.00, 1.00, 1.00
125.00, 57.00, 58.00, 1.00, 1.00
125.00, 61.00, 60.00, 1.00, 1.00
126.00, 50.00, 54.00, 1.00, 1.00
126.00, 78.00, 70.00, 0.50, 0.00
126.50, 77.00, 69.00, 0.50, 0.00
127.00, 54.00, 56.00, 1.00, 1.00
127.00, 57.00, 58.00, 1.00, 1.00
127.00, 62.00, 61.00, 1.00, 1.00
127.00, 78.00, 70.00, 1.00, 0.00
128.00, 54.00, 56.00, 1.00, 1.00
128.00, 57.00, 58.00, 1.00, 1.00
128.00, 62.00, 61.00, 1.00, 1.00
128.00, 74.00, 68.00, 1.00, 0.00
129.00, 45.00, 51.00, 1.00, 1.00
129.00, 73.00, 67.00, 1.00, 0.00
130.00, 52.00, 55.00, 1.00, 1.00
130.00, 57.00, 58.00, 1.00, 1.00
130.00, 61.00, 60.00, 1.00, 1.00
130.00, 69.00, 65.00, 2.00, 0.00
131.00, 52.00, 55.00, 1.00, 1.00
131.00, 57.00, 58.00, 1.00, 1.00
131.00, 61.00, 60.00, 1.00, 1.00
132.00, 47.00, 52.00, 1.00, 1.00
132.00, 78.00, 70.00, 0.50, 0.00
132.50, 77.00, 69.00, 0.50, 0.00
133.00, 54.00, 56.00, 1.00, 1.00
133.00, 59.00, 59.00, 1.00, 1.00
133.00, 62.00, 61.00, 1.00, 1.00
133.00, 78.00, 70.00, 1.00, 0.00
134.00, 54.00, 56.00, 1.00, 1.00
134.00, 59.00, 59.00, 1.00, 1.00
134.00, 62.00, 61.00, 1.00, 1.00
134.00, 74.00, 68.00, 1.00, 0.00
135.00, 52.00, 55.00, 1.00, 1.00
135.00, 73.00, 67.00, 1.00, 0.00
136.00, 57.00, 58.00, 1.00, 1.00
136.00, 61.00, 60.00, 1.00, 1.00
136.00, 64.00, 62.00, 1.00, 1.00
136.00, 69.00, 65.00, 2.00, 0.00
137.00, 57.00, 58.00, 1.00, 1.00
137.00, 61.00, 60.00, 1.00, 1.00
137.00, 64.00, 62.00, 1.00, 1.00
138.00, 40.00, 48.00, 1.00, 1.00
138.00, 78.00, 70.00, 0.50, 0.00
138.50, 77.00, 69.00, 0.50, 0.00
139.00, 52.00, 55.00, 1.00, 1.00
139.00, 56.00, 57.00, 1.00, 1.00
139.00, 62.00, 61.00, 1.00, 1.00
139.00, 78.00, 70.00, 1.00, 0.00
140.00, 52.00, 55.00, 1.00, 1.00
140.00, 56.00, 57.00, 1.00, 1.00
140.00, 62.00, 61.00, 1.00, 1.00
140.00, 74.00, 68.00, 1.00, 0.00
141.00, 45.00, 51.00, 1.00, 1.00
141.00, 73.00, 67.00, 1.00, 0.00
142.00, 57.00, 58.00, 1.00, 1.00
142.00, 61.00, 60.00, 1.00, 1.00
142.00, 69.00, 65.00, 1.00, 0.00
143.00, 47.00, 52.00, 1.00, 1.00
143.00, 54.00, 56.00, 1.00, 1.00
143.00, 59.00, 59.00, 1.00, 1.00
143.00, 62.00, 61.00, 1.00, 0.00
143.00, 66.00, 63.00, 1.00, 0.00
144.00, 49.00, 53.00, 1.00, 1.00
144.00, 56.00, 57.00, 1.00, 1.00
144.00, 59.00, 59.00, 1.00, 1.00
144.00, 62.00, 61.00, 1.00, 0.00
144.00, 65.00, 62.00, 0.50, 0.00
144.50, 66.00, 63.00, 0.50, 0.00
145.00, 49.00, 53.00, 1.00, 1.00
145.00, 54.00, 56.00, 1.00, 1.00
145.00, 59.00, 59.00, 1.00, 1.00
145.00, 62.00, 61.00, 1.00, 0.00
145.00, 68.00, 64.00, 1.00, 0.00
146.00, 49.00, 53.00, 1.00, 1.00
146.00, 53.00, 55.00, 1.00, 1.00
146.00, 59.00, 59.00, 1.00, 1.00
146.00, 61.00, 60.00, 1.00, 0.00
146.00, 69.00, 65.00, 0.50, 0.00
146.50, 68.00, 64.00, 0.50, 0.00
147.00, 42.00, 49.00, 1.00, 1.00
147.00, 61.00, 60.00, 1.00, 0.00
147.00, 66.00, 63.00, 0.50, 0.00
147.50, 68.00, 64.00, 0.50, 0.00
148.00, 54.00, 56.00, 1.00, 1.00
148.00, 57.00, 58.00, 1.00, 1.00
148.00, 61.00, 60.00, 1.00, 0.00
148.00, 69.00, 65.00, 1.00, 0.00
149.00, 53.00, 56.00, 1.00, 1.00
149.00, 57.00, 58.00, 1.00, 1.00
149.00, 63.00, 61.00, 1.00, 0.00
149.00, 71.00, 66.00, 0.50, 0.00
149.50, 69.00, 65.00, 0.50, 0.00
150.00, 52.00, 55.00, 1.00, 1.00
150.00, 59.00, 59.00, 1.00, 1.00
150.00, 64.00, 62.00, 1.00, 0.00
150.00, 68.00, 64.00, 0.50, 0.00
150.50, 69.00, 65.00, 0.50, 0.00
151.00, 52.00, 55.00, 1.00, 1.00
151.00, 57.00, 58.00, 1.00, 1.00
151.00, 62.00, 61.00, 1.00, 1.00
151.00, 65.00, 63.00, 1.00, 0.00
151.00, 71.00, 66.00, 1.00, 0.00
152.00, 52.00, 55.00, 1.00, 1.00
152.00, 56.00, 57.00, 1.00, 1.00
152.00, 62.00, 61.00, 1.00, 1.00
152.00, 64.00, 62.00, 1.00, 0.00
152.00, 73.00, 67.00, 0.50, 0.00
152.50, 71.00, 66.00, 0.50, 0.00
153.00, 45.00, 51.00, 1.00, 1.00
153.00, 64.00, 62.00, 1.00, 0.00
153.00, 69.00, 65.00, 0.50, 0.00
153.50, 71.00, 66.00, 0.50, 0.00
154.00, 57.00, 58.00, 1.00, 1.00
154.00, 64.00, 62.00, 1.00, 1.00
154.00, 69.00, 65.00, 1.00, 0.00
154.00, 73.00, 67.00, 1.00, 0.00
155.00, 57.00, 58.00, 1.00, 1.00
155.00, 61.00, 60.00, 1.00, 1.00
155.00, 67.00, 63.00, 1.00, 0.00
155.00, 75.00, 68.00, 0.50, 0.00
155.50, 73.00, 67.00, 0.50, 0.00
156.00, 56.00, 57.00, 1.00, 1.00
156.00, 63.00, 61.00, 1.00, 1.00
156.00, 68.00, 64.00, 1.00, 0.00
156.00, 72.00, 66.00, 0.50, 0.00
156.50, 73.00, 67.00, 0.50, 0.00
157.00, 56.00, 57.00, 1.00, 1.00
157.00, 61.00, 60.00, 1.00, 1.00
157.00, 66.00, 63.00, 1.00, 1.00
157.00, 69.00, 65.00, 1.00, 0.00
157.00, 75.00, 68.00, 1.00, 0.00
158.00, 56.00, 57.00, 1.00, 1.00
158.00, 60.00, 59.00, 1.00, 1.00
158.00, 66.00, 63.00, 1.00, 1.00
158.00, 68.00, 64.00, 1.00, 0.00
158.00, 77.00, 69.00, 0.50, 0.00
158.50, 75.00, 68.00, 0.50, 0.00
159.00, 49.00, 53.00, 1.00, 1.00
159.00, 71.00, 66.00, 1.00, 0.00
159.00, 73.00, 67.00, 0.50, 0.00
159.50, 75.00, 68.00, 0.50, 0.00
160.00, 61.00, 60.00, 1.00, 1.00
160.00, 68.00, 64.00, 1.00, 1.00
160.00, 71.00, 66.00, 1.00, 0.00
160.00, 73.00, 67.00, 1.00, 0.00
160.00, 77.00, 69.00, 1.00, 0.00
161.00, 61.00, 60.00, 1.00, 1.00
161.00, 69.00, 65.00, 1.00, 1.00
161.00, 73.00, 67.00, 1.00, 0.00
161.00, 78.00, 70.00, 1.00, 0.00
162.00, 61.00, 60.00, 0.50, 1.00
162.00, 68.00, 64.00, 0.50, 1.00
162.00, 71.00, 66.00, 0.50, 1.00
162.00, 73.00, 67.00, 1.00, 0.00
162.00, 77.00, 69.00, 0.50, 0.00
162.50, 66.00, 63.00, 0.50, 1.00
162.50, 78.00, 70.00, 0.50, 0.00
163.00, 61.00, 60.00, 1.00, 1.00
163.00, 65.00, 62.00, 1.00, 1.00
163.00, 71.00, 66.00, 1.00, 1.00
163.00, 73.00, 67.00, 1.00, 0.00
163.00, 80.00, 71.00, 1.00, 0.00
164.00, 61.00, 60.00, 1.00, 1.00
164.00, 65.00, 62.00, 1.00, 1.00
164.00, 71.00, 66.00, 1.00, 1.00
164.00, 73.00, 67.00, 1.00, 0.00
164.00, 81.00, 72.00, 1.00, 0.00
165.00, 42.00, 49.00, 1.00, 1.00
165.00, 78.00, 70.00, 2.00, 0.00
166.00, 54.00, 56.00, 1.00, 1.00
166.00, 61.00, 60.00, 1.00, 1.00
166.00, 66.00, 63.00, 1.00, 1.00
166.00, 69.00, 65.00, 1.00, 0.00
166.00, 73.00, 67.00, 1.00, 0.00
167.00, 50.00, 54.00, 1.00, 1.00
167.00, 56.00, 57.00, 1.00, 1.00
167.00, 60.00, 59.00, 1.00, 0.00
167.00, 66.00, 63.00, 1.00, 0.00
168.00, 49.00, 53.00, 1.00, 1.00
168.00, 56.00, 57.00, 1.00, 1.00
168.00, 61.00, 60.00, 1.00, 0.00
168.00, 65.00, 62.00, 0.50, 0.00
168.50, 66.00, 63.00, 0.50, 0.00
169.00, 49.00, 53.00, 1.00, 1.00
169.00, 54.00, 56.00, 1.00, 1.00
169.00, 59.00, 59.00, 1.00, 1.00
169.00, 62.00, 61.00, 1.00, 0.00
169.00, 68.00, 64.00, 1.00, 0.00
170.00, 49.00, 53.00, 1.00, 1.00
170.00, 53.00, 55.00, 1.00, 1.00
170.00, 59.00, 59.00, 1.00, 1.00
170.00, 61.00, 60.00, 1.00, 0.00
170.00, 69.00, 65.00, 0.50, 0.00
170.50, 68.00, 64.00, 0.50, 0.00
171.00, 42.00, 49.00, 1.00, 1.00
171.00, 61.00, 60.00, 1.00, 0.00
171.00, 66.00, 63.00, 0.50, 0.00
171.50, 68.00, 64.00, 0.50, 0.00
172.00, 54.00, 56.00, 1.00, 1.00
172.00, 57.00, 58.00, 1.00, 1.00
172.00, 61.00, 60.00, 1.00, 0.00
172.00, 69.00, 65.00, 1.00, 0.00
173.00, 53.00, 56.00, 1.00, 1.00
173.00, 57.00, 58.00, 1.00, 1.00
173.00, 63.00, 61.00, 1.00, 0.00
173.00, 71.00, 66.00, 0.50, 0.00
173.50, 69.00, 65.00, 0.50, 0.00
174.00, 52.00, 55.00, 1.00, 1.00
174.00, 59.00, 59.00, 1.00, 1.00
174.00, 64.00, 62.00, 1.00, 0.00
174.00, 68.00, 64.00, 0.50, 0.00
174.50, 69.00, 65.00, 0.50, 0.00
175.00, 52.00, 55.00, 1.00, 1.00
175.00, 57.00, 58.00, 1.00, 1.00
175.00, 62.00, 61.00, 1.00, 1.00
175.00, 65.00, 63.00, 1.00, 0.00
175.00, 71.00, 66.00, 1.00, 0.00
176.00, 52.00, 55.00, 1.00, 1.00
176.00, 56.00, 57.00, 1.00, 1.00
176.00, 62.00, 61.00, 1.00, 1.00
176.00, 64.00, 62.00, 1.00, 0.00
176.00, 73.00, 67.00, 0.50, 0.00
176.50, 71.00, 66.00, 0.50, 0.00
177.00, 45.00, 51.00, 1.00, 1.00
177.00, 64.00, 62.00, 1.00, 0.00
177.00, 69.00, 65.00, 0.50, 0.00
177.50, 71.00, 66.00, 0.50, 0.00
178.00, 57.00, 58.00, 1.00, 1.00
178.00, 64.00, 62.00, 1.00, 1.00
178.00, 69.00, 65.00, 1.00, 0.00
178.00, 73.00, 67.00, 1.00, 0.00
179.00, 57.00, 58.00, 1.00, 1.00
179.00, 61.00, 60.00, 1.00, 1.00
179.00, 67.00, 63.00, 1.00, 0.00
179.00, 75.00, 68.00, 0.50, 0.00
179.50, 73.00, 67.00, 0.50, 0.00
180.00, 56.00, 57.00, 1.00, 1.00
180.00, 63.00, 61.00, 1.00, 1.00
180.00, 68.00, 64.00, 1.00, 0.00
180.00, 72.00, 66.00, 0.50, 0.00
180.50, 73.00, 67.00, 0.50, 0.00
181.00, 56.00, 57.00, 1.00, 1.00
181.00, 61.00, 60.00, 1.00, 1.00
181.00, 66.00, 63.00, 1.00, 1.00
181.00, 69.00, 65.00, 1.00, 0.00
181.00, 75.00, 68.00, 1.00, 0.00
182.00, 56.00, 57.00, 1.00, 1.00
182.00, 60.00, 59.00, 1.00, 1.00
182.00, 66.00, 63.00, 1.00, 1.00
182.00, 68.00, 64.00, 1.00, 0.00
182.00, 77.00, 69.00, 0.50, 0.00
182.50, 75.00, 68.00, 0.50, 0.00
183.00, 49.00, 53.00, 1.00, 1.00
183.00, 61.00, 60.00, 1.00, 1.00
183.00, 71.00, 66.00, 1.00, 0.00
183.00, 73.00, 67.00, 0.50, 0.00
183.50, 75.00, 68.00, 0.50, 0.00
184.00, 61.00, 60.00, 1.00, 1.00
184.00, 68.00, 64.00, 1.00, 1.00
184.00, 71.00, 66.00, 1.00, 0.00
184.00, 73.00, 67.00, 1.00, 0.00
184.00, 77.00, 69.00, 1.00, 0.00
185.00, 61.00, 60.00, 1.00, 1.00
185.00, 69.00, 65.00, 1.00, 1.00
185.00, 73.00, 67.00, 1.00, 0.00
185.00, 78.00, 70.00, 1.00, 0.00
186.00, 61.00, 60.00, 0.75, 1.00
186.00, 68.00, 64.00, 0.75, 1.00
186.00, 71.00, 66.00, 0.75, 1.00
186.00, 73.00, 67.00, 0.75, 0.00
186.00, 77.00, 69.00, 0.75, 0.00
186.75, 61.00, 60.00, 0.25, 1.00
186.75, 66.00, 63.00, 0.25, 1.00
186.75, 71.00, 66.00, 0.25, 1.00
186.75, 74.00, 68.00, 0.25, 0.00
186.75, 86.00, 75.00, 0.25, 0.00
187.00, 61.00, 60.00, 1.00, 1.00
187.00, 65.00, 62.00, 1.00, 1.00
187.00, 71.00, 66.00, 1.00, 1.00
187.00, 73.00, 67.00, 1.00, 0.00
187.00, 85.00, 74.00, 1.00, 0.00
188.00, 61.00, 60.00, 1.00, 1.00
188.00, 65.00, 62.00, 1.00, 1.00
188.00, 71.00, 66.00, 1.00, 1.00
188.00, 73.00, 67.00, 1.00, 0.00
188.00, 80.00, 71.00, 0.50, 0.00
188.50, 81.00, 72.00, 0.50, 0.00
189.00, 54.00, 56.00, 1.00, 1.00
189.00, 61.00, 60.00, 1.00, 1.00
189.00, 66.00, 63.00, 1.00, 1.00
189.00, 69.00, 65.00, 1.00, 0.00
189.00, 78.00, 70.00, 1.00, 0.00
190.00, 42.00, 49.00, 1.00, 1.00
190.00, 54.00, 56.00, 1.00, 1.00
190.00, 78.00, 70.00, 1.00, 0.00
190.00, 90.00, 77.00, 1.00, 0.00
