ontime, MNN, MPN, duration, channel
-1.00, 69.00, 65.00, 1.50, 0.00
0.00, 50.00, 54.00, 1.00, 1.00
0.00, 66.00, 63.00, 1.00, 0.00
0.50, 73.00, 67.00, 0.50, 0.00
1.00, 50.00, 54.00, 1.00, 1.00
1.00, 57.00, 58.00, 1.00, 1.00
1.00, 62.00, 61.00, 1.00, 1.00
1.00, 66.00, 63.00, 1.00, 0.00
1.00, 74.00, 68.00, 0.50, 0.00
1.50, 76.00, 69.00, 0.50, 0.00
2.00, 50.00, 54.00, 1.00, 1.00
2.00, 57.00, 58.00, 1.00, 1.00
2.00, 62.00, 61.00, 1.00, 1.00
2.00, 66.00, 63.00, 1.00, 0.00
2.00, 78.00, 70.00, 0.50, 0.00
2.50, 79.00, 71.00, 0.50, 0.00
3.00, 45.00, 51.00, 1.00, 1.00
3.00, 78.00, 70.00, 1.00, 0.00
4.00, 52.00, 55.00, 1.00, 1.00
4.00, 57.00, 58.00, 1.00, 1.00
4.00, 61.00, 60.00, 1.00, 1.00
4.00, 67.00, 64.00, 1.00, 0.00
4.00, 76.00, 69.00, 0.50, 0.00
4.50, 74.00, 68.00, 0.50, 0.00
5.00, 52.00, 55.00, 1.00, 1.00
5.00, 57.00, 58.00, 1.00, 1.00
5.00, 61.00, 60.00, 1.00, 1.00
5.00, 67.00, 64.00, 1.00, 0.00
5.00, 73.00, 67.00, 0.50, 0.00
5.50, 71.00, 66.00, 0.50, 0.00
6.00, 38.00, 47.00, 1.00, 1.00
6.00, 69.00, 65.00, 0.50, 0.00
6.50, 74.00, 68.00, 0.50, 0.00
7.00, 50.00, 54.00, 1.00, 1.00
7.00, 57.00, 58.00, 1.00, 1.00
7.00, 62.00, 61.00, 1.00, 1.00
7.00, 66.00, 63.00, 1.00, 0.00
7.00, 74.00, 68.00, 0.33, 0.00
7.33, 76.00, 69.00, 0.33, 0.00
7.67, 74.00, 68.00, 0.33, 0.00
8.00, 50.00, 54.00, 1.00, 1.00
8.00, 57.00, 58.00, 1.00, 1.00
8.00, 62.00, 61.00, 1.00, 1.00
8.00, 66.00, 63.00, 1.00, 0.00
8.00, 73.00, 67.00, 0.50, 0.00
8.50, 71.00, 66.00, 0.50, 0.00
9.00, 45.00, 51.00, 1.00, 1.00
9.00, 73.00, 67.00, 2.00, 0.00
10.00, 57.00, 58.00, 1.00, 1.00
10.00, 64.00, 62.00, 1.00, 0.00
10.00, 69.00, 65.00, 1.00, 0.00
11.00, 57.00, 58.00, 1.00, 1.00
11.00, 64.00, 62.00, 1.00, 1.00
11.00, 67.00, 64.00, 1.00, 0.00
11.00, 69.00, 65.00, 1.00, 0.00
12.00, 50.00, 54.00, 1.00, 1.00
12.00, 69.00, 65.00, 0.50, 0.00
12.50, 73.00, 67.00, 0.50, 0.00
13.00, 57.00, 58.00, 1.00, 1.00
13.00, 62.00, 61.00, 1.00, 1.00
13.00, 66.00, 63.00, 1.00, 0.00
13.00, 74.00, 68.00, 0.50, 0.00
13.50, 76.00, 69.00, 0.50, 0.00
14.00, 50.00, 54.00, 1.00, 1.00
14.00, 57.00, 58.00, 1.00, 1.00
14.00, 62.00, 61.00, 1.00, 1.00
14.00, 66.00, 63.00, 1.00, 0.00
14.00, 78.00, 70.00, 0.50, 0.00
14.50, 79.00, 71.00, 0.50, 0.00
15.00, 43.00, 50.00, 1.00, 1.00
15.00, 78.00, 70.00, 1.00, 0.00
16.00, 59.00, 59.00, 1.00, 1.00
16.00, 64.00, 62.00, 1.00, 1.00
16.00, 67.00, 64.00, 1.00, 0.00
16.00, 76.00, 69.00, 0.50, 0.00
16.50, 74.00, 68.00, 0.50, 0.00
17.00, 52.00, 55.00, 1.00, 1.00
17.00, 59.00, 59.00, 1.00, 1.00
17.00, 64.00, 62.00, 1.00, 1.00
17.00, 67.00, 64.00, 1.00, 0.00
17.00, 73.00, 67.00, 0.50, 0.00
17.50, 71.00, 66.00, 0.50, 0.00
18.00, 45.00, 51.00, 1.00, 1.00
18.00, 69.00, 65.00, 0.50, 0.00
18.50, 73.00, 67.00, 0.50, 0.00
19.00, 57.00, 58.00, 1.00, 1.00
19.00, 64.00, 62.00, 1.00, 1.00
19.00, 67.00, 64.00, 1.00, 0.00
19.00, 73.00, 67.00, 0.33, 0.00
19.33, 74.00, 68.00, 0.33, 0.00
19.67, 73.00, 67.00, 0.33, 0.00
20.00, 57.00, 58.00, 1.00, 1.00
20.00, 64.00, 62.00, 1.00, 1.00
20.00, 67.00, 64.00, 1.00, 0.00
20.00, 71.00, 66.00, 0.50, 0.00
20.50, 69.00, 65.00, 0.50, 0.00
21.00, 38.00, 47.00, 1.00, 1.00
21.00, 74.00, 68.00, 3.00, 0.00
22.00, 50.00, 54.00, 1.00, 1.00
22.00, 57.00, 58.00, 1.00, 1.00
22.00, 62.00, 61.00, 1.00, 1.00
22.00, 66.00, 63.00, 1.00, 0.00
23.00, 50.00, 54.00, 2.00, 1.00
23.00, 57.00, 58.00, 2.00, 1.00
23.00, 62.00, 61.00, 2.00, 1.00
23.00, 66.00, 63.00, 2.00, 0.00
24.00, 69.00, 65.00, 0.50, 0.00
24.50, 73.00, 67.00, 0.50, 0.00
25.00, 50.00, 54.00, 1.00, 1.00
25.00, 57.00, 58.00, 1.00, 1.00
25.00, 62.00, 61.00, 1.00, 1.00
25.00, 66.00, 63.00, 1.00, 0.00
25.00, 74.00, 68.00, 0.50, 0.00
25.50, 76.00, 69.00, 0.50, 0.00
26.00, 50.00, 54.00, 1.00, 1.00
26.00, 57.00, 58.00, 1.00, 1.00
26.00, 62.00, 61.00, 1.00, 1.00
26.00, 66.00, 63.00, 1.00, 0.00
26.00, 78.00, 70.00, 0.50, 0.00
26.50, 79.00, 71.00, 0.50, 0.00
27.00, 45.00, 51.00, 1.00, 1.00
27.00, 78.00, 70.00, 1.00, 0.00
28.00, 52.00, 55.00, 1.00, 1.00
28.00, 57.00, 58.00, 1.00, 1.00
28.00, 61.00, 60.00, 1.00, 1.00
28.00, 67.00, 64.00, 1.00, 0.00
28.00, 76.00, 69.00, 0.50, 0.00
28.50, 74.00, 68.00, 0.50, 0.00
29.00, 52.00, 55.00, 1.00, 1.00
29.00, 57.00, 58.00, 1.00, 1.00
29.00, 61.00, 60.00, 1.00, 1.00
29.00, 67.00, 64.00, 1.00, 0.00
29.00, 73.00, 67.00, 0.50, 0.00
29.50, 71.00, 66.00, 0.50, 0.00
30.00, 38.00, 47.00, 1.00, 1.00
30.00, 69.00, 65.00, 0.50, 0.00
30.50, 74.00, 68.00, 0.50, 0.00
31.00, 50.00, 54.00, 1.00, 1.00
31.00, 57.00, 58.00, 1.00, 1.00
31.00, 62.00, 61.00, 1.00, 1.00
31.00, 66.00, 63.00, 1.00, 0.00
31.00, 74.00, 68.00, 0.33, 0.00
31.33, 76.00, 69.00, 0.33, 0.00
31.67, 74.00, 68.00, 0.33, 0.00
32.00, 50.00, 54.00, 1.00, 1.00
32.00, 57.00, 58.00, 1.00, 1.00
32.00, 62.00, 61.00, 1.00, 1.00
32.00, 66.00, 63.00, 1.00, 0.00
32.00, 73.00, 67.00, 0.50, 0.00
32.50, 71.00, 66.00, 0.50, 0.00
33.00, 45.00, 51.00, 1.00, 1.00
33.00, 73.00, 67.00, 2.00, 0.00
34.00, 57.00, 58.00, 1.00, 1.00
34.00, 61.00, 60.00, 1.00, 1.00
34.00, 64.00, 62.00, 1.00, 0.00
34.00, 69.00, 65.00, 1.00, 0.00
35.00, 57.00, 58.00, 2.00, 1.00
35.00, 64.00, 62.00, 1.00, 1.00
35.00, 67.00, 64.00, 1.00, 0.00
35.00, 69.00, 65.00, 1.00, 0.00
36.00, 50.00, 54.00, 1.00, 1.00
36.00, 69.00, 65.00, 0.50, 0.00
36.50, 73.00, 67.00, 0.50, 0.00
37.00, 57.00, 58.00, 1.00, 1.00
37.00, 62.00, 61.00, 1.00, 1.00
37.00, 66.00, 63.00, 1.00, 0.00
37.00, 74.00, 68.00, 0.50, 0.00
37.50, 76.00, 69.00, 0.50, 0.00
38.00, 50.00, 54.00, 1.00, 1.00
38.00, 57.00, 58.00, 1.00, 1.00
38.00, 62.00, 61.00, 1.00, 1.00
38.00, 66.00, 63.00, 1.00, 0.00
38.00, 78.00, 70.00, 0.50, 0.00
38.50, 79.00, 71.00, 0.50, 0.00
39.00, 43.00, 50.00, 1.00, 1.00
39.00, 78.00, 70.00, 1.00, 0.00
40.00, 59.00, 59.00, 1.00, 1.00
40.00, 64.00, 62.00, 1.00, 1.00
40.00, 67.00, 64.00, 1.00, 0.00
40.00, 76.00, 69.00, 0.50, 0.00
40.50, 74.00, 68.00, 0.50, 0.00
41.00, 52.00, 55.00, 1.00, 1.00
41.00, 59.00, 59.00, 1.00, 1.00
41.00, 64.00, 62.00, 1.00, 1.00
41.00, 67.00, 64.00, 1.00, 0.00
41.00, 73.00, 67.00, 0.50, 0.00
41.50, 71.00, 66.00, 0.50, 0.00
42.00, 45.00, 51.00, 1.00, 1.00
42.00, 69.00, 65.00, 0.50, 0.00
42.50, 73.00, 67.00, 0.50, 0.00
43.00, 57.00, 58.00, 1.00, 1.00
43.00, 64.00, 62.00, 1.00, 1.00
43.00, 67.00, 64.00, 1.00, 0.00
43.00, 73.00, 67.00, 0.33, 0.00
43.33, 74.00, 68.00, 0.33, 0.00
43.67, 73.00, 67.00, 0.33, 0.00
44.00, 57.00, 58.00, 1.00, 1.00
44.00, 64.00, 62.00, 1.00, 1.00
44.00, 67.00, 64.00, 1.00, 0.00
44.00, 71.00, 66.00, 0.50, 0.00
44.50, 69.00, 65.00, 0.50, 0.00
45.00, 38.00, 47.00, 1.00, 1.00
45.00, 74.00, 68.00, 3.00, 0.00
46.00, 50.00, 54.00, 1.00, 1.00
46.00, 57.00, 58.00, 1.00, 1.00
46.00, 62.00, 61.00, 1.00, 1.00
46.00, 66.00, 63.00, 1.00, 0.00
47.00, 50.00, 54.00, 1.00, 1.00
47.00, 57.00, 58.00, 1.00, 1.00
47.00, 62.00, 61.00, 1.00, 1.00
47.00, 66.00, 63.00, 1.00, 0.00
48.00, 45.00, 51.00, 1.00, 1.00
48.00, 64.00, 62.00, 0.50, 0.00
48.50, 68.00, 64.00, 0.50, 0.00
49.00, 45.00, 51.00, 1.00, 1.00
49.00, 52.00, 55.00, 1.00, 1.00
49.00, 57.00, 58.00, 1.00, 1.00
49.00, 61.00, 60.00, 1.00, 0.00
49.00, 69.00, 65.00, 0.50, 0.00
49.50, 71.00, 66.00, 0.50, 0.00
50.00, 45.00, 51.00, 1.00, 1.00
50.00, 52.00, 55.00, 1.00, 1.00
50.00, 57.00, 58.00, 1.00, 1.00
50.00, 61.00, 60.00, 1.00, 0.00
50.00, 73.00, 67.00, 0.50, 0.00
50.50, 74.00, 68.00, 0.50, 0.00
51.00, 40.00, 48.00, 1.00, 1.00
51.00, 73.00, 67.00, 1.00, 0.00
52.00, 52.00, 55.00, 1.00, 1.00
52.00, 59.00, 59.00, 1.00, 1.00
52.00, 62.00, 61.00, 1.00, 0.00
52.00, 71.00, 66.00, 0.50, 0.00
52.50, 69.00, 65.00, 0.50, 0.00
53.00, 52.00, 55.00, 1.00, 1.00
53.00, 59.00, 59.00, 1.00, 1.00
53.00, 62.00, 61.00, 1.00, 0.00
53.00, 68.00, 64.00, 0.50, 0.00
53.50, 66.00, 63.00, 0.50, 0.00
54.00, 33.00, 44.00, 1.00, 1.00
54.00, 64.00, 62.00, 0.50, 0.00
54.50, 69.00, 65.00, 0.50, 0.00
55.00, 45.00, 51.00, 1.00, 1.00
55.00, 52.00, 55.00, 1.00, 1.00
55.00, 57.00, 58.00, 1.00, 1.00
55.00, 61.00, 60.00, 1.00, 0.00
55.00, 69.00, 65.00, 0.33, 0.00
55.33, 71.00, 66.00, 0.33, 0.00
55.67, 69.00, 65.00, 0.33, 0.00
56.00, 45.00, 51.00, 1.00, 1.00
56.00, 52.00, 55.00, 1.00, 1.00
56.00, 57.00, 58.00, 1.00, 1.00
56.00, 61.00, 60.00, 1.00, 0.00
56.00, 68.00, 64.00, 0.50, 0.00
56.50, 66.00, 63.00, 0.50, 0.00
57.00, 40.00, 48.00, 1.00, 1.00
57.00, 68.00, 64.00, 2.00, 0.00
58.00, 52.00, 55.00, 1.00, 1.00
58.00, 59.00, 59.00, 1.00, 0.00
58.00, 64.00, 62.00, 1.00, 0.00
59.00, 52.00, 55.00, 1.00, 1.00
59.00, 59.00, 59.00, 1.00, 1.00
59.00, 62.00, 61.00, 1.00, 0.00
59.00, 64.00, 62.00, 1.00, 0.00
60.00, 45.00, 51.00, 1.00, 1.00
60.00, 64.00, 62.00, 0.50, 0.00
60.50, 68.00, 64.00, 0.50, 0.00
61.00, 52.00, 55.00, 1.00, 1.00
61.00, 57.00, 58.00, 1.00, 1.00
61.00, 61.00, 60.00, 1.00, 0.00
61.00, 69.00, 65.00, 0.50, 0.00
61.50, 71.00, 66.00, 0.50, 0.00
62.00, 45.00, 51.00, 1.00, 1.00
62.00, 52.00, 55.00, 1.00, 1.00
62.00, 57.00, 58.00, 1.00, 1.00
62.00, 61.00, 60.00, 1.00, 0.00
62.00, 73.00, 67.00, 0.50, 0.00
62.50, 74.00, 68.00, 0.50, 0.00
63.00, 38.00, 47.00, 1.00, 1.00
63.00, 73.00, 67.00, 1.00, 0.00
64.00, 54.00, 56.00, 1.00, 1.00
64.00, 59.00, 59.00, 1.00, 1.00
64.00, 62.00, 61.00, 1.00, 0.00
64.00, 71.00, 66.00, 0.50, 0.00
64.50, 69.00, 65.00, 0.50, 0.00
65.00, 47.00, 52.00, 1.00, 1.00
65.00, 54.00, 56.00, 1.00, 1.00
65.00, 59.00, 59.00, 1.00, 1.00
65.00, 62.00, 61.00, 1.00, 0.00
65.00, 68.00, 64.00, 0.50, 0.00
65.50, 66.00, 63.00, 0.50, 0.00
66.00, 40.00, 48.00, 1.00, 1.00
66.00, 64.00, 62.00, 0.50, 0.00
66.50, 68.00, 64.00, 0.50, 0.00
67.00, 52.00, 55.00, 1.00, 1.00
67.00, 59.00, 59.00, 1.00, 1.00
67.00, 62.00, 61.00, 1.00, 0.00
67.00, 68.00, 64.00, 0.33, 0.00
67.33, 69.00, 65.00, 0.33, 0.00
67.67, 68.00, 64.00, 0.33, 0.00
68.00, 52.00, 55.00, 1.00, 1.00
68.00, 59.00, 59.00, 1.00, 1.00
68.00, 62.00, 61.00, 1.00, 0.00
68.00, 66.00, 63.00, 0.50, 0.00
68.50, 64.00, 62.00, 0.50, 0.00
69.00, 33.00, 44.00, 1.00, 1.00
69.00, 69.00, 65.00, 3.00, 0.00
70.00, 45.00, 51.00, 1.00, 1.00
70.00, 52.00, 55.00, 1.00, 1.00
70.00, 57.00, 58.00, 1.00, 1.00
70.00, 61.00, 60.00, 1.00, 0.00
71.00, 45.00, 51.00, 2.00, 1.00
71.00, 52.00, 55.00, 2.00, 1.00
71.00, 57.00, 58.00, 2.00, 1.00
71.00, 61.00, 60.00, 2.00, 0.00
72.00, 64.00, 62.00, 0.50, 0.00
72.50, 68.00, 64.00, 0.50, 0.00
73.00, 45.00, 51.00, 1.00, 1.00
73.00, 52.00, 55.00, 1.00, 1.00
73.00, 57.00, 58.00, 1.00, 1.00
73.00, 61.00, 60.00, 1.00, 0.00
73.00, 69.00, 65.00, 0.50, 0.00
73.50, 71.00, 66.00, 0.50, 0.00
74.00, 45.00, 51.00, 1.00, 1.00
74.00, 52.00, 55.00, 1.00, 1.00
74.00, 57.00, 58.00, 1.00, 1.00
74.00, 61.00, 60.00, 1.00, 0.00
74.00, 73.00, 67.00, 0.50, 0.00
74.50, 74.00, 68.00, 0.50, 0.00
75.00, 40.00, 48.00, 1.00, 1.00
75.00, 73.00, 67.00, 1.00, 0.00
76.00, 52.00, 55.00, 1.00, 1.00
76.00, 59.00, 59.00, 1.00, 1.00
76.00, 62.00, 61.00, 1.00, 0.00
76.00, 71.00, 66.00, 0.50, 0.00
76.50, 69.00, 65.00, 0.50, 0.00
77.00, 52.00, 55.00, 1.00, 1.00
77.00, 59.00, 59.00, 1.00, 1.00
77.00, 62.00, 61.00, 1.00, 0.00
77.00, 68.00, 64.00, 0.50, 0.00
77.50, 66.00, 63.00, 0.50, 0.00
78.00, 33.00, 44.00, 1.00, 1.00
78.00, 64.00, 62.00, 0.50, 0.00
78.50, 69.00, 65.00, 0.50, 0.00
79.00, 45.00, 51.00, 1.00, 1.00
79.00, 52.00, 55.00, 1.00, 1.00
79.00, 57.00, 58.00, 1.00, 1.00
79.00, 61.00, 60.00, 1.00, 0.00
79.00, 69.00, 65.00, 0.33, 0.00
79.33, 71.00, 66.00, 0.33, 0.00
79.67, 69.00, 65.00, 0.33, 0.00
80.00, 45.00, 51.00, 1.00, 1.00
80.00, 52.00, 55.00, 1.00, 1.00
80.00, 57.00, 58.00, 1.00, 1.00
80.00, 61.00, 60.00, 1.00, 0.00
80.00, 68.00, 64.00, 0.50, 0.00
80.50, 66.00, 63.00, 0.50, 0.00
81.00, 40.00, 48.00, 1.00, 1.00
81.00, 68.00, 64.00, 2.00, 0.00
82.00, 52.00, 55.00, 1.00, 1.00
82.00, 59.00, 59.00, 1.00, 0.00
82.00, 64.00, 62.00, 1.00, 0.00
83.00, 52.00, 55.00, 2.00, 1.00
83.00, 59.00, 59.00, 1.00, 1.00
83.00, 62.00, 61.00, 1.00, 0.00
83.00, 64.00, 62.00, 1.00, 0.00
84.00, 45.00, 51.00, 1.00, 1.00
84.00, 64.00, 62.00, 0.50, 0.00
84.50, 68.00, 64.00, 0.50, 0.00
85.00, 52.00, 55.00, 1.00, 1.00
85.00, 57.00, 58.00, 1.00, 1.00
85.00, 61.00, 60.00, 1.00, 0.00
85.00, 69.00, 65.00, 0.50, 0.00
85.50, 71.00, 66.00, 0.50, 0.00
86.00, 45.00, 51.00, 1.00, 1.00
86.00, 52.00, 55.00, 1.00, 1.00
86.00, 57.00, 58.00, 1.00, 1.00
86.00, 61.00, 60.00, 1.00, 0.00
86.00, 73.00, 67.00, 0.50, 0.00
86.50, 74.00, 68.00, 0.50, 0.00
87.00, 38.00, 47.00, 1.00, 1.00
87.00, 73.00, 67.00, 1.00, 0.00
88.00, 54.00, 56.00, 1.00, 1.00
88.00, 59.00, 59.00, 1.00, 1.00
88.00, 62.00, 61.00, 1.00, 0.00
88.00, 71.00, 66.00, 0.50, 0.00
88.50, 69.00, 65.00, 0.50, 0.00
89.00, 47.00, 52.00, 1.00, 1.00
89.00, 54.00, 56.00, 1.00, 1.00
89.00, 59.00, 59.00, 1.00, 1.00
89.00, 62.00, 61.00, 1.00, 0.00
89.00, 68.00, 64.00, 0.50, 0.00
89.50, 66.00, 63.00, 0.50, 0.00
90.00, 40.00, 48.00, 1.00, 1.00
90.00, 64.00, 62.00, 0.50, 0.00
90.50, 68.00, 64.00, 0.50, 0.00
91.00, 52.00, 55.00, 1.00, 1.00
91.00, 59.00, 59.00, 1.00, 1.00
91.00, 62.00, 61.00, 1.00, 0.00
91.00, 68.00, 64.00, 0.33, 0.00
91.33, 69.00, 65.00, 0.33, 0.00
91.67, 68.00, 64.00, 0.33, 0.00
92.00, 52.00, 55.00, 1.00, 1.00
92.00, 59.00, 59.00, 1.00, 1.00
92.00, 62.00, 61.00, 1.00, 0.00
92.00, 66.00, 63.00, 0.50, 0.00
92.50, 64.00, 62.00, 0.50, 0.00
93.00, 33.00, 44.00, 1.00, 1.00
93.00, 69.00, 65.00, 3.50, 0.00
94.00, 57.00, 58.00, 1.00, 1.00
94.00, 61.00, 60.00, 1.00, 0.00
94.00, 64.00, 62.00, 1.00, 1.00
95.00, 57.00, 58.00, 1.00, 1.00
95.00, 61.00, 60.00, 1.00, 0.00
95.00, 64.00, 62.00, 1.00, 1.00
95.00, 67.00, 64.00, 1.00, 0.00
96.00, 50.00, 54.00, 1.00, 1.00
96.00, 66.00, 63.00, 1.00, 0.00
96.50, 73.00, 67.00, 0.50, 0.00
97.00, 50.00, 54.00, 1.00, 1.00
97.00, 57.00, 58.00, 1.00, 1.00
97.00, 62.00, 61.00, 1.00, 1.00
97.00, 66.00, 63.00, 1.00, 0.00
97.00, 74.00, 68.00, 0.50, 0.00
97.50, 76.00, 69.00, 0.50, 0.00
98.00, 50.00, 54.00, 1.00, 1.00
98.00, 57.00, 58.00, 1.00, 1.00
98.00, 62.00, 61.00, 1.00, 1.00
98.00, 66.00, 63.00, 1.00, 0.00
98.00, 78.00, 70.00, 0.50, 0.00
98.50, 79.00, 71.00, 0.50, 0.00
99.00, 45.00, 51.00, 1.00, 1.00
99.00, 78.00, 70.00, 1.00, 0.00
100.00, 52.00, 55.00, 1.00, 1.00
100.00, 57.00, 58.00, 1.00, 1.00
100.00, 61.00, 60.00, 1.00, 1.00
100.00, 67.00, 64.00, 1.00, 0.00
100.00, 76.00, 69.00, 0.50, 0.00
100.50, 74.00, 68.00, 0.50, 0.00
101.00, 52.00, 55.00, 1.00, 1.00
101.00, 57.00, 58.00, 1.00, 1.00
101.00, 61.00, 60.00, 1.00, 1.00
101.00, 67.00, 64.00, 1.00, 0.00
101.00, 73.00, 67.00, 0.50, 0.00
101.50, 71.00, 66.00, 0.50, 0.00
102.00, 38.00, 47.00, 1.00, 1.00
102.00, 69.00, 65.00, 0.50, 0.00
102.50, 74.00, 68.00, 0.50, 0.00
103.00, 50.00, 54.00, 1.00, 1.00
103.00, 57.00, 58.00, 1.00, 1.00
103.00, 62.00, 61.00, 1.00, 1.00
103.00, 66.00, 63.00, 1.00, 0.00
103.00, 74.00, 68.00, 0.33, 0.00
103.33, 76.00, 69.00, 0.33, 0.00
103.67, 74.00, 68.00, 0.33, 0.00
104.00, 50.00, 54.00, 1.00, 1.00
104.00, 57.00, 58.00, 1.00, 1.00
104.00, 62.00, 61.00, 1.00, 1.00
104.00, 66.00, 63.00, 1.00, 0.00
104.00, 73.00, 67.00, 0.50, 0.00
104.50, 71.00, 66.00, 0.50, 0.00
105.00, 45.00, 51.00, 1.00, 1.00
105.00, 73.00, 67.00, 2.00, 0.00
106.00, 57.00, 58.00, 1.00, 1.00
106.00, 64.00, 62.00, 1.00, 0.00
106.00, 69.00, 65.00, 1.00, 0.00
107.00, 57.00, 58.00, 1.00, 1.00
107.00, 64.00, 62.00, 1.00, 1.00
107.00, 67.00, 64.00, 1.00, 0.00
107.00, 69.00, 65.00, 1.00, 0.00
108.00, 50.00, 54.00, 1.00, 1.00
108.00, 69.00, 65.00, 0.50, 0.00
108.50, 73.00, 67.00, 0.50, 0.00
109.00, 57.00, 58.00, 1.00, 1.00
109.00, 62.00, 61.00, 1.00, 1.00
109.00, 66.00, 63.00, 1.00, 0.00
109.00, 74.00, 68.00, 0.50, 0.00
109.50, 76.00, 69.00, 0.50, 0.00
110.00, 50.00, 54.00, 1.00, 1.00
110.00, 57.00, 58.00, 1.00, 1.00
110.00, 62.00, 61.00, 1.00, 1.00
110.00, 66.00, 63.00, 1.00, 0.00
110.00, 78.00, 70.00, 0.50, 0.00
110.50, 79.00, 71.00, 0.50, 0.00
111.00, 43.00, 50.00, 1.00, 1.00
111.00, 78.00, 70.00, 1.00, 0.00
112.00, 59.00, 59.00, 1.00, 1.00
112.00, 64.00, 62.00, 1.00, 1.00
112.00, 67.00, 64.00, 1.00, 0.00
112.00, 76.00, 69.00, 0.50, 0.00
112.50, 74.00, 68.00, 0.50, 0.00
113.00, 52.00, 55.00, 1.00, 1.00
113.00, 59.00, 59.00, 1.00, 1.00
113.00, 64.00, 62.00, 1.00, 1.00
113.00, 67.00, 64.00, 1.00, 0.00
113.00, 73.00, 67.00, 0.50, 0.00
113.50, 71.00, 66.00, 0.50, 0.00
114.00, 45.00, 51.00, 1.00, 1.00
114.00, 69.00, 65.00, 0.50, 0.00
114.50, 73.00, 67.00, 0.50, 0.00
115.00, 57.00, 58.00, 1.00, 1.00
115.00, 64.00, 62.00, 1.00, 1.00
115.00, 67.00, 64.00, 1.00, 0.00
115.00, 73.00, 67.00, 0.33, 0.00
115.33, 74.00, 68.00, 0.33, 0.00
115.67, 73.00, 67.00, 0.33, 0.00
116.00, 57.00, 58.00, 1.00, 1.00
116.00, 64.00, 62.00, 1.00, 1.00
116.00, 67.00, 64.00, 1.00, 0.00
116.00, 71.00, 66.00, 0.50, 0.00
116.50, 69.00, 65.00, 0.50, 0.00
117.00, 38.00, 47.00, 1.00, 1.00
117.00, 74.00, 68.00, 3.00, 0.00
118.00, 50.00, 54.00, 1.00, 1.00
118.00, 57.00, 58.00, 1.00, 1.00
118.00, 62.00, 61.00, 1.00, 1.00
118.00, 66.00, 63.00, 1.00, 0.00
119.00, 50.00, 54.00, 2.00, 1.00
119.00, 57.00, 58.00, 2.00, 1.00
119.00, 62.00, 61.00, 2.00, 1.00
119.00, 66.00, 63.00, 2.00, 0.00
120.00, 69.00, 65.00, 0.50, 0.00
120.50, 73.00, 67.00, 0.50, 0.00
121.00, 50.00, 54.00, 1.00, 1.00
121.00, 57.00, 58.00, 1.00, 1.00
121.00, 62.00, 61.00, 1.00, 1.00
121.00, 66.00, 63.00, 1.00, 0.00
121.00, 74.00, 68.00, 0.50, 0.00
121.50, 76.00, 69.00, 0.50, 0.00
122.00, 50.00, 54.00, 1.00, 1.00
122.00, 57.00, 58.00, 1.00, 1.00
122.00, 62.00, 61.00, 1.00, 1.00
122.00, 66.00, 63.00, 1.00, 0.00
122.00, 78.00, 70.00, 0.50, 0.00
122.50, 79.00, 71.00, 0.50, 0.00
123.00, 45.00, 51.00, 1.00, 1.00
123.00, 78.00, 70.00, 1.00, 0.00
124.00, 52.00, 55.00, 1.00, 1.00
124.00, 57.00, 58.00, 1.00, 1.00
124.00, 61.00, 60.00, 1.00, 1.00
124.00, 67.00, 64.00, 1.00, 0.00
124.00, 76.00, 69.00, 0.50, 0.00
124.50, 74.00, 68.00, 0.50, 0.00
125.00, 52.00, 55.00, 1.00, 1.00
125.00, 57.00, 58.00, 1.00, 1.00
125.00, 61.00, 60.00, 1.00, 1.00
125.00, 67.00, 64.00, 1.00, 0.00
125.00, 73.00, 67.00, 0.50, 0.00
125.50, 71.00, 66.00, 0.50, 0.00
126.00, 38.00, 47.00, 1.00, 1.00
126.00, 69.00, 65.00, 0.50, 0.00
126.50, 74.00, 68.00, 0.50, 0.00
127.00, 50.00, 54.00, 1.00, 1.00
127.00, 57.00, 58.00, 1.00, 1.00
127.00, 62.00, 61.00, 1.00, 1.00
127.00, 66.00, 63.00, 1.00, 0.00
127.00, 74.00, 68.00, 0.33, 0.00
127.33, 76.00, 69.00, 0.33, 0.00
127.67, 74.00, 68.00, 0.33, 0.00
128.00, 50.00, 54.00, 1.00, 1.00
128.00, 57.00, 58.00, 1.00, 1.00
128.00, 62.00, 61.00, 1.00, 1.00
128.00, 66.00, 63.00, 1.00, 0.00
128.00, 73.00, 67.00, 0.50, 0.00
128.50, 71.00, 66.00, 0.50, 0.00
129.00, 45.00, 51.00, 1.00, 1.00
129.00, 73.00, 67.00, 2.00, 0.00
130.00, 57.00, 58.00, 1.00, 1.00
130.00, 61.00, 60.00, 1.00, 1.00
130.00, 64.00, 62.00, 1.00, 0.00
130.00, 69.00, 65.00, 1.00, 0.00
131.00, 57.00, 58.00, 2.00, 1.00
131.00, 64.00, 62.00, 1.00, 1.00
131.00, 67.00, 64.00, 1.00, 0.00
131.00, 69.00, 65.00, 1.00, 0.00
132.00, 50.00, 54.00, 1.00, 1.00
132.00, 69.00, 65.00, 0.50, 0.00
132.50, 73.00, 67.00, 0.50, 0.00
133.00, 57.00, 58.00, 1.00, 1.00
133.00, 62.00, 61.00, 1.00, 1.00
133.00, 66.00, 63.00, 1.00, 0.00
133.00, 74.00, 68.00, 0.50, 0.00
133.50, 76.00, 69.00, 0.50, 0.00
134.00, 50.00, 54.00, 1.00, 1.00
134.00, 57.00, 58.00, 1.00, 1.00
134.00, 62.00, 61.00, 1.00, 1.00
134.00, 66.00, 63.00, 1.00, 0.00
134.00, 78.00, 70.00, 0.50, 0.00
134.50, 79.00, 71.00, 0.50, 0.00
135.00, 43.00, 50.00, 1.00, 1.00
135.00, 78.00, 70.00, 1.00, 0.00
136.00, 59.00, 59.00, 1.00, 1.00
136.00, 64.00, 62.00, 1.00, 1.00
136.00, 67.00, 64.00, 1.00, 0.00
136.00, 76.00, 69.00, 0.50, 0.00
136.50, 74.00, 68.00, 0.50, 0.00
137.00, 52.00, 55.00, 1.00, 1.00
137.00, 59.00, 59.00, 1.00, 1.00
137.00, 64.00, 62.00, 1.00, 1.00
137.00, 67.00, 64.00, 1.00, 0.00
137.00, 73.00, 67.00, 0.50, 0.00
137.50, 71.00, 66.00, 0.50, 0.00
138.00, 45.00, 51.00, 1.00, 1.00
138.00, 69.00, 65.00, 0.50, 0.00
138.50, 73.00, 67.00, 0.50, 0.00
139.00, 57.00, 58.00, 1.00, 1.00
139.00, 64.00, 62.00, 1.00, 1.00
139.00, 67.00, 64.00, 1.00, 0.00
139.00, 73.00, 67.00, 0.33, 0.00
139.33, 74.00, 68.00, 0.33, 0.00
139.67, 73.00, 67.00, 0.33, 0.00
140.00, 57.00, 58.00, 1.00, 1.00
140.00, 64.00, 62.00, 1.00, 1.00
140.00, 67.00, 64.00, 1.00, 0.00
140.00, 71.00, 66.00, 0.50, 0.00
140.50, 69.00, 65.00, 0.50, 0.00
141.00, 38.00, 47.00, 1.00, 1.00
141.00, 74.00, 68.00, 3.75, 0.00
142.00, 50.00, 54.00, 1.00, 1.00
142.00, 57.00, 58.00, 1.00, 1.00
142.00, 62.00, 61.00, 1.00, 1.00
142.00, 66.00, 63.00, 1.00, 0.00
143.00, 50.00, 54.00, 1.00, 1.00
143.00, 57.00, 58.00, 1.00, 1.00
143.00, 62.00, 61.00, 1.00, 1.00
143.00, 66.00, 63.00, 1.00, 0.00
144.00, 46.00, 52.00, 1.00, 1.00
144.00, 65.00, 63.00, 2.00, 0.00
144.75, 74.00, 68.00, 0.25, 0.00
145.00, 53.00, 56.00, 1.00, 1.00
145.00, 58.00, 59.00, 1.00, 1.00
145.00, 62.00, 61.00, 1.00, 1.00
145.00, 75.00, 69.00, 1.00, 0.00
146.00, 53.00, 56.00, 1.00, 1.00
146.00, 58.00, 59.00, 1.00, 1.00
146.00, 62.00, 61.00, 1.00, 1.00
146.00, 70.00, 66.00, 1.00, 0.00
146.00, 76.00, 69.00, 1.00, 0.00
147.00, 41.00, 49.00, 1.00, 1.00
147.00, 70.00, 66.00, 1.00, 0.00
147.00, 79.00, 71.00, 0.75, 0.00
147.75, 77.00, 70.00, 0.25, 0.00
148.00, 53.00, 56.00, 1.00, 1.00
148.00, 60.00, 60.00, 1.00, 1.00
148.00, 63.00, 62.00, 1.00, 1.00
148.00, 69.00, 65.00, 0.50, 0.00
148.00, 72.00, 67.00, 1.00, 0.00
148.50, 67.00, 64.00, 0.50, 0.00
149.00, 53.00, 56.00, 1.00, 1.00
149.00, 57.00, 58.00, 1.00, 1.00
149.00, 63.00, 62.00, 1.00, 1.00
149.00, 65.00, 63.00, 2.00, 0.00
149.00, 72.00, 67.00, 1.00, 0.00
150.00, 46.00, 52.00, 1.00, 1.00
150.00, 74.00, 68.00, 0.75, 0.00
150.75, 74.00, 68.00, 0.25, 0.00
151.00, 53.00, 56.00, 1.00, 1.00
151.00, 58.00, 59.00, 1.00, 1.00
151.00, 62.00, 61.00, 1.00, 1.00
151.00, 65.00, 63.00, 1.00, 0.00
151.00, 70.00, 66.00, 1.00, 0.00
151.00, 75.00, 69.00, 1.00, 0.00
152.00, 53.00, 56.00, 1.00, 1.00
152.00, 58.00, 59.00, 1.00, 1.00
152.00, 62.00, 61.00, 1.00, 1.00
152.00, 65.00, 63.00, 2.00, 0.00
152.00, 70.00, 66.00, 1.00, 0.00
152.00, 76.00, 69.00, 1.00, 0.00
153.00, 45.00, 51.00, 1.00, 1.00
153.00, 72.00, 67.00, 1.00, 0.00
153.00, 79.00, 71.00, 0.75, 0.00
153.75, 77.00, 70.00, 0.25, 0.00
154.00, 57.00, 58.00, 0.75, 1.00
154.00, 60.00, 60.00, 0.75, 1.00
154.00, 65.00, 63.00, 1.00, 0.00
154.00, 72.00, 67.00, 1.00, 0.00
154.75, 43.00, 50.00, 0.25, 1.00
155.00, 41.00, 49.00, 1.00, 1.00
155.00, 69.00, 65.00, 1.00, 0.00
155.00, 77.00, 70.00, 1.00, 0.00
156.00, 36.00, 46.00, 1.00, 1.00
156.00, 48.00, 53.00, 1.00, 1.00
156.00, 70.00, 66.00, 0.50, 0.00
156.00, 76.00, 69.00, 0.50, 0.00
156.00, 82.00, 73.00, 0.50, 0.00
156.75, 70.00, 66.00, 0.25, 0.00
156.75, 76.00, 69.00, 0.25, 0.00
156.75, 82.00, 73.00, 0.25, 0.00
157.00, 60.00, 60.00, 1.00, 1.00
157.00, 67.00, 64.00, 1.00, 1.00
157.00, 70.00, 66.00, 1.00, 0.00
157.00, 76.00, 69.00, 1.00, 0.00
157.00, 82.00, 73.00, 1.00, 0.00
158.00, 70.00, 66.00, 1.00, 0.00
158.00, 76.00, 69.00, 1.00, 0.00
158.00, 82.00, 73.00, 1.00, 0.00
159.00, 41.00, 49.00, 0.50, 1.00
159.00, 70.00, 66.00, 0.50, 0.00
159.00, 77.00, 70.00, 0.50, 0.00
159.00, 82.00, 73.00, 0.50, 0.00
159.75, 59.00, 59.00, 0.25, 1.00
159.75, 70.00, 66.00, 0.25, 0.00
159.75, 77.00, 70.00, 0.25, 0.00
159.75, 82.00, 73.00, 0.25, 0.00
160.00, 60.00, 60.00, 0.75, 1.00
160.00, 70.00, 66.00, 1.00, 0.00
160.00, 77.00, 70.00, 1.00, 0.00
160.00, 82.00, 73.00, 1.00, 0.00
160.75, 62.00, 61.00, 0.25, 1.00
161.00, 60.00, 60.00, 1.00, 1.00
161.00, 69.00, 65.00, 1.00, 0.00
161.00, 77.00, 70.00, 1.00, 0.00
161.00, 81.00, 72.00, 1.00, 0.00
162.00, 48.00, 53.00, 0.50, 1.00
162.00, 70.00, 66.00, 0.50, 0.00
162.00, 76.00, 69.00, 0.50, 0.00
162.00, 81.00, 72.00, 0.50, 0.00
162.75, 59.00, 59.00, 0.25, 1.00
162.75, 70.00, 66.00, 0.25, 0.00
162.75, 76.00, 69.00, 0.25, 0.00
162.75, 81.00, 72.00, 0.25, 0.00
163.00, 60.00, 60.00, 0.75, 1.00
163.00, 70.00, 66.00, 1.00, 0.00
163.00, 76.00, 69.00, 1.00, 0.00
163.00, 81.00, 72.00, 1.00, 0.00
163.75, 62.00, 61.00, 0.25, 1.00
164.00, 60.00, 60.00, 1.00, 1.00
164.00, 70.00, 66.00, 1.00, 0.00
164.00, 76.00, 69.00, 1.00, 0.00
164.00, 79.00, 71.00, 1.00, 0.00
165.00, 53.00, 56.00, 0.50, 1.00
165.00, 69.00, 65.00, 0.50, 0.00
165.00, 75.00, 69.00, 0.50, 0.00
165.00, 79.00, 71.00, 0.50, 0.00
165.75, 59.00, 59.00, 0.25, 1.00
165.75, 69.00, 65.00, 0.25, 0.00
165.75, 75.00, 69.00, 0.25, 0.00
165.75, 79.00, 71.00, 0.25, 0.00
166.00, 60.00, 60.00, 0.75, 1.00
166.00, 69.00, 65.00, 1.00, 0.00
166.00, 75.00, 69.00, 1.00, 0.00
166.00, 79.00, 71.00, 1.00, 0.00
166.75, 64.00, 62.00, 0.25, 1.00
167.00, 65.00, 63.00, 1.00, 1.00
167.00, 69.00, 65.00, 1.00, 0.00
167.00, 75.00, 69.00, 1.00, 0.00
167.00, 77.00, 70.00, 1.00, 0.00
168.00, 46.00, 52.00, 1.00, 1.00
168.00, 74.00, 68.00, 0.75, 0.00
168.75, 74.00, 68.00, 0.25, 0.00
169.00, 53.00, 56.00, 1.00, 1.00
169.00, 58.00, 59.00, 1.00, 1.00
169.00, 62.00, 61.00, 1.00, 1.00
169.00, 65.00, 63.00, 1.00, 0.00
169.00, 70.00, 66.00, 1.00, 0.00
169.00, 75.00, 69.00, 1.00, 0.00
170.00, 53.00, 56.00, 1.00, 1.00
170.00, 58.00, 59.00, 1.00, 1.00
170.00, 62.00, 61.00, 1.00, 1.00
170.00, 65.00, 63.00, 1.00, 0.00
170.00, 70.00, 66.00, 1.00, 0.00
170.00, 76.00, 69.00, 1.00, 0.00
171.00, 45.00, 51.00, 1.00, 1.00
171.00, 78.00, 71.00, 0.75, 0.00
171.75, 77.00, 70.00, 0.25, 0.00
172.00, 53.00, 56.00, 1.00, 1.00
172.00, 60.00, 60.00, 1.00, 1.00
172.00, 63.00, 62.00, 1.00, 1.00
172.00, 65.00, 63.00, 0.75, 0.00
172.00, 72.00, 67.00, 1.00, 0.00
172.75, 66.00, 64.00, 0.25, 0.00
173.00, 53.00, 56.00, 1.00, 1.00
173.00, 60.00, 60.00, 1.00, 1.00
173.00, 63.00, 62.00, 1.00, 1.00
173.00, 65.00, 63.00, 1.00, 0.00
173.00, 72.00, 67.00, 1.00, 0.00
174.00, 46.00, 52.00, 1.00, 1.00
174.00, 73.00, 68.00, 0.75, 0.00
174.75, 73.00, 68.00, 0.25, 0.00
175.00, 53.00, 56.00, 1.00, 1.00
175.00, 58.00, 59.00, 1.00, 1.00
175.00, 61.00, 61.00, 1.00, 1.00
175.00, 65.00, 63.00, 1.00, 0.00
175.00, 70.00, 66.00, 1.00, 0.00
175.00, 75.00, 69.00, 1.00, 0.00
176.00, 53.00, 56.00, 1.00, 1.00
176.00, 58.00, 59.00, 1.00, 1.00
176.00, 61.00, 61.00, 1.00, 1.00
176.00, 65.00, 63.00, 1.00, 0.00
176.00, 70.00, 66.00, 1.00, 0.00
176.00, 76.00, 69.00, 1.00, 0.00
177.00, 44.00, 51.00, 1.00, 1.00
177.00, 78.00, 71.00, 0.75, 0.00
177.75, 77.00, 70.00, 0.25, 0.00
178.00, 53.00, 56.00, 0.75, 1.00
178.00, 56.00, 58.00, 0.75, 1.00
178.00, 61.00, 61.00, 0.75, 1.00
178.00, 65.00, 63.00, 0.75, 1.00
178.00, 68.00, 65.00, 1.00, 0.00
178.00, 73.00, 68.00, 1.00, 0.00
178.00, 80.00, 72.00, 1.00, 0.00
178.75, 46.00, 52.00, 0.25, 1.00
179.00, 44.00, 51.00, 1.00, 1.00
179.00, 73.00, 68.00, 1.00, 0.00
179.00, 85.00, 75.00, 1.00, 0.00
180.00, 32.00, 44.00, 1.00, 1.00
180.00, 66.00, 64.00, 0.50, 0.00
180.00, 72.00, 67.00, 0.50, 0.00
180.00, 78.00, 71.00, 0.50, 0.00
180.75, 66.00, 64.00, 0.25, 0.00
180.75, 72.00, 67.00, 0.25, 0.00
180.75, 78.00, 71.00, 0.25, 0.00
181.00, 56.00, 58.00, 1.00, 1.00
181.00, 63.00, 62.00, 1.00, 1.00
181.00, 66.00, 64.00, 1.00, 0.00
181.00, 72.00, 67.00, 1.00, 0.00
181.00, 78.00, 71.00, 1.00, 0.00
182.00, 66.00, 64.00, 1.00, 0.00
182.00, 72.00, 67.00, 1.00, 0.00
182.00, 78.00, 71.00, 1.00, 0.00
183.00, 37.00, 47.00, 0.50, 1.00
183.00, 66.00, 64.00, 0.50, 0.00
183.00, 73.00, 68.00, 0.50, 0.00
183.00, 78.00, 71.00, 0.50, 0.00
183.75, 55.00, 57.00, 0.25, 1.00
183.75, 66.00, 64.00, 0.25, 0.00
183.75, 73.00, 68.00, 0.25, 0.00
183.75, 78.00, 71.00, 0.25, 0.00
184.00, 56.00, 58.00, 0.75, 1.00
184.00, 66.00, 64.00, 1.00, 0.00
184.00, 73.00, 68.00, 1.00, 0.00
184.00, 78.00, 71.00, 1.00, 0.00
184.75, 58.00, 59.00, 0.25, 1.00
185.00, 56.00, 58.00, 1.00, 1.00
185.00, 65.00, 63.00, 1.00, 0.00
185.00, 73.00, 68.00, 1.00, 0.00
185.00, 77.00, 70.00, 1.00, 0.00
186.00, 44.00, 51.00, 0.50, 1.00
186.00, 66.00, 64.00, 0.50, 0.00
186.00, 72.00, 67.00, 0.50, 0.00
186.00, 77.00, 70.00, 0.50, 0.00
186.75, 55.00, 57.00, 0.25, 1.00
186.75, 66.00, 64.00, 0.25, 0.00
186.75, 72.00, 67.00, 0.25, 0.00
186.75, 77.00, 70.00, 0.25, 0.00
187.00, 56.00, 58.00, 0.75, 1.00
187.00, 66.00, 64.00, 1.00, 0.00
187.00, 72.00, 67.00, 1.00, 0.00
187.00, 77.00, 70.00, 1.00, 0.00
187.75, 57.00, 59.00, 0.25, 1.00
188.00, 56.00, 58.00, 1.00, 1.00
188.00, 66.00, 64.00, 1.00, 0.00
188.00, 72.00, 67.00, 1.00, 0.00
188.00, 75.00, 69.00, 1.00, 0.00
189.00, 49.00, 54.00, 0.50, 1.00
189.00, 66.00, 64.00, 0.50, 0.00
189.00, 75.00, 69.00, 0.50, 0.00
189.75, 55.00, 57.00, 0.25, 1.00
189.75, 66.00, 64.00, 0.25, 0.00
189.75, 68.00, 65.00, 0.25, 0.00
189.75, 75.00, 69.00, 0.25, 0.00
190.00, 56.00, 58.00, 0.75, 1.00
190.00, 66.00, 64.00, 1.00, 0.00
190.00, 68.00, 65.00, 2.00, 0.00
190.00, 75.00, 69.00, 1.00, 0.00
190.75, 60.00, 60.00, 0.25, 1.00
191.00, 61.00, 61.00, 1.00, 1.00
191.00, 65.00, 63.00, 1.00, 0.00
191.00, 73.00, 68.00, 1.00, 0.00
192.00, 41.00, 48.00, 1.00, 1.00
192.00, 68.00, 64.00, 0.33, 0.00
192.00, 74.00, 68.00, 0.33, 0.00
192.33, 62.00, 61.00, 0.33, 0.00
192.67, 68.00, 64.00, 2.33, 0.00
192.67, 74.00, 68.00, 1.33, 0.00
193.00, 53.00, 55.00, 1.00, 1.00
193.00, 59.00, 59.00, 1.00, 1.00
193.00, 62.00, 61.00, 1.00, 0.00
194.00, 53.00, 55.00, 1.00, 1.00
194.00, 59.00, 59.00, 1.00, 1.00
194.00, 62.00, 61.00, 1.00, 0.00
194.00, 74.00, 68.00, 1.00, 0.00
195.00, 42.00, 49.00, 1.00, 1.00
195.00, 69.00, 65.00, 0.33, 0.00
195.00, 74.00, 68.00, 0.33, 0.00
195.33, 62.00, 61.00, 0.33, 0.00
195.67, 69.00, 65.00, 2.33, 0.00
195.67, 74.00, 68.00, 1.83, 0.00
196.00, 54.00, 56.00, 1.00, 1.00
196.00, 57.00, 58.00, 1.00, 1.00
196.00, 62.00, 61.00, 1.50, 0.00
197.00, 54.00, 56.00, 1.00, 1.00
197.00, 57.00, 58.00, 1.00, 1.00
197.50, 61.00, 60.00, 0.50, 0.00
197.50, 73.00, 67.00, 0.50, 0.00
198.00, 41.00, 48.00, 1.00, 1.00
198.00, 68.00, 64.00, 0.33, 0.00
198.00, 74.00, 68.00, 0.33, 0.00
198.33, 62.00, 61.00, 0.33, 0.00
198.67, 68.00, 64.00, 2.33, 0.00
198.67, 74.00, 68.00, 1.33, 0.00
199.00, 53.00, 55.00, 1.00, 1.00
199.00, 59.00, 59.00, 1.00, 1.00
199.00, 62.00, 61.00, 1.00, 0.00
200.00, 53.00, 55.00, 1.00, 1.00
200.00, 59.00, 59.00, 1.00, 1.00
200.00, 62.00, 61.00, 1.00, 0.00
200.00, 74.00, 68.00, 1.00, 0.00
201.00, 42.00, 49.00, 1.00, 1.00
201.00, 69.00, 65.00, 0.33, 0.00
201.00, 74.00, 68.00, 0.33, 0.00
201.33, 62.00, 61.00, 0.33, 0.00
201.67, 69.00, 65.00, 2.33, 0.00
201.67, 74.00, 68.00, 1.83, 0.00
202.00, 54.00, 56.00, 1.00, 1.00
202.00, 57.00, 58.00, 1.00, 1.00
202.00, 62.00, 61.00, 1.50, 0.00
203.00, 54.00, 56.00, 1.00, 1.00
203.00, 57.00, 58.00, 1.00, 1.00
203.50, 61.00, 60.00, 0.50, 0.00
203.50, 73.00, 67.00, 0.50, 0.00
204.00, 40.00, 48.00, 1.00, 1.00
204.00, 68.00, 64.00, 0.33, 0.00
204.00, 74.00, 68.00, 0.33, 0.00
204.33, 62.00, 61.00, 0.33, 0.00
204.67, 68.00, 64.00, 2.33, 0.00
204.67, 74.00, 68.00, 1.33, 0.00
205.00, 52.00, 55.00, 1.00, 1.00
205.00, 59.00, 59.00, 1.00, 1.00
205.00, 62.00, 61.00, 1.00, 0.00
206.00, 52.00, 55.00, 1.00, 1.00
206.00, 59.00, 59.00, 1.00, 1.00
206.00, 62.00, 61.00, 1.00, 0.00
206.00, 74.00, 68.00, 1.00, 0.00
207.00, 45.00, 51.00, 1.00, 1.00
207.00, 69.00, 65.00, 0.33, 0.00
207.00, 74.00, 68.00, 0.33, 0.00
207.33, 62.00, 61.00, 0.33, 0.00
207.67, 69.00, 65.00, 2.33, 0.00
207.67, 74.00, 68.00, 1.83, 0.00
208.00, 52.00, 55.00, 1.00, 1.00
208.00, 57.00, 58.00, 1.00, 1.00
208.00, 62.00, 61.00, 1.50, 0.00
209.00, 52.00, 55.00, 1.00, 1.00
209.00, 57.00, 58.00, 1.00, 1.00
209.50, 61.00, 60.00, 0.50, 0.00
209.50, 73.00, 67.00, 0.50, 0.00
210.00, 40.00, 48.00, 1.00, 1.00
210.00, 68.00, 64.00, 0.33, 0.00
210.00, 74.00, 68.00, 0.33, 0.00
210.33, 62.00, 61.00, 0.33, 0.00
210.67, 68.00, 64.00, 0.33, 0.00
210.67, 74.00, 68.00, 1.33, 0.00
211.00, 52.00, 55.00, 1.00, 1.00
211.00, 59.00, 59.00, 1.00, 1.00
211.00, 62.00, 61.00, 1.00, 0.00
211.00, 68.00, 64.00, 2.00, 0.00
212.00, 52.00, 55.00, 1.00, 1.00
212.00, 59.00, 59.00, 1.00, 1.00
212.00, 62.00, 61.00, 1.00, 0.00
212.00, 74.00, 68.00, 1.00, 0.00
213.00, 45.00, 51.00, 1.00, 1.00
213.00, 69.00, 65.00, 0.33, 0.00
213.00, 74.00, 68.00, 0.33, 0.00
213.33, 62.00, 61.00, 0.33, 0.00
213.67, 69.00, 65.00, 2.33, 0.00
213.67, 74.00, 68.00, 1.83, 0.00
214.00, 52.00, 55.00, 1.00, 1.00
214.00, 57.00, 58.00, 1.00, 1.00
214.00, 62.00, 61.00, 1.50, 0.00
215.00, 52.00, 55.00, 1.00, 1.00
215.00, 57.00, 58.00, 1.00, 1.00
215.50, 61.00, 60.00, 0.50, 0.00
215.50, 73.00, 67.00, 0.50, 0.00
216.00, 41.00, 48.00, 1.00, 1.00
216.00, 68.00, 64.00, 0.33, 0.00
216.00, 74.00, 68.00, 0.33, 0.00
216.33, 62.00, 61.00, 0.33, 0.00
216.67, 68.00, 64.00, 2.33, 0.00
216.67, 74.00, 68.00, 1.33, 0.00
217.00, 53.00, 55.00, 1.00, 1.00
217.00, 59.00, 59.00, 1.00, 1.00
217.00, 62.00, 61.00, 1.00, 0.00
218.00, 53.00, 55.00, 1.00, 1.00
218.00, 59.00, 59.00, 1.00, 1.00
218.00, 62.00, 61.00, 1.00, 0.00
218.00, 74.00, 68.00, 1.00, 0.00
219.00, 42.00, 49.00, 1.00, 1.00
219.00, 69.00, 65.00, 0.33, 0.00
219.00, 74.00, 68.00, 0.33, 0.00
219.33, 62.00, 61.00, 0.33, 0.00
219.67, 69.00, 65.00, 2.33, 0.00
219.67, 74.00, 68.00, 1.83, 0.00
220.00, 54.00, 56.00, 1.00, 1.00
220.00, 57.00, 58.00, 1.00, 1.00
220.00, 62.00, 61.00, 1.50, 0.00
221.00, 54.00, 56.00, 1.00, 1.00
221.00, 57.00, 58.00, 1.00, 1.00
221.50, 61.00, 60.00, 0.50, 0.00
221.50, 73.00, 67.00, 0.50, 0.00
222.00, 41.00, 48.00, 1.00, 1.00
222.00, 68.00, 64.00, 0.33, 0.00
222.00, 74.00, 68.00, 0.33, 0.00
222.33, 62.00, 61.00, 0.33, 0.00
222.67, 68.00, 64.00, 2.33, 0.00
222.67, 74.00, 68.00, 1.33, 0.00
223.00, 53.00, 55.00, 1.00, 1.00
223.00, 59.00, 59.00, 1.00, 1.00
223.00, 62.00, 61.00, 1.00, 0.00
224.00, 53.00, 55.00, 1.00, 1.00
224.00, 59.00, 59.00, 1.00, 1.00
224.00, 62.00, 61.00, 1.00, 0.00
224.00, 74.00, 68.00, 1.00, 0.00
225.00, 42.00, 49.00, 1.00, 1.00
225.00, 69.00, 65.00, 0.33, 0.00
225.00, 74.00, 68.00, 0.33, 0.00
225.33, 62.00, 61.00, 0.33, 0.00
225.67, 69.00, 65.00, 2.33, 0.00
225.67, 74.00, 68.00, 1.83, 0.00
226.00, 54.00, 56.00, 1.00, 1.00
226.00, 57.00, 58.00, 1.00, 1.00
226.00, 62.00, 61.00, 1.50, 0.00
227.00, 54.00, 56.00, 1.00, 1.00
227.00, 57.00, 58.00, 1.00, 1.00
227.50, 61.00, 60.00, 0.50, 0.00
227.50, 73.00, 67.00, 0.50, 0.00
228.00, 40.00, 48.00, 1.00, 1.00
228.00, 68.00, 64.00, 0.33, 0.00
228.00, 74.00, 68.00, 0.33, 0.00
228.33, 62.00, 61.00, 0.33, 0.00
228.67, 68.00, 64.00, 2.33, 0.00
228.67, 74.00, 68.00, 1.33, 0.00
229.00, 52.00, 55.00, 1.00, 1.00
229.00, 59.00, 59.00, 1.00, 1.00
229.00, 62.00, 61.00, 1.00, 0.00
230.00, 52.00, 55.00, 1.00, 1.00
230.00, 59.00, 59.00, 1.00, 1.00
230.00, 62.00, 61.00, 1.00, 0.00
230.00, 74.00, 68.00, 1.00, 0.00
231.00, 45.00, 51.00, 1.00, 1.00
231.00, 69.00, 65.00, 0.33, 0.00
231.00, 74.00, 68.00, 0.33, 0.00
231.33, 62.00, 61.00, 0.33, 0.00
231.67, 69.00, 65.00, 2.33, 0.00
231.67, 74.00, 68.00, 1.83, 0.00
232.00, 52.00, 55.00, 1.00, 1.00
232.00, 57.00, 58.00, 1.00, 1.00
232.00, 62.00, 61.00, 1.50, 0.00
233.00, 52.00, 55.00, 1.00, 1.00
233.00, 57.00, 58.00, 1.00, 1.00
233.50, 61.00, 60.00, 0.50, 0.00
233.50, 73.00, 67.00, 0.50, 0.00
234.00, 40.00, 48.00, 1.00, 1.00
234.00, 68.00, 64.00, 0.33, 0.00
234.00, 74.00, 68.00, 0.33, 0.00
234.33, 62.00, 61.00, 0.33, 0.00
234.67, 68.00, 64.00, 0.33, 0.00
234.67, 74.00, 68.00, 1.33, 0.00
235.00, 52.00, 55.00, 1.00, 1.00
235.00, 59.00, 59.00, 1.00, 1.00
235.00, 62.00, 61.00, 1.00, 0.00
235.00, 68.00, 64.00, 2.00, 0.00
236.00, 52.00, 55.00, 1.00, 1.00
236.00, 59.00, 59.00, 1.00, 1.00
236.00, 62.00, 61.00, 1.00, 0.00
236.00, 74.00, 68.00, 1.00, 0.00
237.00, 45.00, 51.00, 1.00, 1.00
237.00, 67.00, 64.00, 0.33, 0.00
237.00, 74.00, 68.00, 0.33, 0.00
237.33, 62.00, 61.00, 0.33, 0.00
237.67, 67.00, 64.00, 0.33, 0.00
237.67, 74.00, 68.00, 1.83, 0.00
238.00, 57.00, 58.00, 1.00, 1.00
238.00, 62.00, 61.00, 1.00, 0.00
238.00, 64.00, 62.00, 1.00, 1.00
238.00, 67.00, 64.00, 2.00, 0.00
239.00, 57.00, 58.00, 1.00, 1.00
239.00, 61.00, 60.00, 1.00, 0.00
239.00, 64.00, 62.00, 1.00, 1.00
239.50, 73.00, 67.00, 0.50, 0.00
240.00, 50.00, 54.00, 1.00, 1.00
240.00, 69.00, 65.00, 0.50, 0.00
240.50, 73.00, 67.00, 0.50, 0.00
241.00, 50.00, 54.00, 1.00, 1.00
241.00, 57.00, 58.00, 1.00, 1.00
241.00, 62.00, 61.00, 1.00, 1.00
241.00, 66.00, 63.00, 1.00, 0.00
241.00, 74.00, 68.00, 0.50, 0.00
241.50, 76.00, 69.00, 0.50, 0.00
242.00, 50.00, 54.00, 1.00, 1.00
242.00, 57.00, 58.00, 1.00, 1.00
242.00, 62.00, 61.00, 1.00, 1.00
242.00, 66.00, 63.00, 1.00, 0.00
242.00, 78.00, 70.00, 0.50, 0.00
242.50, 79.00, 71.00, 0.50, 0.00
243.00, 45.00, 51.00, 1.00, 1.00
243.00, 78.00, 70.00, 1.00, 0.00
244.00, 52.00, 55.00, 1.00, 1.00
244.00, 57.00, 58.00, 1.00, 1.00
244.00, 61.00, 60.00, 1.00, 1.00
244.00, 67.00, 64.00, 1.00, 0.00
244.00, 76.00, 69.00, 0.50, 0.00
244.50, 74.00, 68.00, 0.50, 0.00
245.00, 52.00, 55.00, 1.00, 1.00
245.00, 57.00, 58.00, 1.00, 1.00
245.00, 61.00, 60.00, 1.00, 1.00
245.00, 67.00, 64.00, 1.00, 0.00
245.00, 73.00, 67.00, 0.50, 0.00
245.50, 71.00, 66.00, 0.50, 0.00
246.00, 38.00, 47.00, 1.00, 1.00
246.00, 69.00, 65.00, 0.50, 0.00
246.50, 74.00, 68.00, 0.50, 0.00
247.00, 50.00, 54.00, 1.00, 1.00
247.00, 57.00, 58.00, 1.00, 1.00
247.00, 62.00, 61.00, 1.00, 1.00
247.00, 66.00, 63.00, 1.00, 0.00
247.00, 74.00, 68.00, 0.33, 0.00
247.33, 76.00, 69.00, 0.33, 0.00
247.67, 74.00, 68.00, 0.33, 0.00
248.00, 50.00, 54.00, 1.00, 1.00
248.00, 57.00, 58.00, 1.00, 1.00
248.00, 62.00, 61.00, 1.00, 1.00
248.00, 66.00, 63.00, 1.00, 0.00
248.00, 73.00, 67.00, 0.50, 0.00
248.50, 71.00, 66.00, 0.50, 0.00
249.00, 45.00, 51.00, 1.00, 1.00
249.00, 73.00, 67.00, 2.00, 0.00
250.00, 57.00, 58.00, 1.00, 1.00
250.00, 64.00, 62.00, 1.00, 0.00
250.00, 69.00, 65.00, 1.00, 0.00
251.00, 57.00, 58.00, 1.00, 1.00
251.00, 64.00, 62.00, 1.00, 1.00
251.00, 67.00, 64.00, 1.00, 0.00
251.00, 69.00, 65.00, 1.00, 0.00
252.00, 50.00, 54.00, 1.00, 1.00
252.00, 69.00, 65.00, 0.50, 0.00
252.50, 73.00, 67.00, 0.50, 0.00
253.00, 57.00, 58.00, 1.00, 1.00
253.00, 62.00, 61.00, 1.00, 1.00
253.00, 66.00, 63.00, 1.00, 0.00
253.00, 74.00, 68.00, 0.50, 0.00
253.50, 76.00, 69.00, 0.50, 0.00
254.00, 50.00, 54.00, 1.00, 1.00
254.00, 57.00, 58.00, 1.00, 1.00
254.00, 62.00, 61.00, 1.00, 1.00
254.00, 66.00, 63.00, 1.00, 0.00
254.00, 78.00, 70.00, 0.50, 0.00
254.50, 79.00, 71.00, 0.50, 0.00
255.00, 43.00, 50.00, 1.00, 1.00
255.00, 78.00, 70.00, 1.00, 0.00
256.00, 59.00, 59.00, 1.00, 1.00
256.00, 64.00, 62.00, 1.00, 1.00
256.00, 67.00, 64.00, 1.00, 0.00
256.00, 76.00, 69.00, 0.50, 0.00
256.50, 74.00, 68.00, 0.50, 0.00
257.00, 52.00, 55.00, 1.00, 1.00
257.00, 59.00, 59.00, 1.00, 1.00
257.00, 64.00, 62.00, 1.00, 1.00
257.00, 67.00, 64.00, 1.00, 0.00
257.00, 73.00, 67.00, 0.50, 0.00
257.50, 71.00, 66.00, 0.50, 0.00
258.00, 45.00, 51.00, 1.00, 1.00
258.00, 69.00, 65.00, 0.50, 0.00
258.50, 73.00, 67.00, 0.50, 0.00
259.00, 57.00, 58.00, 1.00, 1.00
259.00, 64.00, 62.00, 1.00, 1.00
259.00, 67.00, 64.00, 1.00, 0.00
259.00, 73.00, 67.00, 0.33, 0.00
259.33, 74.00, 68.00, 0.33, 0.00
259.67, 73.00, 67.00, 0.33, 0.00
260.00, 57.00, 58.00, 1.00, 1.00
260.00, 64.00, 62.00, 1.00, 1.00
260.00, 67.00, 64.00, 1.00, 0.00
260.00, 71.00, 66.00, 0.50, 0.00
260.50, 69.00, 65.00, 0.50, 0.00
261.00, 38.00, 47.00, 1.00, 1.00
261.00, 74.00, 68.00, 3.00, 0.00
262.00, 50.00, 54.00, 1.00, 1.00
262.00, 57.00, 58.00, 1.00, 1.00
262.00, 62.00, 61.00, 1.00, 1.00
262.00, 66.00, 63.00, 1.00, 0.00
263.00, 50.00, 54.00, 2.00, 1.00
263.00, 57.00, 58.00, 2.00, 1.00
263.00, 62.00, 61.00, 2.00, 1.00
263.00, 66.00, 63.00, 2.00, 0.00
264.00, 69.00, 65.00, 0.50, 0.00
264.50, 73.00, 67.00, 0.50, 0.00
265.00, 50.00, 54.00, 1.00, 1.00
265.00, 57.00, 58.00, 1.00, 1.00
265.00, 62.00, 61.00, 1.00, 1.00
265.00, 66.00, 63.00, 1.00, 0.00
265.00, 74.00, 68.00, 0.50, 0.00
265.50, 76.00, 69.00, 0.50, 0.00
266.00, 50.00, 54.00, 1.00, 1.00
266.00, 57.00, 58.00, 1.00, 1.00
266.00, 62.00, 61.00, 1.00, 1.00
266.00, 66.00, 63.00, 1.00, 0.00
266.00, 78.00, 70.00, 0.50, 0.00
266.50, 79.00, 71.00, 0.50, 0.00
267.00, 45.00, 51.00, 1.00, 1.00
267.00, 78.00, 70.00, 1.00, 0.00
268.00, 52.00, 55.00, 1.00, 1.00
268.00, 57.00, 58.00, 1.00, 1.00
268.00, 61.00, 60.00, 1.00, 1.00
268.00, 67.00, 64.00, 1.00, 0.00
268.00, 76.00, 69.00, 0.50, 0.00
268.50, 74.00, 68.00, 0.50, 0.00
269.00, 52.00, 55.00, 1.00, 1.00
269.00, 57.00, 58.00, 1.00, 1.00
269.00, 61.00, 60.00, 1.00, 1.00
269.00, 67.00, 64.00, 1.00, 0.00
269.00, 73.00, 67.00, 0.50, 0.00
269.50, 71.00, 66.00, 0.50, 0.00
270.00, 38.00, 47.00, 1.00, 1.00
270.00, 69.00, 65.00, 0.50, 0.00
270.50, 74.00, 68.00, 0.50, 0.00
271.00, 50.00, 54.00, 1.00, 1.00
271.00, 57.00, 58.00, 1.00, 1.00
271.00, 62.00, 61.00, 1.00, 1.00
271.00, 66.00, 63.00, 1.00, 0.00
271.00, 74.00, 68.00, 0.33, 0.00
271.33, 76.00, 69.00, 0.33, 0.00
271.67, 74.00, 68.00, 0.33, 0.00
272.00, 50.00, 54.00, 1.00, 1.00
272.00, 57.00, 58.00, 1.00, 1.00
272.00, 62.00, 61.00, 1.00, 1.00
272.00, 66.00, 63.00, 1.00, 0.00
272.00, 73.00, 67.00, 0.50, 0.00
272.50, 71.00, 66.00, 0.50, 0.00
273.00, 45.00, 51.00, 1.00, 1.00
273.00, 73.00, 67.00, 2.00, 0.00
274.00, 57.00, 58.00, 1.00, 1.00
274.00, 61.00, 60.00, 1.00, 1.00
274.00, 64.00, 62.00, 1.00, 0.00
274.00, 69.00, 65.00, 1.00, 0.00
275.00, 57.00, 58.00, 2.00, 1.00
275.00, 64.00, 62.00, 1.00, 1.00
275.00, 67.00, 64.00, 1.00, 0.00
275.00, 69.00, 65.00, 1.00, 0.00
276.00, 50.00, 54.00, 1.00, 1.00
276.00, 69.00, 65.00, 0.50, 0.00
276.50, 73.00, 67.00, 0.50, 0.00
277.00, 57.00, 58.00, 1.00, 1.00
277.00, 62.00, 61.00, 1.00, 1.00
277.00, 66.00, 63.00, 1.00, 0.00
277.00, 74.00, 68.00, 0.50, 0.00
277.50, 76.00, 69.00, 0.50, 0.00
278.00, 50.00, 54.00, 1.00, 1.00
278.00, 57.00, 58.00, 1.00, 1.00
278.00, 62.00, 61.00, 1.00, 1.00
278.00, 66.00, 63.00, 1.00, 0.00
278.00, 78.00, 70.00, 0.50, 0.00
278.50, 79.00, 71.00, 0.50, 0.00
279.00, 43.00, 50.00, 1.00, 1.00
279.00, 78.00, 70.00, 1.00, 0.00
280.00, 59.00, 59.00, 1.00, 1.00
280.00, 64.00, 62.00, 1.00, 1.00
280.00, 67.00, 64.00, 1.00, 0.00
280.00, 76.00, 69.00, 0.50, 0.00
280.50, 74.00, 68.00, 0.50, 0.00
281.00, 52.00, 55.00, 1.00, 1.00
281.00, 59.00, 59.00, 1.00, 1.00
281.00, 64.00, 62.00, 1.00, 1.00
281.00, 67.00, 64.00, 1.00, 0.00
281.00, 73.00, 67.00, 0.50, 0.00
281.50, 71.00, 66.00, 0.50, 0.00
282.00, 45.00, 51.00, 1.00, 1.00
282.00, 69.00, 65.00, 0.50, 0.00
282.50, 73.00, 67.00, 0.50, 0.00
283.00, 57.00, 58.00, 1.00, 1.00
283.00, 64.00, 62.00, 1.00, 1.00
283.00, 67.00, 64.00, 1.00, 0.00
283.00, 73.00, 67.00, 0.33, 0.00
283.33, 74.00, 68.00, 0.33, 0.00
283.67, 73.00, 67.00, 0.33, 0.00
284.00, 57.00, 58.00, 1.00, 1.00
284.00, 64.00, 62.00, 1.00, 1.00
284.00, 67.00, 64.00, 1.00, 0.00
284.00, 71.00, 66.00, 0.50, 0.00
284.50, 69.00, 65.00, 0.50, 0.00
285.00, 38.00, 47.00, 1.00, 1.00
285.00, 74.00, 68.00, 3.00, 0.00
286.00, 50.00, 54.00, 1.00, 1.00
286.00, 57.00, 58.00, 1.00, 1.00
286.00, 62.00, 61.00, 1.00, 1.00
286.00, 66.00, 63.00, 1.00, 0.00
287.00, 50.00, 54.00, 1.00, 1.00
287.00, 57.00, 58.00, 1.00, 1.00
287.00, 62.00, 61.00, 1.00, 1.00
287.00, 66.00, 63.00, 1.00, 0.00
288.00, 45.00, 51.00, 1.00, 1.00
288.00, 64.00, 62.00, 0.50, 0.00
288.50, 68.00, 64.00, 0.50, 0.00
289.00, 45.00, 51.00, 1.00, 1.00
289.00, 52.00, 55.00, 1.00, 1.00
289.00, 57.00, 58.00, 1.00, 1.00
289.00, 61.00, 60.00, 1.00, 0.00
289.00, 69.00, 65.00, 0.50, 0.00
289.50, 71.00, 66.00, 0.50, 0.00
290.00, 45.00, 51.00, 1.00, 1.00
290.00, 52.00, 55.00, 1.00, 1.00
290.00, 57.00, 58.00, 1.00, 1.00
290.00, 61.00, 60.00, 1.00, 0.00
290.00, 73.00, 67.00, 0.50, 0.00
290.50, 74.00, 68.00, 0.50, 0.00
291.00, 40.00, 48.00, 1.00, 1.00
291.00, 73.00, 67.00, 1.00, 0.00
292.00, 52.00, 55.00, 1.00, 1.00
292.00, 59.00, 59.00, 1.00, 1.00
292.00, 62.00, 61.00, 1.00, 0.00
292.00, 71.00, 66.00, 0.50, 0.00
292.50, 69.00, 65.00, 0.50, 0.00
293.00, 52.00, 55.00, 1.00, 1.00
293.00, 59.00, 59.00, 1.00, 1.00
293.00, 62.00, 61.00, 1.00, 0.00
293.00, 68.00, 64.00, 0.50, 0.00
293.50, 66.00, 63.00, 0.50, 0.00
294.00, 33.00, 44.00, 1.00, 1.00
294.00, 64.00, 62.00, 0.50, 0.00
294.50, 69.00, 65.00, 0.50, 0.00
295.00, 45.00, 51.00, 1.00, 1.00
295.00, 52.00, 55.00, 1.00, 1.00
295.00, 57.00, 58.00, 1.00, 1.00
295.00, 61.00, 60.00, 1.00, 0.00
295.00, 69.00, 65.00, 0.33, 0.00
295.33, 71.00, 66.00, 0.33, 0.00
295.67, 69.00, 65.00, 0.33, 0.00
296.00, 45.00, 51.00, 1.00, 1.00
296.00, 52.00, 55.00, 1.00, 1.00
296.00, 57.00, 58.00, 1.00, 1.00
296.00, 61.00, 60.00, 1.00, 0.00
296.00, 68.00, 64.00, 0.50, 0.00
296.50, 66.00, 63.00, 0.50, 0.00
297.00, 40.00, 48.00, 1.00, 1.00
297.00, 68.00, 64.00, 2.00, 0.00
298.00, 52.00, 55.00, 1.00, 1.00
298.00, 59.00, 59.00, 1.00, 0.00
298.00, 64.00, 62.00, 1.00, 0.00
299.00, 52.00, 55.00, 1.00, 1.00
299.00, 59.00, 59.00, 1.00, 1.00
299.00, 62.00, 61.00, 1.00, 0.00
299.00, 64.00, 62.00, 1.00, 0.00
300.00, 45.00, 51.00, 1.00, 1.00
300.00, 64.00, 62.00, 0.50, 0.00
300.50, 68.00, 64.00, 0.50, 0.00
301.00, 52.00, 55.00, 1.00, 1.00
301.00, 57.00, 58.00, 1.00, 1.00
301.00, 61.00, 60.00, 1.00, 0.00
301.00, 69.00, 65.00, 0.50, 0.00
301.50, 71.00, 66.00, 0.50, 0.00
302.00, 45.00, 51.00, 1.00, 1.00
302.00, 52.00, 55.00, 1.00, 1.00
302.00, 57.00, 58.00, 1.00, 1.00
302.00, 61.00, 60.00, 1.00, 0.00
302.00, 73.00, 67.00, 0.50, 0.00
302.50, 74.00, 68.00, 0.50, 0.00
303.00, 38.00, 47.00, 1.00, 1.00
303.00, 73.00, 67.00, 1.00, 0.00
304.00, 54.00, 56.00, 1.00, 1.00
304.00, 59.00, 59.00, 1.00, 1.00
304.00, 62.00, 61.00, 1.00, 0.00
304.00, 71.00, 66.00, 0.50, 0.00
304.50, 69.00, 65.00, 0.50, 0.00
305.00, 47.00, 52.00, 1.00, 1.00
305.00, 54.00, 56.00, 1.00, 1.00
305.00, 59.00, 59.00, 1.00, 1.00
305.00, 62.00, 61.00, 1.00, 0.00
305.00, 68.00, 64.00, 0.50, 0.00
305.50, 66.00, 63.00, 0.50, 0.00
306.00, 40.00, 48.00, 1.00, 1.00
306.00, 64.00, 62.00, 0.50, 0.00
306.50, 68.00, 64.00, 0.50, 0.00
307.00, 52.00, 55.00, 1.00, 1.00
307.00, 59.00, 59.00, 1.00, 1.00
307.00, 62.00, 61.00, 1.00, 0.00
307.00, 68.00, 64.00, 0.33, 0.00
307.33, 69.00, 65.00, 0.33, 0.00
307.67, 68.00, 64.00, 0.33, 0.00
308.00, 52.00, 55.00, 1.00, 1.00
308.00, 59.00, 59.00, 1.00, 1.00
308.00, 62.00, 61.00, 1.00, 0.00
308.00, 66.00, 63.00, 0.50, 0.00
308.50, 64.00, 62.00, 0.50, 0.00
309.00, 33.00, 44.00, 1.00, 1.00
309.00, 69.00, 65.00, 3.00, 0.00
310.00, 45.00, 51.00, 1.00, 1.00
310.00, 52.00, 55.00, 1.00, 1.00
310.00, 57.00, 58.00, 1.00, 1.00
310.00, 61.00, 60.00, 1.00, 0.00
311.00, 45.00, 51.00, 2.00, 1.00
311.00, 52.00, 55.00, 2.00, 1.00
311.00, 57.00, 58.00, 2.00, 1.00
311.00, 61.00, 60.00, 2.00, 0.00
312.00, 64.00, 62.00, 0.50, 0.00
312.50, 68.00, 64.00, 0.50, 0.00
313.00, 45.00, 51.00, 1.00, 1.00
313.00, 52.00, 55.00, 1.00, 1.00
313.00, 57.00, 58.00, 1.00, 1.00
313.00, 61.00, 60.00, 1.00, 0.00
313.00, 69.00, 65.00, 0.50, 0.00
313.50, 71.00, 66.00, 0.50, 0.00
314.00, 45.00, 51.00, 1.00, 1.00
314.00, 52.00, 55.00, 1.00, 1.00
314.00, 57.00, 58.00, 1.00, 1.00
314.00, 61.00, 60.00, 1.00, 0.00
314.00, 73.00, 67.00, 0.50, 0.00
314.50, 74.00, 68.00, 0.50, 0.00
315.00, 40.00, 48.00, 1.00, 1.00
315.00, 73.00, 67.00, 1.00, 0.00
316.00, 52.00, 55.00, 1.00, 1.00
316.00, 59.00, 59.00, 1.00, 1.00
316.00, 62.00, 61.00, 1.00, 0.00
316.00, 71.00, 66.00, 0.50, 0.00
316.50, 69.00, 65.00, 0.50, 0.00
317.00, 52.00, 55.00, 1.00, 1.00
317.00, 59.00, 59.00, 1.00, 1.00
317.00, 62.00, 61.00, 1.00, 0.00
317.00, 68.00, 64.00, 0.50, 0.00
317.50, 66.00, 63.00, 0.50, 0.00
318.00, 33.00, 44.00, 1.00, 1.00
318.00, 64.00, 62.00, 0.50, 0.00
318.50, 69.00, 65.00, 0.50, 0.00
319.00, 45.00, 51.00, 1.00, 1.00
319.00, 52.00, 55.00, 1.00, 1.00
319.00, 57.00, 58.00, 1.00, 1.00
319.00, 61.00, 60.00, 1.00, 0.00
319.00, 69.00, 65.00, 0.33, 0.00
319.33, 71.00, 66.00, 0.33, 0.00
319.67, 69.00, 65.00, 0.33, 0.00
320.00, 45.00, 51.00, 1.00, 1.00
320.00, 52.00, 55.00, 1.00, 1.00
320.00, 57.00, 58.00, 1.00, 1.00
320.00, 61.00, 60.00, 1.00, 0.00
320.00, 68.00, 64.00, 0.50, 0.00
320.50, 66.00, 63.00, 0.50, 0.00
321.00, 40.00, 48.00, 1.00, 1.00
321.00, 68.00, 64.00, 2.00, 0.00
322.00, 52.00, 55.00, 1.00, 1.00
322.00, 59.00, 59.00, 1.00, 0.00
322.00, 64.00, 62.00, 1.00, 0.00
323.00, 52.00, 55.00, 2.00, 1.00
323.00, 59.00, 59.00, 1.00, 1.00
323.00, 62.00, 61.00, 1.00, 0.00
323.00, 64.00, 62.00, 1.00, 0.00
324.00, 45.00, 51.00, 1.00, 1.00
324.00, 64.00, 62.00, 0.50, 0.00
324.50, 68.00, 64.00, 0.50, 0.00
325.00, 52.00, 55.00, 1.00, 1.00
325.00, 57.00, 58.00, 1.00, 1.00
325.00, 61.00, 60.00, 1.00, 0.00
325.00, 69.00, 65.00, 0.50, 0.00
325.50, 71.00, 66.00, 0.50, 0.00
326.00, 45.00, 51.00, 1.00, 1.00
326.00, 52.00, 55.00, 1.00, 1.00
326.00, 57.00, 58.00, 1.00, 1.00
326.00, 61.00, 60.00, 1.00, 0.00
326.00, 73.00, 67.00, 0.50, 0.00
326.50, 74.00, 68.00, 0.50, 0.00
327.00, 38.00, 47.00, 1.00, 1.00
327.00, 73.00, 67.00, 1.00, 0.00
328.00, 54.00, 56.00, 1.00, 1.00
328.00, 59.00, 59.00, 1.00, 1.00
328.00, 62.00, 61.00, 1.00, 0.00
328.00, 71.00, 66.00, 0.50, 0.00
328.50, 69.00, 65.00, 0.50, 0.00
329.00, 47.00, 52.00, 1.00, 1.00
329.00, 54.00, 56.00, 1.00, 1.00
329.00, 59.00, 59.00, 1.00, 1.00
329.00, 62.00, 61.00, 1.00, 0.00
329.00, 68.00, 64.00, 0.50, 0.00
329.50, 66.00, 63.00, 0.50, 0.00
330.00, 40.00, 48.00, 1.00, 1.00
330.00, 64.00, 62.00, 0.50, 0.00
330.50, 68.00, 64.00, 0.50, 0.00
331.00, 52.00, 55.00, 1.00, 1.00
331.00, 59.00, 59.00, 1.00, 1.00
331.00, 62.00, 61.00, 1.00, 0.00
331.00, 68.00, 64.00, 0.33, 0.00
331.33, 69.00, 65.00, 0.33, 0.00
331.67, 68.00, 64.00, 0.33, 0.00
332.00, 52.00, 55.00, 1.00, 1.00
332.00, 59.00, 59.00, 1.00, 1.00
332.00, 62.00, 61.00, 1.00, 0.00
332.00, 66.00, 63.00, 0.50, 0.00
332.50, 64.00, 62.00, 0.50, 0.00
333.00, 33.00, 44.00, 1.00, 1.00
333.00, 69.00, 65.00, 3.50, 0.00
334.00, 57.00, 58.00, 1.00, 1.00
334.00, 61.00, 60.00, 1.00, 0.00
334.00, 64.00, 62.00, 1.00, 1.00
335.00, 57.00, 58.00, 1.00, 1.00
335.00, 61.00, 60.00, 1.00, 0.00
335.00, 64.00, 62.00, 1.00, 1.00
335.00, 67.00, 64.00, 1.00, 0.00
336.00, 50.00, 54.00, 1.00, 1.00
336.00, 66.00, 63.00, 1.00, 0.00
336.50, 73.00, 67.00, 0.50, 0.00
337.00, 50.00, 54.00, 1.00, 1.00
337.00, 57.00, 58.00, 1.00, 1.00
337.00, 62.00, 61.00, 1.00, 1.00
337.00, 66.00, 63.00, 1.00, 0.00
337.00, 74.00, 68.00, 0.50, 0.00
337.50, 76.00, 69.00, 0.50, 0.00
338.00, 50.00, 54.00, 1.00, 1.00
338.00, 57.00, 58.00, 1.00, 1.00
338.00, 62.00, 61.00, 1.00, 1.00
338.00, 66.00, 63.00, 1.00, 0.00
338.00, 78.00, 70.00, 0.50, 0.00
338.50, 79.00, 71.00, 0.50, 0.00
339.00, 45.00, 51.00, 1.00, 1.00
339.00, 78.00, 70.00, 1.00, 0.00
340.00, 52.00, 55.00, 1.00, 1.00
340.00, 57.00, 58.00, 1.00, 1.00
340.00, 61.00, 60.00, 1.00, 1.00
340.00, 67.00, 64.00, 1.00, 0.00
340.00, 76.00, 69.00, 0.50, 0.00
340.50, 74.00, 68.00, 0.50, 0.00
341.00, 52.00, 55.00, 1.00, 1.00
341.00, 57.00, 58.00, 1.00, 1.00
341.00, 61.00, 60.00, 1.00, 1.00
341.00, 67.00, 64.00, 1.00, 0.00
341.00, 73.00, 67.00, 0.50, 0.00
341.50, 71.00, 66.00, 0.50, 0.00
342.00, 38.00, 47.00, 1.00, 1.00
342.00, 69.00, 65.00, 0.50, 0.00
342.50, 74.00, 68.00, 0.50, 0.00
343.00, 50.00, 54.00, 1.00, 1.00
343.00, 57.00, 58.00, 1.00, 1.00
343.00, 62.00, 61.00, 1.00, 1.00
343.00, 66.00, 63.00, 1.00, 0.00
343.00, 74.00, 68.00, 0.33, 0.00
343.33, 76.00, 69.00, 0.33, 0.00
343.67, 74.00, 68.00, 0.33, 0.00
344.00, 50.00, 54.00, 1.00, 1.00
344.00, 57.00, 58.00, 1.00, 1.00
344.00, 62.00, 61.00, 1.00, 1.00
344.00, 66.00, 63.00, 1.00, 0.00
344.00, 73.00, 67.00, 0.50, 0.00
344.50, 71.00, 66.00, 0.50, 0.00
345.00, 45.00, 51.00, 1.00, 1.00
345.00, 73.00, 67.00, 2.00, 0.00
346.00, 57.00, 58.00, 1.00, 1.00
346.00, 64.00, 62.00, 1.00, 0.00
346.00, 69.00, 65.00, 1.00, 0.00
347.00, 57.00, 58.00, 1.00, 1.00
347.00, 64.00, 62.00, 1.00, 1.00
347.00, 67.00, 64.00, 1.00, 0.00
347.00, 69.00, 65.00, 1.00, 0.00
348.00, 50.00, 54.00, 1.00, 1.00
348.00, 69.00, 65.00, 0.50, 0.00
348.50, 73.00, 67.00, 0.50, 0.00
349.00, 57.00, 58.00, 1.00, 1.00
349.00, 62.00, 61.00, 1.00, 1.00
349.00, 66.00, 63.00, 1.00, 0.00
349.00, 74.00, 68.00, 0.50, 0.00
349.50, 76.00, 69.00, 0.50, 0.00
350.00, 50.00, 54.00, 1.00, 1.00
350.00, 57.00, 58.00, 1.00, 1.00
350.00, 62.00, 61.00, 1.00, 1.00
350.00, 66.00, 63.00, 1.00, 0.00
350.00, 78.00, 70.00, 0.50, 0.00
350.50, 79.00, 71.00, 0.50, 0.00
351.00, 43.00, 50.00, 1.00, 1.00
351.00, 78.00, 70.00, 1.00, 0.00
352.00, 59.00, 59.00, 1.00, 1.00
352.00, 64.00, 62.00, 1.00, 1.00
352.00, 67.00, 64.00, 1.00, 0.00
352.00, 76.00, 69.00, 0.50, 0.00
352.50, 74.00, 68.00, 0.50, 0.00
353.00, 52.00, 55.00, 1.00, 1.00
353.00, 59.00, 59.00, 1.00, 1.00
353.00, 64.00, 62.00, 1.00, 1.00
353.00, 67.00, 64.00, 1.00, 0.00
353.00, 73.00, 67.00, 0.50, 0.00
353.50, 71.00, 66.00, 0.50, 0.00
354.00, 45.00, 51.00, 1.00, 1.00
354.00, 69.00, 65.00, 0.50, 0.00
354.50, 73.00, 67.00, 0.50, 0.00
355.00, 57.00, 58.00, 1.00, 1.00
355.00, 64.00, 62.00, 1.00, 1.00
355.00, 67.00, 64.00, 1.00, 0.00
355.00, 73.00, 67.00, 0.33, 0.00
355.33, 74.00, 68.00, 0.33, 0.00
355.67, 73.00, 67.00, 0.33, 0.00
356.00, 57.00, 58.00, 1.00, 1.00
356.00, 64.00, 62.00, 1.00, 1.00
356.00, 67.00, 64.00, 1.00, 0.00
356.00, 71.00, 66.00, 0.50, 0.00
356.50, 69.00, 65.00, 0.50, 0.00
357.00, 38.00, 47.00, 1.00, 1.00
357.00, 74.00, 68.00, 3.00, 0.00
358.00, 50.00, 54.00, 1.00, 1.00
358.00, 57.00, 58.00, 1.00, 1.00
358.00, 62.00, 61.00, 1.00, 1.00
358.00, 66.00, 63.00, 1.00, 0.00
359.00, 50.00, 54.00, 2.00, 1.00
359.00, 57.00, 58.00, 2.00, 1.00
359.00, 62.00, 61.00, 2.00, 1.00
359.00, 66.00, 63.00, 2.00, 0.00
360.00, 69.00, 65.00, 0.50, 0.00
360.50, 73.00, 67.00, 0.50, 0.00
361.00, 50.00, 54.00, 1.00, 1.00
361.00, 57.00, 58.00, 1.00, 1.00
361.00, 62.00, 61.00, 1.00, 1.00
361.00, 66.00, 63.00, 1.00, 0.00
361.00, 74.00, 68.00, 0.50, 0.00
361.50, 76.00, 69.00, 0.50, 0.00
362.00, 50.00, 54.00, 1.00, 1.00
362.00, 57.00, 58.00, 1.00, 1.00
362.00, 62.00, 61.00, 1.00, 1.00
362.00, 66.00, 63.00, 1.00, 0.00
362.00, 78.00, 70.00, 0.50, 0.00
362.50, 79.00, 71.00, 0.50, 0.00
363.00, 45.00, 51.00, 1.00, 1.00
363.00, 78.00, 70.00, 1.00, 0.00
364.00, 52.00, 55.00, 1.00, 1.00
364.00, 57.00, 58.00, 1.00, 1.00
364.00, 61.00, 60.00, 1.00, 1.00
364.00, 67.00, 64.00, 1.00, 0.00
364.00, 76.00, 69.00, 0.50, 0.00
364.50, 74.00, 68.00, 0.50, 0.00
365.00, 52.00, 55.00, 1.00, 1.00
365.00, 57.00, 58.00, 1.00, 1.00
365.00, 61.00, 60.00, 1.00, 1.00
365.00, 67.00, 64.00, 1.00, 0.00
365.00, 73.00, 67.00, 0.50, 0.00
365.50, 71.00, 66.00, 0.50, 0.00
366.00, 38.00, 47.00, 1.00, 1.00
366.00, 69.00, 65.00, 0.50, 0.00
366.50, 74.00, 68.00, 0.50, 0.00
367.00, 50.00, 54.00, 1.00, 1.00
367.00, 57.00, 58.00, 1.00, 1.00
367.00, 62.00, 61.00, 1.00, 1.00
367.00, 66.00, 63.00, 1.00, 0.00
367.00, 74.00, 68.00, 0.33, 0.00
367.33, 76.00, 69.00, 0.33, 0.00
367.67, 74.00, 68.00, 0.33, 0.00
368.00, 50.00, 54.00, 1.00, 1.00
368.00, 57.00, 58.00, 1.00, 1.00
368.00, 62.00, 61.00, 1.00, 1.00
368.00, 66.00, 63.00, 1.00, 0.00
368.00, 73.00, 67.00, 0.50, 0.00
368.50, 71.00, 66.00, 0.50, 0.00
369.00, 45.00, 51.00, 1.00, 1.00
369.00, 73.00, 67.00, 2.00, 0.00
370.00, 57.00, 58.00, 1.00, 1.00
370.00, 61.00, 60.00, 1.00, 1.00
370.00, 64.00, 62.00, 1.00, 0.00
370.00, 69.00, 65.00, 1.00, 0.00
371.00, 57.00, 58.00, 2.00, 1.00
371.00, 64.00, 62.00, 1.00, 1.00
371.00, 67.00, 64.00, 1.00, 0.00
371.00, 69.00, 65.00, 1.00, 0.00
372.00, 50.00, 54.00, 1.00, 1.00
372.00, 69.00, 65.00, 0.50, 0.00
372.50, 73.00, 67.00, 0.50, 0.00
373.00, 57.00, 58.00, 1.00, 1.00
373.00, 62.00, 61.00, 1.00, 1.00
373.00, 66.00, 63.00, 1.00, 0.00
373.00, 74.00, 68.00, 0.50, 0.00
373.50, 76.00, 69.00, 0.50, 0.00
374.00, 50.00, 54.00, 1.00, 1.00
374.00, 57.00, 58.00, 1.00, 1.00
374.00, 62.00, 61.00, 1.00, 1.00
374.00, 66.00, 63.00, 1.00, 0.00
374.00, 78.00, 70.00, 0.50, 0.00
374.50, 79.00, 71.00, 0.50, 0.00
375.00, 43.00, 50.00, 1.00, 1.00
375.00, 78.00, 70.00, 1.00, 0.00
376.00, 59.00, 59.00, 1.00, 1.00
376.00, 64.00, 62.00, 1.00, 1.00
376.00, 67.00, 64.00, 1.00, 0.00
376.00, 76.00, 69.00, 0.50, 0.00
376.50, 74.00, 68.00, 0.50, 0.00
377.00, 52.00, 55.00, 1.00, 1.00
377.00, 59.00, 59.00, 1.00, 1.00
377.00, 64.00, 62.00, 1.00, 1.00
377.00, 67.00, 64.00, 1.00, 0.00
377.00, 73.00, 67.00, 0.50, 0.00
377.50, 71.00, 66.00, 0.50, 0.00
378.00, 45.00, 51.00, 1.00, 1.00
378.00, 69.00, 65.00, 0.50, 0.00
378.50, 73.00, 67.00, 0.50, 0.00
379.00, 57.00, 58.00, 1.00, 1.00
379.00, 64.00, 62.00, 1.00, 1.00
379.00, 67.00, 64.00, 1.00, 0.00
379.00, 73.00, 67.00, 0.33, 0.00
379.33, 74.00, 68.00, 0.33, 0.00
379.67, 73.00, 67.00, 0.33, 0.00
380.00, 57.00, 58.00, 1.00, 1.00
380.00, 64.00, 62.00, 1.00, 1.00
380.00, 67.00, 64.00, 1.00, 0.00
380.00, 71.00, 66.00, 0.50, 0.00
380.50, 69.00, 65.00, 0.50, 0.00
381.00, 38.00, 47.00, 1.00, 1.00
381.00, 74.00, 68.00, 3.00, 0.00
382.00, 50.00, 54.00, 1.00, 1.00
382.00, 57.00, 58.00, 1.00, 1.00
382.00, 62.00, 61.00, 1.00, 1.00
382.00, 66.00, 63.00, 1.00, 0.00
383.00, 50.00, 54.00, 1.00, 1.00
383.00, 57.00, 58.00, 1.00, 1.00
383.00, 62.00, 61.00, 1.00, 1.00
383.00, 66.00, 63.00, 1.00, 0.00
384.00, 50.00, 54.00, 1.00, 1.00
384.00, 57.00, 58.00, 1.00, 1.00
384.00, 66.00, 63.00, 0.50, 0.00
384.00, 74.00, 68.00, 3.00, 0.00
384.50, 69.00, 65.00, 0.50, 0.00
385.00, 50.00, 54.00, 1.00, 1.00
385.00, 60.00, 60.00, 1.00, 1.00
385.00, 69.00, 65.00, 0.50, 0.00
385.50, 69.00, 65.00, 0.50, 0.00
386.00, 50.00, 54.00, 1.00, 1.00
386.00, 59.00, 59.00, 1.00, 1.00
386.00, 68.00, 64.00, 0.50, 0.00
386.50, 65.00, 62.00, 0.50, 0.00
387.00, 50.00, 54.00, 1.00, 1.00
387.00, 55.00, 57.00, 1.00, 1.00
387.00, 64.00, 62.00, 0.50, 0.00
387.00, 74.00, 68.00, 3.00, 0.00
387.50, 67.00, 64.00, 0.50, 0.00
388.00, 50.00, 54.00, 1.00, 1.00
388.00, 58.00, 59.00, 1.00, 1.00
388.00, 67.00, 64.00, 0.50, 0.00
388.50, 67.00, 64.00, 0.50, 0.00
389.00, 50.00, 54.00, 1.00, 1.00
389.00, 57.00, 58.00, 1.00, 1.00
389.00, 66.00, 63.00, 0.50, 0.00
389.50, 62.00, 61.00, 0.50, 0.00
390.00, 50.00, 54.00, 1.00, 1.00
390.00, 57.00, 58.00, 1.00, 1.00
390.00, 66.00, 63.00, 0.50, 0.00
390.00, 74.00, 68.00, 3.00, 0.00
390.50, 69.00, 65.00, 0.50, 0.00
391.00, 50.00, 54.00, 1.00, 1.00
391.00, 60.00, 60.00, 1.00, 1.00
391.00, 69.00, 65.00, 0.50, 0.00
391.50, 69.00, 65.00, 0.50, 0.00
392.00, 50.00, 54.00, 1.00, 1.00
392.00, 59.00, 59.00, 1.00, 1.00
392.00, 68.00, 64.00, 0.50, 0.00
392.50, 65.00, 62.00, 0.50, 0.00
393.00, 50.00, 54.00, 1.00, 1.00
393.00, 55.00, 57.00, 1.00, 1.00
393.00, 64.00, 62.00, 0.50, 0.00
393.00, 74.00, 68.00, 3.00, 0.00
393.50, 67.00, 64.00, 0.50, 0.00
394.00, 50.00, 54.00, 1.00, 1.00
394.00, 58.00, 59.00, 1.00, 1.00
394.00, 67.00, 64.00, 0.50, 0.00
394.50, 67.00, 64.00, 0.50, 0.00
395.00, 50.00, 54.00, 1.00, 1.00
395.00, 57.00, 58.00, 1.00, 1.00
395.00, 66.00, 63.00, 1.00, 0.00
396.00, 50.00, 54.00, 1.00, 1.00
396.00, 54.00, 56.00, 1.00, 1.00
396.00, 62.00, 61.00, 0.50, 0.00
396.00, 69.00, 65.00, 3.00, 0.00
396.50, 66.00, 63.00, 0.50, 0.00
397.00, 50.00, 54.00, 1.00, 1.00
397.00, 57.00, 58.00, 1.00, 1.00
397.00, 66.00, 63.00, 0.50, 0.00
397.50, 66.00, 63.00, 0.50, 0.00
398.00, 50.00, 54.00, 1.00, 1.00
398.00, 56.00, 57.00, 1.00, 1.00
398.00, 64.00, 62.00, 0.50, 0.00
398.50, 59.00, 59.00, 0.50, 0.00
399.00, 50.00, 54.00, 1.00, 1.00
399.00, 52.00, 55.00, 1.00, 1.00
399.00, 61.00, 60.00, 0.50, 0.00
399.00, 69.00, 65.00, 3.00, 0.00
399.50, 64.00, 62.00, 0.50, 0.00
400.00, 50.00, 54.00, 1.00, 1.00
400.00, 55.00, 57.00, 1.00, 1.00
400.00, 64.00, 62.00, 0.50, 0.00
400.50, 64.00, 62.00, 0.50, 0.00
401.00, 50.00, 54.00, 1.00, 1.00
401.00, 54.00, 56.00, 1.00, 1.00
401.00, 62.00, 61.00, 0.50, 0.00
401.50, 57.00, 58.00, 0.50, 0.00
402.00, 50.00, 54.00, 1.00, 1.00
402.00, 54.00, 56.00, 1.00, 1.00
402.00, 62.00, 61.00, 0.50, 0.00
402.00, 69.00, 65.00, 3.00, 0.00
402.50, 66.00, 63.00, 0.50, 0.00
403.00, 50.00, 54.00, 1.00, 1.00
403.00, 57.00, 58.00, 1.00, 1.00
403.00, 66.00, 63.00, 0.50, 0.00
403.50, 66.00, 63.00, 0.50, 0.00
404.00, 50.00, 54.00, 1.00, 1.00
404.00, 56.00, 57.00, 1.00, 1.00
404.00, 64.00, 62.00, 0.50, 0.00
404.50, 59.00, 59.00, 0.50, 0.00
405.00, 50.00, 54.00, 1.00, 1.00
405.00, 52.00, 55.00, 1.00, 1.00
405.00, 61.00, 60.00, 0.50, 0.00
405.00, 69.00, 65.00, 3.00, 0.00
405.50, 64.00, 62.00, 0.50, 0.00
406.00, 50.00, 54.00, 1.00, 1.00
406.00, 55.00, 57.00, 1.00, 1.00
406.00, 64.00, 62.00, 0.50, 0.00
406.50, 64.00, 62.00, 0.50, 0.00
407.00, 50.00, 54.00, 1.00, 1.00
407.00, 54.00, 56.00, 1.00, 1.00
407.00, 62.00, 61.00, 0.50, 0.00
407.50, 57.00, 58.00, 0.50, 0.00
408.00, 38.00, 47.00, 1.00, 1.00
408.00, 45.00, 51.00, 1.00, 1.00
408.00, 54.00, 56.00, 0.50, 1.00
408.00, 62.00, 61.00, 3.00, 0.00
408.50, 57.00, 58.00, 0.50, 1.00
409.00, 38.00, 47.00, 1.00, 1.00
409.00, 48.00, 53.00, 1.00, 1.00
409.00, 57.00, 58.00, 0.50, 1.00
409.50, 57.00, 58.00, 0.50, 1.00
410.00, 38.00, 47.00, 1.00, 1.00
410.00, 47.00, 52.00, 1.00, 1.00
410.00, 56.00, 57.00, 0.50, 1.00
410.50, 53.00, 55.00, 0.50, 1.00
411.00, 38.00, 47.00, 1.00, 1.00
411.00, 43.00, 50.00, 1.00, 1.00
411.00, 52.00, 55.00, 0.50, 1.00
411.00, 62.00, 61.00, 3.00, 0.00
411.50, 55.00, 57.00, 0.50, 1.00
412.00, 38.00, 47.00, 1.00, 1.00
412.00, 46.00, 52.00, 1.00, 1.00
412.00, 55.00, 57.00, 0.50, 1.00
412.50, 55.00, 57.00, 0.50, 1.00
413.00, 38.00, 47.00, 1.00, 1.00
413.00, 45.00, 51.00, 1.00, 1.00
413.00, 54.00, 56.00, 0.50, 1.00
413.50, 50.00, 54.00, 0.50, 1.00
414.00, 38.00, 47.00, 1.00, 1.00
414.00, 45.00, 51.00, 1.00, 1.00
414.00, 54.00, 56.00, 0.50, 1.00
414.00, 62.00, 61.00, 3.00, 0.00
414.50, 57.00, 58.00, 0.50, 1.00
415.00, 38.00, 47.00, 1.00, 1.00
415.00, 48.00, 53.00, 1.00, 1.00
415.00, 57.00, 58.00, 0.50, 1.00
415.50, 57.00, 58.00, 0.50, 1.00
416.00, 38.00, 47.00, 1.00, 1.00
416.00, 47.00, 52.00, 1.00, 1.00
416.00, 56.00, 57.00, 0.50, 1.00
416.50, 53.00, 55.00, 0.50, 1.00
417.00, 38.00, 47.00, 1.00, 1.00
417.00, 43.00, 50.00, 1.00, 1.00
417.00, 52.00, 55.00, 0.50, 1.00
417.00, 62.00, 61.00, 3.00, 0.00
417.50, 55.00, 57.00, 0.50, 1.00
418.00, 38.00, 47.00, 1.00, 1.00
418.00, 46.00, 52.00, 1.00, 1.00
418.00, 55.00, 57.00, 0.50, 1.00
418.50, 55.00, 57.00, 0.50, 1.00
419.00, 38.00, 47.00, 1.00, 1.00
419.00, 45.00, 51.00, 1.00, 1.00
419.00, 54.00, 56.00, 0.50, 1.00
419.50, 50.00, 54.00, 1.50, 1.00
420.00, 38.00, 47.00, 1.00, 1.00
420.00, 45.00, 51.00, 1.00, 1.00
420.00, 57.00, 58.00, 1.00, 1.00
420.00, 62.00, 61.00, 1.00, 0.00
421.00, 50.00, 54.00, 1.00, 1.00
421.00, 57.00, 58.00, 1.00, 1.00
421.00, 62.00, 61.00, 1.00, 0.00
421.00, 69.00, 65.00, 1.00, 0.00
422.00, 62.00, 61.00, 7.00, 1.00
422.00, 69.00, 65.00, 7.00, 1.00
422.00, 74.00, 68.00, 0.50, 0.00
422.50, 81.00, 72.00, 0.50, 0.00
423.00, 86.00, 75.00, 0.50, 0.00
423.50, 90.00, 77.00, 0.50, 0.00
424.00, 92.00, 78.00, 0.50, 0.00
424.50, 93.00, 79.00, 0.50, 0.00
425.00, 95.00, 80.00, 0.50, 0.00
425.50, 97.00, 81.00, 0.50, 0.00
426.00, 98.00, 82.00, 3.00, 0.00
