ontime, MNN, MPN, duration, channel
-1.00, 78.00, 70.00, 1.50, 0.00
0.00, 47.00, 52.00, 1.00, 1.00
0.50, 83.00, 73.00, 0.50, 0.00
1.00, 55.00, 57.00, 1.00, 1.00
1.00, 59.00, 59.00, 1.00, 1.00
1.00, 64.00, 62.00, 1.00, 1.00
1.00, 79.00, 71.00, 1.00, 0.00
2.00, 55.00, 57.00, 1.00, 1.00
2.00, 59.00, 59.00, 1.00, 1.00
2.00, 64.00, 62.00, 1.00, 1.00
2.00, 78.00, 70.00, 0.50, 0.00
2.50, 76.00, 69.00, 0.50, 0.00
3.00, 47.00, 52.00, 1.00, 1.00
3.00, 71.00, 66.00, 3.00, 0.00
4.00, 54.00, 56.00, 1.00, 1.00
4.00, 59.00, 59.00, 1.00, 1.00
4.00, 62.00, 61.00, 1.00, 1.00
5.00, 54.00, 56.00, 1.00, 1.00
5.00, 59.00, 59.00, 1.00, 1.00
5.00, 62.00, 61.00, 1.00, 1.00
6.00, 47.00, 52.00, 1.00, 1.00
6.00, 73.00, 67.00, 0.50, 0.00
6.50, 76.00, 69.00, 0.50, 0.00
7.00, 54.00, 56.00, 1.00, 1.00
7.00, 58.00, 58.00, 1.00, 1.00
7.00, 64.00, 62.00, 1.00, 1.00
7.00, 74.00, 68.00, 1.00, 0.00
8.00, 54.00, 56.00, 1.00, 1.00
8.00, 58.00, 58.00, 1.00, 1.00
8.00, 64.00, 62.00, 1.00, 1.00
8.00, 73.00, 67.00, 1.00, 0.00
9.00, 47.00, 52.00, 1.00, 1.00
9.00, 71.00, 66.00, 3.00, 0.00
10.00, 54.00, 56.00, 1.00, 1.00
10.00, 59.00, 59.00, 1.00, 1.00
10.00, 62.00, 61.00, 1.00, 1.00
11.00, 54.00, 56.00, 1.00, 1.00
11.00, 59.00, 59.00, 1.00, 1.00
11.00, 62.00, 61.00, 1.00, 1.00
12.00, 37.00, 46.00, 1.00, 1.00
12.00, 73.00, 67.00, 0.50, 0.00
12.50, 71.00, 66.00, 0.50, 0.00
13.00, 49.00, 53.00, 1.00, 1.00
13.00, 53.00, 55.00, 1.00, 1.00
13.00, 59.00, 59.00, 1.00, 1.00
13.00, 69.00, 65.00, 1.00, 0.00
14.00, 49.00, 53.00, 1.00, 1.00
14.00, 53.00, 55.00, 1.00, 1.00
14.00, 59.00, 59.00, 1.00, 1.00
14.00, 68.00, 64.00, 1.00, 0.00
15.00, 42.00, 49.00, 1.00, 1.00
15.00, 69.00, 65.00, 0.50, 0.00
15.50, 73.00, 67.00, 1.00, 0.00
16.00, 49.00, 53.00, 1.00, 1.00
16.00, 57.00, 58.00, 1.00, 1.00
17.00, 61.00, 60.00, 1.50, 0.00
18.50, 59.00, 59.00, 0.50, 0.00
19.00, 57.00, 58.00, 1.00, 0.00
20.00, 56.00, 57.00, 1.00, 0.00
21.00, 57.00, 58.00, 1.00, 0.00
22.00, 61.00, 60.00, 2.00, 0.00
24.00, 49.00, 53.00, 6.00, 1.00
24.00, 56.00, 57.00, 1.00, 1.00
24.00, 59.00, 59.00, 1.00, 0.00
25.00, 54.00, 56.00, 1.00, 1.00
25.00, 57.00, 58.00, 1.00, 0.00
26.00, 57.00, 58.00, 1.00, 1.00
26.00, 61.00, 60.00, 1.00, 0.00
27.00, 56.00, 57.00, 0.50, 1.00
27.00, 59.00, 59.00, 0.50, 0.00
27.50, 54.00, 56.00, 0.50, 1.00
27.50, 57.00, 58.00, 0.50, 0.00
28.00, 57.00, 58.00, 1.00, 1.00
28.00, 61.00, 60.00, 1.00, 0.00
29.00, 57.00, 58.00, 1.00, 1.00
29.00, 61.00, 60.00, 1.00, 0.00
30.00, 49.00, 53.00, 4.00, 1.00
30.00, 56.00, 57.00, 1.00, 1.00
30.00, 59.00, 59.00, 1.00, 0.00
31.00, 54.00, 56.00, 1.00, 1.00
31.00, 58.00, 58.00, 1.00, 0.00
32.00, 58.00, 58.00, 1.00, 1.00
32.00, 61.00, 60.00, 1.00, 0.00
33.00, 56.00, 57.00, 0.50, 1.00
33.00, 59.00, 59.00, 0.50, 0.00
33.50, 54.00, 56.00, 1.50, 1.00
33.50, 58.00, 58.00, 0.50, 0.00
34.00, 42.00, 49.00, 2.00, 1.00
34.00, 66.00, 63.00, 1.00, 0.00
35.00, 78.00, 70.00, 1.50, 0.00
36.00, 47.00, 52.00, 1.00, 1.00
36.50, 83.00, 73.00, 0.50, 0.00
37.00, 55.00, 57.00, 1.00, 1.00
37.00, 59.00, 59.00, 1.00, 1.00
37.00, 64.00, 62.00, 1.00, 1.00
37.00, 79.00, 71.00, 1.00, 0.00
38.00, 55.00, 57.00, 1.00, 1.00
38.00, 59.00, 59.00, 1.00, 1.00
38.00, 64.00, 62.00, 1.00, 1.00
38.00, 78.00, 70.00, 0.50, 0.00
38.50, 76.00, 69.00, 0.50, 0.00
39.00, 47.00, 52.00, 1.00, 1.00
39.00, 71.00, 66.00, 3.00, 0.00
40.00, 54.00, 56.00, 1.00, 1.00
40.00, 59.00, 59.00, 1.00, 1.00
40.00, 62.00, 61.00, 1.00, 1.00
41.00, 54.00, 56.00, 1.00, 1.00
41.00, 59.00, 59.00, 1.00, 1.00
41.00, 62.00, 61.00, 1.00, 1.00
42.00, 47.00, 52.00, 1.00, 1.00
42.00, 73.00, 67.00, 0.50, 0.00
42.50, 76.00, 69.00, 0.50, 0.00
43.00, 54.00, 56.00, 1.00, 1.00
43.00, 58.00, 58.00, 1.00, 1.00
43.00, 64.00, 62.00, 1.00, 1.00
43.00, 74.00, 68.00, 1.00, 0.00
44.00, 54.00, 56.00, 1.00, 1.00
44.00, 58.00, 58.00, 1.00, 1.00
44.00, 64.00, 62.00, 1.00, 1.00
44.00, 73.00, 67.00, 1.00, 0.00
45.00, 47.00, 52.00, 1.00, 1.00
45.00, 71.00, 66.00, 2.00, 0.00
46.00, 54.00, 56.00, 1.00, 1.00
46.00, 59.00, 59.00, 1.00, 1.00
46.00, 62.00, 61.00, 1.00, 1.00
47.00, 50.00, 54.00, 1.50, 0.00
48.00, 59.00, 59.00, 1.00, 1.00
48.00, 65.00, 63.00, 1.00, 1.00
48.50, 55.00, 57.00, 0.50, 0.00
49.00, 52.00, 55.00, 0.33, 0.00
49.00, 60.00, 60.00, 1.00, 1.00
49.00, 64.00, 62.00, 1.00, 1.00
49.33, 53.00, 56.00, 0.33, 0.00
49.67, 52.00, 55.00, 0.33, 0.00
50.00, 50.00, 54.00, 0.50, 0.00
50.00, 60.00, 60.00, 1.00, 1.00
50.00, 64.00, 62.00, 1.00, 1.00
50.50, 48.00, 53.00, 0.50, 0.00
51.00, 50.00, 54.00, 0.75, 0.00
51.00, 55.00, 57.00, 1.00, 1.00
51.00, 59.00, 59.00, 1.00, 1.00
51.00, 65.00, 63.00, 1.00, 1.00
51.75, 43.00, 50.00, 0.25, 0.00
52.00, 50.00, 54.00, 1.00, 0.00
52.00, 55.00, 57.00, 1.00, 1.00
52.00, 59.00, 59.00, 1.00, 1.00
52.00, 65.00, 63.00, 1.00, 1.00
53.00, 48.00, 53.00, 1.00, 0.00
53.00, 60.00, 60.00, 1.00, 1.00
53.00, 64.00, 62.00, 1.00, 1.00
54.00, 50.00, 54.00, 0.50, 0.00
54.00, 59.00, 59.00, 1.00, 1.00
54.00, 65.00, 63.00, 1.00, 1.00
54.50, 55.00, 57.00, 0.50, 0.00
55.00, 52.00, 55.00, 0.33, 0.00
55.00, 60.00, 60.00, 1.00, 1.00
55.00, 64.00, 62.00, 1.00, 1.00
55.33, 53.00, 56.00, 0.33, 0.00
55.67, 52.00, 55.00, 0.33, 0.00
56.00, 50.00, 54.00, 0.50, 0.00
56.00, 60.00, 60.00, 1.00, 1.00
56.00, 64.00, 62.00, 1.00, 1.00
56.50, 48.00, 53.00, 0.50, 0.00
57.00, 50.00, 54.00, 0.75, 0.00
57.00, 55.00, 57.00, 1.00, 1.00
57.00, 59.00, 59.00, 1.00, 1.00
57.00, 65.00, 63.00, 1.00, 1.00
57.75, 43.00, 50.00, 0.25, 0.00
58.00, 50.00, 54.00, 1.00, 0.00
58.00, 55.00, 57.00, 1.00, 1.00
58.00, 59.00, 59.00, 1.00, 1.00
58.00, 65.00, 63.00, 1.00, 1.00
59.00, 48.00, 53.00, 1.00, 0.00
59.00, 60.00, 60.00, 1.00, 1.00
59.00, 64.00, 62.00, 1.00, 1.00
60.00, 50.00, 54.00, 0.75, 0.00
60.00, 55.00, 57.00, 1.00, 1.00
60.00, 59.00, 59.00, 1.00, 1.00
60.00, 65.00, 63.00, 1.00, 1.00
60.75, 43.00, 50.00, 0.25, 0.00
61.00, 48.00, 53.00, 1.00, 0.00
61.00, 60.00, 60.00, 1.00, 1.00
61.00, 64.00, 62.00, 1.00, 1.00
62.00, 50.00, 54.00, 0.75, 0.00
62.00, 55.00, 57.00, 1.00, 1.00
62.00, 59.00, 59.00, 1.00, 1.00
62.00, 65.00, 63.00, 1.00, 1.00
62.75, 43.00, 50.00, 0.25, 0.00
63.00, 48.00, 53.00, 1.00, 0.00
63.00, 60.00, 60.00, 1.00, 1.00
63.00, 64.00, 62.00, 1.00, 1.00
64.00, 50.00, 54.00, 0.75, 0.00
64.00, 55.00, 57.00, 1.00, 1.00
64.00, 59.00, 59.00, 1.00, 1.00
64.00, 65.00, 63.00, 1.00, 1.00
64.75, 43.00, 50.00, 0.25, 0.00
65.00, 48.00, 53.00, 1.00, 0.00
65.00, 60.00, 60.00, 1.00, 1.00
65.00, 64.00, 62.00, 1.00, 1.00
66.00, 43.00, 50.00, 3.00, 0.00
66.00, 55.00, 57.00, 3.00, 1.00
69.00, 42.00, 49.00, 3.00, 0.00
69.00, 54.00, 56.00, 3.00, 1.00
72.00, 35.00, 45.00, 1.00, 1.00
72.00, 47.00, 52.00, 1.00, 1.00
72.00, 78.00, 70.00, 0.50, 0.00
72.50, 83.00, 73.00, 0.50, 0.00
73.00, 55.00, 57.00, 1.00, 1.00
73.00, 59.00, 59.00, 1.00, 1.00
73.00, 64.00, 62.00, 1.00, 1.00
73.00, 79.00, 71.00, 1.00, 0.00
74.00, 55.00, 57.00, 1.00, 1.00
74.00, 59.00, 59.00, 1.00, 1.00
74.00, 64.00, 62.00, 1.00, 1.00
74.00, 78.00, 70.00, 0.50, 0.00
74.50, 76.00, 69.00, 0.50, 0.00
75.00, 47.00, 52.00, 1.00, 1.00
75.00, 71.00, 66.00, 3.00, 0.00
76.00, 54.00, 56.00, 1.00, 1.00
76.00, 59.00, 59.00, 1.00, 1.00
76.00, 62.00, 61.00, 1.00, 1.00
77.00, 54.00, 56.00, 1.00, 1.00
77.00, 59.00, 59.00, 1.00, 1.00
77.00, 62.00, 61.00, 1.00, 1.00
78.00, 47.00, 52.00, 1.00, 1.00
78.00, 73.00, 67.00, 0.50, 0.00
78.50, 76.00, 69.00, 0.50, 0.00
79.00, 54.00, 56.00, 1.00, 1.00
79.00, 58.00, 58.00, 1.00, 1.00
79.00, 64.00, 62.00, 1.00, 1.00
79.00, 74.00, 68.00, 1.00, 0.00
80.00, 54.00, 56.00, 1.00, 1.00
80.00, 58.00, 58.00, 1.00, 1.00
80.00, 64.00, 62.00, 1.00, 1.00
80.00, 73.00, 67.00, 1.00, 0.00
81.00, 47.00, 52.00, 1.00, 1.00
81.00, 71.00, 66.00, 3.00, 0.00
82.00, 54.00, 56.00, 1.00, 1.00
82.00, 59.00, 59.00, 1.00, 1.00
82.00, 62.00, 61.00, 1.00, 1.00
83.00, 54.00, 56.00, 1.00, 1.00
83.00, 59.00, 59.00, 1.00, 1.00
83.00, 62.00, 61.00, 1.00, 1.00
84.00, 37.00, 46.00, 1.00, 1.00
84.00, 73.00, 67.00, 0.50, 0.00
84.50, 71.00, 66.00, 0.50, 0.00
85.00, 49.00, 53.00, 1.00, 1.00
85.00, 53.00, 55.00, 1.00, 1.00
85.00, 59.00, 59.00, 1.00, 1.00
85.00, 69.00, 65.00, 1.00, 0.00
86.00, 49.00, 53.00, 1.00, 1.00
86.00, 53.00, 55.00, 1.00, 1.00
86.00, 59.00, 59.00, 1.00, 1.00
86.00, 68.00, 64.00, 1.00, 0.00
87.00, 42.00, 49.00, 1.00, 1.00
87.00, 69.00, 65.00, 0.50, 0.00
87.50, 73.00, 67.00, 1.00, 0.00
88.00, 49.00, 53.00, 1.00, 1.00
88.00, 57.00, 58.00, 1.00, 1.00
89.00, 61.00, 60.00, 1.50, 0.00
90.50, 59.00, 59.00, 0.50, 0.00
91.00, 57.00, 58.00, 1.00, 0.00
92.00, 56.00, 57.00, 1.00, 0.00
93.00, 57.00, 58.00, 1.00, 0.00
94.00, 61.00, 60.00, 2.00, 0.00
96.00, 49.00, 53.00, 6.00, 1.00
96.00, 56.00, 57.00, 1.00, 1.00
96.00, 59.00, 59.00, 1.00, 0.00
97.00, 54.00, 56.00, 1.00, 1.00
97.00, 57.00, 58.00, 1.00, 0.00
98.00, 57.00, 58.00, 1.00, 1.00
98.00, 61.00, 60.00, 1.00, 0.00
99.00, 56.00, 57.00, 0.50, 1.00
99.00, 59.00, 59.00, 0.50, 0.00
99.50, 54.00, 56.00, 0.50, 1.00
99.50, 57.00, 58.00, 0.50, 0.00
100.00, 57.00, 58.00, 1.00, 1.00
100.00, 61.00, 60.00, 1.00, 0.00
101.00, 57.00, 58.00, 1.00, 1.00
101.00, 61.00, 60.00, 1.00, 0.00
102.00, 49.00, 53.00, 4.00, 1.00
102.00, 56.00, 57.00, 1.00, 1.00
102.00, 59.00, 59.00, 1.00, 0.00
103.00, 54.00, 56.00, 1.00, 1.00
103.00, 58.00, 58.00, 1.00, 0.00
104.00, 58.00, 58.00, 1.00, 1.00
104.00, 61.00, 60.00, 1.00, 0.00
105.00, 56.00, 57.00, 0.50, 1.00
105.00, 59.00, 59.00, 0.50, 0.00
105.50, 54.00, 56.00, 1.50, 1.00
105.50, 58.00, 58.00, 0.50, 0.00
106.00, 42.00, 49.00, 2.00, 1.00
106.00, 66.00, 63.00, 1.00, 0.00
107.00, 78.00, 70.00, 1.50, 0.00
108.00, 47.00, 52.00, 1.00, 1.00
108.50, 83.00, 73.00, 0.50, 0.00
109.00, 55.00, 57.00, 1.00, 1.00
109.00, 59.00, 59.00, 1.00, 1.00
109.00, 64.00, 62.00, 1.00, 1.00
109.00, 79.00, 71.00, 1.00, 0.00
110.00, 55.00, 57.00, 1.00, 1.00
110.00, 59.00, 59.00, 1.00, 1.00
110.00, 64.00, 62.00, 1.00, 1.00
110.00, 78.00, 70.00, 0.50, 0.00
110.50, 76.00, 69.00, 0.50, 0.00
111.00, 47.00, 52.00, 1.00, 1.00
111.00, 71.00, 66.00, 3.00, 0.00
112.00, 54.00, 56.00, 1.00, 1.00
112.00, 59.00, 59.00, 1.00, 1.00
112.00, 62.00, 61.00, 1.00, 1.00
113.00, 54.00, 56.00, 1.00, 1.00
113.00, 59.00, 59.00, 1.00, 1.00
113.00, 62.00, 61.00, 1.00, 1.00
114.00, 47.00, 52.00, 1.00, 1.00
114.00, 73.00, 67.00, 0.50, 0.00
114.50, 76.00, 69.00, 0.50, 0.00
115.00, 54.00, 56.00, 1.00, 1.00
115.00, 58.00, 58.00, 1.00, 1.00
115.00, 64.00, 62.00, 1.00, 1.00
115.00, 74.00, 68.00, 1.00, 0.00
116.00, 54.00, 56.00, 1.00, 1.00
116.00, 58.00, 58.00, 1.00, 1.00
116.00, 64.00, 62.00, 1.00, 1.00
116.00, 73.00, 67.00, 1.00, 0.00
117.00, 47.00, 52.00, 1.00, 1.00
117.00, 71.00, 66.00, 2.00, 0.00
118.00, 54.00, 56.00, 1.00, 1.00
118.00, 59.00, 59.00, 1.00, 1.00
118.00, 62.00, 61.00, 1.00, 1.00
119.00, 50.00, 54.00, 1.50, 0.00
120.00, 59.00, 59.00, 1.00, 1.00
120.00, 65.00, 63.00, 1.00, 1.00
120.50, 55.00, 57.00, 0.50, 0.00
121.00, 52.00, 55.00, 0.33, 0.00
121.00, 60.00, 60.00, 1.00, 1.00
121.00, 64.00, 62.00, 1.00, 1.00
121.33, 53.00, 56.00, 0.33, 0.00
121.67, 52.00, 55.00, 0.33, 0.00
122.00, 50.00, 54.00, 0.50, 0.00
122.00, 60.00, 60.00, 1.00, 1.00
122.00, 64.00, 62.00, 1.00, 1.00
122.50, 48.00, 53.00, 0.50, 0.00
123.00, 50.00, 54.00, 0.75, 0.00
123.00, 55.00, 57.00, 1.00, 1.00
123.00, 59.00, 59.00, 1.00, 1.00
123.00, 65.00, 63.00, 1.00, 1.00
123.75, 43.00, 50.00, 0.25, 0.00
124.00, 50.00, 54.00, 1.00, 0.00
124.00, 55.00, 57.00, 1.00, 1.00
124.00, 59.00, 59.00, 1.00, 1.00
124.00, 65.00, 63.00, 1.00, 1.00
125.00, 48.00, 53.00, 1.00, 0.00
125.00, 60.00, 60.00, 1.00, 1.00
125.00, 64.00, 62.00, 1.00, 1.00
126.00, 50.00, 54.00, 0.50, 0.00
126.00, 59.00, 59.00, 1.00, 1.00
126.00, 65.00, 63.00, 1.00, 1.00
126.50, 55.00, 57.00, 0.50, 0.00
127.00, 52.00, 55.00, 0.33, 0.00
127.00, 60.00, 60.00, 1.00, 1.00
127.00, 64.00, 62.00, 1.00, 1.00
127.33, 53.00, 56.00, 0.33, 0.00
127.67, 52.00, 55.00, 0.33, 0.00
128.00, 50.00, 54.00, 0.50, 0.00
128.00, 60.00, 60.00, 1.00, 1.00
128.00, 64.00, 62.00, 1.00, 1.00
128.50, 48.00, 53.00, 0.50, 0.00
129.00, 50.00, 54.00, 0.75, 0.00
129.00, 55.00, 57.00, 1.00, 1.00
129.00, 59.00, 59.00, 1.00, 1.00
129.00, 65.00, 63.00, 1.00, 1.00
129.75, 43.00, 50.00, 0.25, 0.00
130.00, 50.00, 54.00, 1.00, 0.00
130.00, 55.00, 57.00, 1.00, 1.00
130.00, 59.00, 59.00, 1.00, 1.00
130.00, 65.00, 63.00, 1.00, 1.00
131.00, 48.00, 53.00, 1.00, 0.00
131.00, 60.00, 60.00, 1.00, 1.00
131.00, 64.00, 62.00, 1.00, 1.00
132.00, 50.00, 54.00, 0.75, 0.00
132.00, 55.00, 57.00, 1.00, 1.00
132.00, 59.00, 59.00, 1.00, 1.00
132.00, 65.00, 63.00, 1.00, 1.00
132.75, 43.00, 50.00, 0.25, 0.00
133.00, 48.00, 53.00, 1.00, 0.00
133.00, 60.00, 60.00, 1.00, 1.00
133.00, 64.00, 62.00, 1.00, 1.00
134.00, 50.00, 54.00, 0.75, 0.00
134.00, 55.00, 57.00, 1.00, 1.00
134.00, 59.00, 59.00, 1.00, 1.00
134.00, 65.00, 63.00, 1.00, 1.00
134.75, 43.00, 50.00, 0.25, 0.00
135.00, 48.00, 53.00, 1.00, 0.00
135.00, 60.00, 60.00, 1.00, 1.00
135.00, 64.00, 62.00, 1.00, 1.00
136.00, 50.00, 54.00, 0.75, 0.00
136.00, 55.00, 57.00, 1.00, 1.00
136.00, 59.00, 59.00, 1.00, 1.00
136.00, 65.00, 63.00, 1.00, 1.00
136.75, 43.00, 50.00, 0.25, 0.00
137.00, 48.00, 53.00, 1.00, 0.00
137.00, 60.00, 60.00, 1.00, 1.00
137.00, 64.00, 62.00, 1.00, 1.00
138.00, 43.00, 50.00, 3.00, 0.00
138.00, 55.00, 57.00, 3.00, 1.00
141.00, 42.00, 50.00, 2.00, 0.00
141.00, 54.00, 57.00, 2.00, 1.00
143.00, 41.00, 49.00, 1.00, 0.00
143.00, 53.00, 56.00, 1.00, 1.00
144.00, 34.00, 45.00, 1.00, 1.00
145.00, 53.00, 56.00, 1.00, 1.00
145.00, 58.00, 59.00, 1.00, 1.00
145.00, 62.00, 61.00, 1.00, 1.00
145.00, 65.00, 63.00, 1.00, 0.00
145.00, 70.00, 66.00, 1.00, 0.00
145.00, 74.00, 68.00, 1.00, 0.00
146.00, 54.00, 57.00, 1.00, 1.00
146.00, 58.00, 59.00, 1.00, 1.00
146.00, 63.00, 62.00, 1.00, 1.00
146.00, 66.00, 64.00, 1.00, 0.00
146.00, 70.00, 66.00, 1.00, 0.00
146.00, 75.00, 69.00, 1.00, 0.00
147.00, 46.00, 52.00, 1.00, 1.00
147.00, 78.00, 71.00, 0.50, 0.00
147.75, 74.00, 68.00, 0.25, 0.00
148.00, 58.00, 59.00, 2.00, 1.00
148.00, 62.00, 61.00, 2.00, 1.00
148.00, 65.00, 63.00, 2.00, 1.00
148.00, 72.00, 67.00, 0.75, 0.00
148.00, 77.00, 70.00, 1.00, 0.00
148.75, 74.00, 68.00, 0.25, 0.00
149.00, 53.00, 56.00, 1.00, 1.00
149.00, 70.00, 66.00, 1.00, 0.00
149.00, 77.00, 70.00, 1.00, 0.00
150.00, 34.00, 45.00, 1.00, 1.00
150.00, 82.00, 73.00, 1.00, 0.00
151.00, 53.00, 56.00, 1.00, 1.00
151.00, 58.00, 59.00, 1.00, 1.00
151.00, 62.00, 61.00, 1.00, 1.00
151.00, 65.00, 63.00, 1.00, 0.00
151.00, 70.00, 66.00, 1.00, 0.00
151.00, 74.00, 68.00, 1.00, 0.00
152.00, 54.00, 57.00, 1.00, 1.00
152.00, 58.00, 59.00, 1.00, 1.00
152.00, 63.00, 62.00, 1.00, 1.00
152.00, 66.00, 64.00, 1.00, 0.00
152.00, 70.00, 66.00, 1.00, 0.00
152.00, 75.00, 69.00, 1.00, 0.00
153.00, 46.00, 52.00, 1.00, 1.00
153.00, 78.00, 71.00, 0.50, 0.00
153.75, 74.00, 68.00, 0.25, 0.00
154.00, 58.00, 59.00, 2.00, 1.00
154.00, 62.00, 61.00, 2.00, 1.00
154.00, 65.00, 63.00, 2.00, 1.00
154.00, 72.00, 67.00, 0.75, 0.00
154.00, 77.00, 70.00, 1.00, 0.00
154.75, 74.00, 68.00, 0.25, 0.00
155.00, 53.00, 56.00, 1.00, 1.00
155.00, 70.00, 66.00, 1.00, 0.00
155.00, 77.00, 70.00, 1.00, 0.00
156.00, 34.00, 45.00, 1.00, 1.00
157.00, 53.00, 56.00, 1.00, 1.00
157.00, 58.00, 59.00, 1.00, 1.00
157.00, 62.00, 61.00, 1.00, 1.00
157.00, 65.00, 63.00, 1.00, 0.00
157.00, 70.00, 66.00, 1.00, 0.00
157.00, 74.00, 68.00, 1.00, 0.00
158.00, 54.00, 57.00, 1.00, 1.00
158.00, 58.00, 59.00, 1.00, 1.00
158.00, 63.00, 62.00, 1.00, 1.00
158.00, 66.00, 64.00, 1.00, 0.00
158.00, 70.00, 66.00, 1.00, 0.00
158.00, 75.00, 69.00, 1.00, 0.00
159.00, 46.00, 52.00, 1.00, 1.00
159.00, 78.00, 71.00, 0.50, 0.00
159.75, 74.00, 68.00, 0.25, 0.00
160.00, 58.00, 59.00, 2.00, 1.00
160.00, 62.00, 61.00, 2.00, 1.00
160.00, 65.00, 63.00, 2.00, 1.00
160.00, 72.00, 67.00, 0.75, 0.00
160.00, 77.00, 70.00, 1.00, 0.00
160.75, 74.00, 68.00, 0.25, 0.00
161.00, 53.00, 56.00, 1.00, 1.00
161.00, 70.00, 66.00, 1.00, 0.00
161.00, 77.00, 70.00, 1.00, 0.00
162.00, 34.00, 45.00, 1.00, 1.00
162.00, 46.00, 52.00, 1.00, 1.00
162.00, 82.00, 73.00, 1.00, 0.00
162.00, 94.00, 80.00, 1.00, 0.00
163.00, 53.00, 56.00, 1.00, 1.00
163.00, 58.00, 59.00, 1.00, 1.00
163.00, 62.00, 61.00, 1.00, 1.00
163.00, 65.00, 63.00, 1.00, 0.00
163.00, 70.00, 66.00, 1.00, 0.00
163.00, 74.00, 68.00, 1.00, 0.00
164.00, 54.00, 57.00, 1.00, 1.00
164.00, 58.00, 59.00, 1.00, 1.00
164.00, 63.00, 62.00, 1.00, 1.00
164.00, 66.00, 64.00, 1.00, 0.00
164.00, 70.00, 66.00, 1.00, 0.00
164.00, 75.00, 69.00, 1.00, 0.00
165.00, 46.00, 52.00, 1.00, 1.00
165.00, 78.00, 71.00, 0.50, 0.00
165.75, 74.00, 68.00, 0.25, 0.00
166.00, 58.00, 59.00, 2.00, 1.00
166.00, 62.00, 61.00, 2.00, 1.00
166.00, 65.00, 63.00, 2.00, 1.00
166.00, 72.00, 67.00, 0.75, 0.00
166.00, 77.00, 70.00, 1.00, 0.00
166.75, 74.00, 68.00, 0.25, 0.00
167.00, 53.00, 56.00, 1.00, 1.00
167.00, 70.00, 66.00, 1.00, 0.00
167.00, 77.00, 70.00, 1.00, 0.00
168.00, 39.00, 48.00, 1.00, 1.00
169.00, 58.00, 59.00, 1.00, 1.00
169.00, 63.00, 62.00, 1.00, 1.00
169.00, 67.00, 64.00, 1.00, 1.00
169.00, 70.00, 66.00, 1.00, 0.00
169.00, 75.00, 69.00, 1.00, 0.00
169.00, 79.00, 71.00, 1.00, 0.00
170.00, 59.00, 60.00, 1.00, 1.00
170.00, 63.00, 62.00, 1.00, 1.00
170.00, 68.00, 65.00, 1.00, 1.00
170.00, 71.00, 67.00, 1.00, 0.00
170.00, 75.00, 69.00, 1.00, 0.00
170.00, 80.00, 72.00, 1.00, 0.00
171.00, 51.00, 55.00, 1.00, 1.00
171.00, 83.00, 74.00, 0.50, 0.00
171.75, 79.00, 71.00, 0.25, 0.00
172.00, 58.00, 59.00, 1.00, 1.00
172.00, 63.00, 62.00, 1.00, 1.00
172.00, 67.00, 64.00, 1.00, 1.00
172.00, 77.00, 70.00, 0.75, 0.00
172.00, 82.00, 73.00, 1.00, 0.00
172.75, 79.00, 71.00, 0.25, 0.00
173.00, 51.00, 55.00, 1.00, 1.00
173.00, 75.00, 69.00, 1.00, 0.00
173.00, 82.00, 73.00, 1.00, 0.00
174.00, 39.00, 48.00, 1.00, 1.00
174.00, 87.00, 76.00, 1.00, 0.00
174.00, 99.00, 83.00, 1.00, 0.00
175.00, 58.00, 59.00, 1.00, 1.00
175.00, 63.00, 62.00, 1.00, 1.00
175.00, 67.00, 64.00, 1.00, 1.00
175.00, 70.00, 66.00, 1.00, 0.00
175.00, 75.00, 69.00, 1.00, 0.00
175.00, 79.00, 71.00, 1.00, 0.00
176.00, 59.00, 60.00, 1.00, 1.00
176.00, 63.00, 62.00, 1.00, 1.00
176.00, 68.00, 65.00, 1.00, 1.00
176.00, 71.00, 67.00, 1.00, 0.00
176.00, 75.00, 69.00, 1.00, 0.00
176.00, 80.00, 72.00, 1.00, 0.00
177.00, 51.00, 55.00, 1.00, 1.00
177.00, 83.00, 74.00, 0.50, 0.00
177.75, 79.00, 71.00, 0.25, 0.00
178.00, 61.00, 61.00, 1.00, 1.00
178.00, 67.00, 64.00, 1.00, 1.00
178.00, 70.00, 66.00, 1.00, 1.00
178.00, 77.00, 70.00, 0.75, 0.00
178.00, 82.00, 73.00, 1.00, 0.00
178.75, 79.00, 71.00, 0.25, 0.00
179.00, 51.00, 55.00, 1.00, 1.00
179.00, 76.00, 70.00, 4.00, 0.00
179.00, 82.00, 73.00, 1.00, 0.00
180.00, 39.00, 48.00, 1.00, 1.00
181.00, 61.00, 61.00, 1.00, 1.00
181.00, 70.00, 66.00, 1.00, 0.00
181.00, 79.00, 71.00, 1.00, 0.00
182.00, 62.00, 61.00, 1.00, 1.00
182.00, 71.00, 67.00, 1.00, 0.00
182.00, 80.00, 72.00, 1.00, 0.00
183.00, 63.00, 62.00, 1.00, 1.00
183.00, 70.00, 66.00, 6.00, 0.00
183.00, 75.00, 69.00, 1.00, 0.00
183.00, 79.00, 71.00, 1.00, 0.00
184.00, 64.00, 62.00, 1.00, 1.00
184.00, 73.00, 68.00, 5.00, 0.00
184.00, 78.00, 71.00, 1.00, 0.00
185.00, 65.00, 63.00, 1.00, 1.00
185.00, 77.00, 70.00, 1.00, 0.00
186.00, 66.00, 63.00, 1.00, 1.00
186.00, 76.00, 69.00, 3.00, 0.00
187.00, 54.00, 56.00, 1.00, 1.00
188.00, 55.00, 57.00, 1.00, 1.00
189.00, 54.00, 56.00, 1.00, 1.00
190.00, 49.00, 53.00, 1.00, 1.00
191.00, 50.00, 54.00, 1.00, 1.00
192.00, 47.00, 52.00, 1.00, 1.00
192.00, 78.00, 70.00, 0.50, 0.00
192.50, 83.00, 73.00, 0.50, 0.00
193.00, 55.00, 57.00, 1.00, 1.00
193.00, 59.00, 59.00, 1.00, 1.00
193.00, 64.00, 62.00, 1.00, 1.00
193.00, 79.00, 71.00, 1.00, 0.00
194.00, 55.00, 57.00, 1.00, 1.00
194.00, 59.00, 59.00, 1.00, 1.00
194.00, 64.00, 62.00, 1.00, 1.00
194.00, 78.00, 70.00, 0.50, 0.00
194.50, 76.00, 69.00, 0.50, 0.00
195.00, 47.00, 52.00, 1.00, 1.00
195.00, 71.00, 66.00, 3.00, 0.00
196.00, 54.00, 56.00, 1.00, 1.00
196.00, 59.00, 59.00, 1.00, 1.00
196.00, 62.00, 61.00, 1.00, 1.00
197.00, 54.00, 56.00, 1.00, 1.00
197.00, 59.00, 59.00, 1.00, 1.00
197.00, 62.00, 61.00, 1.00, 1.00
198.00, 47.00, 52.00, 1.00, 1.00
198.00, 73.00, 67.00, 0.50, 0.00
198.50, 76.00, 69.00, 0.50, 0.00
199.00, 54.00, 56.00, 1.00, 1.00
199.00, 58.00, 58.00, 1.00, 1.00
199.00, 64.00, 62.00, 1.00, 1.00
199.00, 74.00, 68.00, 1.00, 0.00
200.00, 54.00, 56.00, 1.00, 1.00
200.00, 58.00, 58.00, 1.00, 1.00
200.00, 64.00, 62.00, 1.00, 1.00
200.00, 73.00, 67.00, 1.00, 0.00
201.00, 47.00, 52.00, 1.00, 1.00
201.00, 71.00, 66.00, 3.00, 0.00
202.00, 54.00, 56.00, 1.00, 1.00
202.00, 59.00, 59.00, 1.00, 1.00
202.00, 62.00, 61.00, 1.00, 1.00
203.00, 54.00, 56.00, 1.00, 1.00
203.00, 59.00, 59.00, 1.00, 1.00
203.00, 62.00, 61.00, 1.00, 1.00
204.00, 37.00, 46.00, 1.00, 1.00
204.00, 73.00, 67.00, 0.50, 0.00
204.50, 71.00, 66.00, 0.50, 0.00
205.00, 49.00, 53.00, 1.00, 1.00
205.00, 53.00, 55.00, 1.00, 1.00
205.00, 59.00, 59.00, 1.00, 1.00
205.00, 69.00, 65.00, 1.00, 0.00
206.00, 49.00, 53.00, 1.00, 1.00
206.00, 53.00, 55.00, 1.00, 1.00
206.00, 59.00, 59.00, 1.00, 1.00
206.00, 68.00, 64.00, 1.00, 0.00
207.00, 42.00, 49.00, 1.00, 1.00
207.00, 69.00, 65.00, 0.50, 0.00
207.50, 73.00, 67.00, 1.00, 0.00
208.00, 49.00, 53.00, 1.00, 1.00
208.00, 57.00, 58.00, 1.00, 1.00
209.00, 61.00, 60.00, 1.50, 0.00
210.50, 59.00, 59.00, 0.50, 0.00
211.00, 57.00, 58.00, 1.00, 0.00
212.00, 56.00, 57.00, 1.00, 0.00
213.00, 57.00, 58.00, 1.00, 0.00
214.00, 61.00, 60.00, 2.00, 0.00
216.00, 49.00, 53.00, 6.00, 1.00
216.00, 56.00, 57.00, 1.00, 1.00
216.00, 59.00, 59.00, 1.00, 0.00
217.00, 54.00, 56.00, 1.00, 1.00
217.00, 57.00, 58.00, 1.00, 0.00
218.00, 57.00, 58.00, 1.00, 1.00
218.00, 61.00, 60.00, 1.00, 0.00
219.00, 56.00, 57.00, 0.50, 1.00
219.00, 59.00, 59.00, 0.50, 0.00
219.50, 54.00, 56.00, 0.50, 1.00
219.50, 57.00, 58.00, 0.50, 0.00
220.00, 57.00, 58.00, 1.00, 1.00
220.00, 61.00, 60.00, 1.00, 0.00
221.00, 57.00, 58.00, 1.00, 1.00
221.00, 61.00, 60.00, 1.00, 0.00
222.00, 49.00, 53.00, 4.00, 1.00
222.00, 56.00, 57.00, 1.00, 1.00
222.00, 59.00, 59.00, 1.00, 0.00
223.00, 54.00, 56.00, 1.00, 1.00
223.00, 58.00, 58.00, 1.00, 0.00
224.00, 58.00, 58.00, 1.00, 1.00
224.00, 61.00, 60.00, 1.00, 0.00
225.00, 56.00, 57.00, 0.50, 1.00
225.00, 59.00, 59.00, 0.50, 0.00
225.50, 54.00, 56.00, 1.50, 1.00
225.50, 58.00, 58.00, 0.50, 0.00
226.00, 42.00, 49.00, 2.00, 1.00
226.00, 66.00, 63.00, 1.00, 0.00
227.00, 78.00, 70.00, 1.50, 0.00
228.00, 47.00, 52.00, 1.00, 1.00
228.50, 83.00, 73.00, 0.50, 0.00
229.00, 55.00, 57.00, 1.00, 1.00
229.00, 59.00, 59.00, 1.00, 1.00
229.00, 64.00, 62.00, 1.00, 1.00
229.00, 79.00, 71.00, 1.00, 0.00
230.00, 55.00, 57.00, 1.00, 1.00
230.00, 59.00, 59.00, 1.00, 1.00
230.00, 64.00, 62.00, 1.00, 1.00
230.00, 78.00, 70.00, 0.50, 0.00
230.50, 76.00, 69.00, 0.50, 0.00
231.00, 47.00, 52.00, 1.00, 1.00
231.00, 71.00, 66.00, 3.00, 0.00
232.00, 54.00, 56.00, 1.00, 1.00
232.00, 59.00, 59.00, 1.00, 1.00
232.00, 62.00, 61.00, 1.00, 1.00
233.00, 54.00, 56.00, 1.00, 1.00
233.00, 59.00, 59.00, 1.00, 1.00
233.00, 62.00, 61.00, 1.00, 1.00
234.00, 47.00, 52.00, 1.00, 1.00
234.00, 73.00, 67.00, 0.50, 0.00
234.50, 76.00, 69.00, 0.50, 0.00
235.00, 54.00, 56.00, 1.00, 1.00
235.00, 58.00, 58.00, 1.00, 1.00
235.00, 64.00, 62.00, 1.00, 1.00
235.00, 74.00, 68.00, 1.00, 0.00
236.00, 54.00, 56.00, 1.00, 1.00
236.00, 58.00, 58.00, 1.00, 1.00
236.00, 64.00, 62.00, 1.00, 1.00
236.00, 73.00, 67.00, 1.00, 0.00
237.00, 47.00, 52.00, 1.00, 1.00
237.00, 71.00, 66.00, 2.00, 0.00
238.00, 54.00, 56.00, 1.00, 1.00
238.00, 59.00, 59.00, 1.00, 1.00
238.00, 62.00, 61.00, 1.00, 1.00
239.00, 50.00, 54.00, 1.50, 0.00
240.00, 59.00, 59.00, 1.00, 1.00
240.00, 65.00, 63.00, 1.00, 1.00
240.50, 55.00, 57.00, 0.50, 0.00
241.00, 52.00, 55.00, 0.33, 0.00
241.00, 60.00, 60.00, 1.00, 1.00
241.00, 64.00, 62.00, 1.00, 1.00
241.33, 53.00, 56.00, 0.33, 0.00
241.67, 52.00, 55.00, 0.33, 0.00
242.00, 50.00, 54.00, 0.50, 0.00
242.00, 60.00, 60.00, 1.00, 1.00
242.00, 64.00, 62.00, 1.00, 1.00
242.50, 48.00, 53.00, 0.50, 0.00
243.00, 50.00, 54.00, 0.75, 0.00
243.00, 55.00, 57.00, 1.00, 1.00
243.00, 59.00, 59.00, 1.00, 1.00
243.00, 65.00, 63.00, 1.00, 1.00
243.75, 43.00, 50.00, 0.25, 0.00
244.00, 50.00, 54.00, 1.00, 0.00
244.00, 55.00, 57.00, 1.00, 1.00
244.00, 59.00, 59.00, 1.00, 1.00
244.00, 65.00, 63.00, 1.00, 1.00
245.00, 48.00, 53.00, 1.00, 0.00
245.00, 60.00, 60.00, 1.00, 1.00
245.00, 64.00, 62.00, 1.00, 1.00
246.00, 50.00, 54.00, 0.50, 0.00
246.00, 59.00, 59.00, 1.00, 1.00
246.00, 65.00, 63.00, 1.00, 1.00
246.50, 55.00, 57.00, 0.50, 0.00
247.00, 52.00, 55.00, 0.33, 0.00
247.00, 60.00, 60.00, 1.00, 1.00
247.00, 64.00, 62.00, 1.00, 1.00
247.33, 53.00, 56.00, 0.33, 0.00
247.67, 52.00, 55.00, 0.33, 0.00
248.00, 50.00, 54.00, 0.50, 0.00
248.00, 60.00, 60.00, 1.00, 1.00
248.00, 64.00, 62.00, 1.00, 1.00
248.50, 48.00, 53.00, 0.50, 0.00
249.00, 50.00, 54.00, 0.75, 0.00
249.00, 55.00, 57.00, 1.00, 1.00
249.00, 59.00, 59.00, 1.00, 1.00
249.00, 65.00, 63.00, 1.00, 1.00
249.75, 43.00, 50.00, 0.25, 0.00
250.00, 50.00, 54.00, 1.00, 0.00
250.00, 55.00, 57.00, 1.00, 1.00
250.00, 59.00, 59.00, 1.00, 1.00
250.00, 65.00, 63.00, 1.00, 1.00
251.00, 48.00, 53.00, 1.00, 0.00
251.00, 60.00, 60.00, 1.00, 1.00
251.00, 64.00, 62.00, 1.00, 1.00
252.00, 50.00, 54.00, 0.75, 0.00
252.00, 55.00, 57.00, 1.00, 1.00
252.00, 59.00, 59.00, 1.00, 1.00
252.00, 65.00, 63.00, 1.00, 1.00
252.75, 43.00, 50.00, 0.25, 0.00
253.00, 48.00, 53.00, 1.00, 0.00
253.00, 60.00, 60.00, 1.00, 1.00
253.00, 64.00, 62.00, 1.00, 1.00
254.00, 50.00, 54.00, 0.75, 0.00
254.00, 55.00, 57.00, 1.00, 1.00
254.00, 59.00, 59.00, 1.00, 1.00
254.00, 65.00, 63.00, 1.00, 1.00
254.75, 43.00, 50.00, 0.25, 0.00
255.00, 48.00, 53.00, 1.00, 0.00
255.00, 60.00, 60.00, 1.00, 1.00
255.00, 64.00, 62.00, 1.00, 1.00
256.00, 50.00, 54.00, 0.75, 0.00
256.00, 55.00, 57.00, 1.00, 1.00
256.00, 59.00, 59.00, 1.00, 1.00
256.00, 65.00, 63.00, 1.00, 1.00
256.75, 43.00, 50.00, 0.25, 0.00
257.00, 48.00, 53.00, 1.00, 0.00
257.00, 60.00, 60.00, 1.00, 1.00
257.00, 64.00, 62.00, 1.00, 1.00
258.00, 43.00, 50.00, 3.00, 0.00
258.00, 55.00, 57.00, 3.00, 1.00
261.00, 42.00, 49.00, 3.00, 0.00
261.00, 54.00, 56.00, 3.00, 1.00
264.00, 35.00, 45.00, 1.00, 1.00
264.00, 47.00, 52.00, 1.00, 1.00
264.00, 78.00, 70.00, 0.50, 0.00
264.50, 83.00, 73.00, 0.50, 0.00
265.00, 55.00, 57.00, 1.00, 1.00
265.00, 59.00, 59.00, 1.00, 1.00
265.00, 64.00, 62.00, 1.00, 1.00
265.00, 79.00, 71.00, 1.00, 0.00
266.00, 55.00, 57.00, 1.00, 1.00
266.00, 59.00, 59.00, 1.00, 1.00
266.00, 64.00, 62.00, 1.00, 1.00
266.00, 78.00, 70.00, 0.50, 0.00
266.50, 76.00, 69.00, 0.50, 0.00
267.00, 47.00, 52.00, 1.00, 1.00
267.00, 71.00, 66.00, 3.00, 0.00
268.00, 54.00, 56.00, 1.00, 1.00
268.00, 59.00, 59.00, 1.00, 1.00
268.00, 62.00, 61.00, 1.00, 1.00
269.00, 54.00, 56.00, 1.00, 1.00
269.00, 59.00, 59.00, 1.00, 1.00
269.00, 62.00, 61.00, 1.00, 1.00
270.00, 47.00, 52.00, 1.00, 1.00
270.00, 73.00, 67.00, 0.50, 0.00
270.50, 76.00, 69.00, 0.50, 0.00
271.00, 54.00, 56.00, 1.00, 1.00
271.00, 58.00, 58.00, 1.00, 1.00
271.00, 64.00, 62.00, 1.00, 1.00
271.00, 74.00, 68.00, 1.00, 0.00
272.00, 54.00, 56.00, 1.00, 1.00
272.00, 58.00, 58.00, 1.00, 1.00
272.00, 64.00, 62.00, 1.00, 1.00
272.00, 73.00, 67.00, 1.00, 0.00
273.00, 47.00, 52.00, 1.00, 1.00
273.00, 71.00, 66.00, 3.00, 0.00
274.00, 54.00, 56.00, 1.00, 1.00
274.00, 59.00, 59.00, 1.00, 1.00
274.00, 62.00, 61.00, 1.00, 1.00
275.00, 54.00, 56.00, 1.00, 1.00
275.00, 59.00, 59.00, 1.00, 1.00
275.00, 62.00, 61.00, 1.00, 1.00
276.00, 37.00, 46.00, 1.00, 1.00
276.00, 73.00, 67.00, 0.50, 0.00
276.50, 71.00, 66.00, 0.50, 0.00
277.00, 49.00, 53.00, 1.00, 1.00
277.00, 53.00, 55.00, 1.00, 1.00
277.00, 59.00, 59.00, 1.00, 1.00
277.00, 69.00, 65.00, 1.00, 0.00
278.00, 49.00, 53.00, 1.00, 1.00
278.00, 53.00, 55.00, 1.00, 1.00
278.00, 59.00, 59.00, 1.00, 1.00
278.00, 68.00, 64.00, 1.00, 0.00
279.00, 42.00, 49.00, 1.00, 1.00
279.00, 69.00, 65.00, 0.50, 0.00
279.50, 73.00, 67.00, 1.00, 0.00
280.00, 49.00, 53.00, 1.00, 1.00
280.00, 57.00, 58.00, 1.00, 1.00
281.00, 61.00, 60.00, 1.50, 0.00
282.50, 59.00, 59.00, 0.50, 0.00
283.00, 57.00, 58.00, 1.00, 0.00
284.00, 56.00, 57.00, 1.00, 0.00
285.00, 57.00, 58.00, 1.00, 0.00
286.00, 61.00, 60.00, 2.00, 0.00
288.00, 49.00, 53.00, 6.00, 1.00
288.00, 56.00, 57.00, 1.00, 1.00
288.00, 59.00, 59.00, 1.00, 0.00
289.00, 54.00, 56.00, 1.00, 1.00
289.00, 57.00, 58.00, 1.00, 0.00
290.00, 57.00, 58.00, 1.00, 1.00
290.00, 61.00, 60.00, 1.00, 0.00
291.00, 56.00, 57.00, 0.50, 1.00
291.00, 59.00, 59.00, 0.50, 0.00
291.50, 54.00, 56.00, 0.50, 1.00
291.50, 57.00, 58.00, 0.50, 0.00
292.00, 57.00, 58.00, 1.00, 1.00
292.00, 61.00, 60.00, 1.00, 0.00
293.00, 57.00, 58.00, 1.00, 1.00
293.00, 61.00, 60.00, 1.00, 0.00
294.00, 49.00, 53.00, 4.00, 1.00
294.00, 56.00, 57.00, 1.00, 1.00
294.00, 59.00, 59.00, 1.00, 0.00
295.00, 54.00, 56.00, 1.00, 1.00
295.00, 58.00, 58.00, 1.00, 0.00
296.00, 58.00, 58.00, 1.00, 1.00
296.00, 61.00, 60.00, 1.00, 0.00
297.00, 56.00, 57.00, 0.50, 1.00
297.00, 59.00, 59.00, 0.50, 0.00
297.50, 54.00, 56.00, 1.50, 1.00
297.50, 58.00, 58.00, 0.50, 0.00
298.00, 42.00, 49.00, 2.00, 1.00
298.00, 66.00, 63.00, 1.00, 0.00
299.00, 78.00, 70.00, 1.50, 0.00
300.00, 47.00, 52.00, 1.00, 1.00
300.50, 83.00, 73.00, 0.50, 0.00
301.00, 55.00, 57.00, 1.00, 1.00
301.00, 59.00, 59.00, 1.00, 1.00
301.00, 64.00, 62.00, 1.00, 1.00
301.00, 79.00, 71.00, 1.00, 0.00
302.00, 55.00, 57.00, 1.00, 1.00
302.00, 59.00, 59.00, 1.00, 1.00
302.00, 64.00, 62.00, 1.00, 1.00
302.00, 78.00, 70.00, 0.50, 0.00
302.50, 76.00, 69.00, 0.50, 0.00
303.00, 47.00, 52.00, 1.00, 1.00
303.00, 71.00, 66.00, 3.00, 0.00
304.00, 54.00, 56.00, 1.00, 1.00
304.00, 59.00, 59.00, 1.00, 1.00
304.00, 62.00, 61.00, 1.00, 1.00
305.00, 54.00, 56.00, 1.00, 1.00
305.00, 59.00, 59.00, 1.00, 1.00
305.00, 62.00, 61.00, 1.00, 1.00
306.00, 47.00, 52.00, 1.00, 1.00
306.00, 73.00, 67.00, 0.50, 0.00
306.50, 76.00, 69.00, 0.50, 0.00
307.00, 54.00, 56.00, 1.00, 1.00
307.00, 58.00, 58.00, 1.00, 1.00
307.00, 64.00, 62.00, 1.00, 1.00
307.00, 74.00, 68.00, 1.00, 0.00
308.00, 54.00, 56.00, 1.00, 1.00
308.00, 58.00, 58.00, 1.00, 1.00
308.00, 64.00, 62.00, 1.00, 1.00
308.00, 73.00, 67.00, 1.00, 0.00
309.00, 47.00, 52.00, 1.00, 1.00
309.00, 71.00, 66.00, 2.00, 0.00
310.00, 54.00, 56.00, 1.00, 1.00
310.00, 59.00, 59.00, 1.00, 1.00
310.00, 62.00, 61.00, 1.00, 1.00
311.00, 50.00, 54.00, 1.50, 0.00
312.00, 59.00, 59.00, 1.00, 1.00
312.00, 65.00, 63.00, 1.00, 1.00
312.50, 55.00, 57.00, 0.50, 0.00
313.00, 52.00, 55.00, 0.33, 0.00
313.00, 60.00, 60.00, 1.00, 1.00
313.00, 64.00, 62.00, 1.00, 1.00
313.33, 53.00, 56.00, 0.33, 0.00
313.67, 52.00, 55.00, 0.33, 0.00
314.00, 50.00, 54.00, 0.50, 0.00
314.00, 60.00, 60.00, 1.00, 1.00
314.00, 64.00, 62.00, 1.00, 1.00
314.50, 48.00, 53.00, 0.50, 0.00
315.00, 50.00, 54.00, 0.75, 0.00
315.00, 55.00, 57.00, 1.00, 1.00
315.00, 59.00, 59.00, 1.00, 1.00
315.00, 65.00, 63.00, 1.00, 1.00
315.75, 43.00, 50.00, 0.25, 0.00
316.00, 50.00, 54.00, 1.00, 0.00
316.00, 55.00, 57.00, 1.00, 1.00
316.00, 59.00, 59.00, 1.00, 1.00
316.00, 65.00, 63.00, 1.00, 1.00
317.00, 48.00, 53.00, 1.00, 0.00
317.00, 60.00, 60.00, 1.00, 1.00
317.00, 64.00, 62.00, 1.00, 1.00
318.00, 50.00, 54.00, 0.50, 0.00
318.00, 59.00, 59.00, 1.00, 1.00
318.00, 65.00, 63.00, 1.00, 1.00
318.50, 55.00, 57.00, 0.50, 0.00
319.00, 52.00, 55.00, 0.33, 0.00
319.00, 60.00, 60.00, 1.00, 1.00
319.00, 64.00, 62.00, 1.00, 1.00
319.33, 53.00, 56.00, 0.33, 0.00
319.67, 52.00, 55.00, 0.33, 0.00
320.00, 50.00, 54.00, 0.50, 0.00
320.00, 60.00, 60.00, 1.00, 1.00
320.00, 64.00, 62.00, 1.00, 1.00
320.50, 48.00, 53.00, 0.50, 0.00
321.00, 50.00, 54.00, 0.75, 0.00
321.00, 55.00, 57.00, 1.00, 1.00
321.00, 59.00, 59.00, 1.00, 1.00
321.00, 65.00, 63.00, 1.00, 1.00
321.75, 43.00, 50.00, 0.25, 0.00
322.00, 50.00, 54.00, 1.00, 0.00
322.00, 55.00, 57.00, 1.00, 1.00
322.00, 59.00, 59.00, 1.00, 1.00
322.00, 65.00, 63.00, 1.00, 1.00
323.00, 48.00, 53.00, 1.00, 0.00
323.00, 60.00, 60.00, 1.00, 1.00
323.00, 64.00, 62.00, 1.00, 1.00
324.00, 50.00, 54.00, 0.75, 0.00
324.00, 55.00, 57.00, 1.00, 1.00
324.00, 59.00, 59.00, 1.00, 1.00
324.00, 65.00, 63.00, 1.00, 1.00
324.75, 43.00, 50.00, 0.25, 0.00
325.00, 48.00, 53.00, 1.00, 0.00
325.00, 60.00, 60.00, 1.00, 1.00
325.00, 64.00, 62.00, 1.00, 1.00
326.00, 50.00, 54.00, 0.75, 0.00
326.00, 55.00, 57.00, 1.00, 1.00
326.00, 59.00, 59.00, 1.00, 1.00
326.00, 65.00, 63.00, 1.00, 1.00
326.75, 43.00, 50.00, 0.25, 0.00
327.00, 48.00, 53.00, 1.00, 0.00
327.00, 60.00, 60.00, 1.00, 1.00
327.00, 64.00, 62.00, 1.00, 1.00
328.00, 50.00, 54.00, 0.75, 0.00
328.00, 55.00, 57.00, 1.00, 1.00
328.00, 59.00, 59.00, 1.00, 1.00
328.00, 65.00, 63.00, 1.00, 1.00
328.75, 43.00, 50.00, 0.25, 0.00
329.00, 48.00, 53.00, 1.00, 0.00
329.00, 60.00, 60.00, 1.00, 1.00
329.00, 64.00, 62.00, 1.00, 1.00
330.00, 43.00, 50.00, 3.00, 0.00
330.00, 55.00, 57.00, 3.00, 1.00
333.00, 42.00, 50.00, 2.00, 0.00
333.00, 54.00, 57.00, 2.00, 1.00
335.00, 41.00, 49.00, 1.00, 0.00
335.00, 53.00, 56.00, 1.00, 1.00
336.00, 34.00, 45.00, 1.00, 1.00
337.00, 53.00, 56.00, 1.00, 1.00
337.00, 58.00, 59.00, 1.00, 1.00
337.00, 62.00, 61.00, 1.00, 1.00
337.00, 65.00, 63.00, 1.00, 0.00
337.00, 70.00, 66.00, 1.00, 0.00
337.00, 74.00, 68.00, 1.00, 0.00
338.00, 54.00, 57.00, 1.00, 1.00
338.00, 58.00, 59.00, 1.00, 1.00
338.00, 63.00, 62.00, 1.00, 1.00
338.00, 66.00, 64.00, 1.00, 0.00
338.00, 70.00, 66.00, 1.00, 0.00
338.00, 75.00, 69.00, 1.00, 0.00
339.00, 46.00, 52.00, 1.00, 1.00
339.00, 78.00, 71.00, 0.50, 0.00
339.75, 74.00, 68.00, 0.25, 0.00
340.00, 58.00, 59.00, 2.00, 1.00
340.00, 62.00, 61.00, 2.00, 1.00
340.00, 65.00, 63.00, 2.00, 1.00
340.00, 72.00, 67.00, 0.75, 0.00
340.00, 77.00, 70.00, 1.00, 0.00
340.75, 74.00, 68.00, 0.25, 0.00
341.00, 53.00, 56.00, 1.00, 1.00
341.00, 70.00, 66.00, 1.00, 0.00
341.00, 77.00, 70.00, 1.00, 0.00
342.00, 34.00, 45.00, 1.00, 1.00
342.00, 82.00, 73.00, 1.00, 0.00
343.00, 53.00, 56.00, 1.00, 1.00
343.00, 58.00, 59.00, 1.00, 1.00
343.00, 62.00, 61.00, 1.00, 1.00
343.00, 65.00, 63.00, 1.00, 0.00
343.00, 70.00, 66.00, 1.00, 0.00
343.00, 74.00, 68.00, 1.00, 0.00
344.00, 54.00, 57.00, 1.00, 1.00
344.00, 58.00, 59.00, 1.00, 1.00
344.00, 63.00, 62.00, 1.00, 1.00
344.00, 66.00, 64.00, 1.00, 0.00
344.00, 70.00, 66.00, 1.00, 0.00
344.00, 75.00, 69.00, 1.00, 0.00
345.00, 46.00, 52.00, 1.00, 1.00
345.00, 78.00, 71.00, 0.50, 0.00
345.75, 74.00, 68.00, 0.25, 0.00
346.00, 58.00, 59.00, 2.00, 1.00
346.00, 62.00, 61.00, 2.00, 1.00
346.00, 65.00, 63.00, 2.00, 1.00
346.00, 72.00, 67.00, 0.75, 0.00
346.00, 77.00, 70.00, 1.00, 0.00
346.75, 74.00, 68.00, 0.25, 0.00
347.00, 53.00, 56.00, 1.00, 1.00
347.00, 70.00, 66.00, 1.00, 0.00
347.00, 77.00, 70.00, 1.00, 0.00
348.00, 34.00, 45.00, 1.00, 1.00
349.00, 53.00, 56.00, 1.00, 1.00
349.00, 58.00, 59.00, 1.00, 1.00
349.00, 62.00, 61.00, 1.00, 1.00
349.00, 65.00, 63.00, 1.00, 0.00
349.00, 70.00, 66.00, 1.00, 0.00
349.00, 74.00, 68.00, 1.00, 0.00
350.00, 54.00, 57.00, 1.00, 1.00
350.00, 58.00, 59.00, 1.00, 1.00
350.00, 63.00, 62.00, 1.00, 1.00
350.00, 66.00, 64.00, 1.00, 0.00
350.00, 70.00, 66.00, 1.00, 0.00
350.00, 75.00, 69.00, 1.00, 0.00
351.00, 46.00, 52.00, 1.00, 1.00
351.00, 78.00, 71.00, 0.50, 0.00
351.75, 74.00, 68.00, 0.25, 0.00
352.00, 58.00, 59.00, 2.00, 1.00
352.00, 62.00, 61.00, 2.00, 1.00
352.00, 65.00, 63.00, 2.00, 1.00
352.00, 72.00, 67.00, 0.75, 0.00
352.00, 77.00, 70.00, 1.00, 0.00
352.75, 74.00, 68.00, 0.25, 0.00
353.00, 53.00, 56.00, 1.00, 1.00
353.00, 70.00, 66.00, 1.00, 0.00
353.00, 77.00, 70.00, 1.00, 0.00
354.00, 34.00, 45.00, 1.00, 1.00
354.00, 46.00, 52.00, 1.00, 1.00
354.00, 82.00, 73.00, 1.00, 0.00
354.00, 94.00, 80.00, 1.00, 0.00
355.00, 53.00, 56.00, 1.00, 1.00
355.00, 58.00, 59.00, 1.00, 1.00
355.00, 62.00, 61.00, 1.00, 1.00
355.00, 65.00, 63.00, 1.00, 0.00
355.00, 70.00, 66.00, 1.00, 0.00
355.00, 74.00, 68.00, 1.00, 0.00
356.00, 54.00, 57.00, 1.00, 1.00
356.00, 58.00, 59.00, 1.00, 1.00
356.00, 63.00, 62.00, 1.00, 1.00
356.00, 66.00, 64.00, 1.00, 0.00
356.00, 70.00, 66.00, 1.00, 0.00
356.00, 75.00, 69.00, 1.00, 0.00
357.00, 46.00, 52.00, 1.00, 1.00
357.00, 78.00, 71.00, 0.50, 0.00
357.75, 74.00, 68.00, 0.25, 0.00
358.00, 58.00, 59.00, 2.00, 1.00
358.00, 62.00, 61.00, 2.00, 1.00
358.00, 65.00, 63.00, 2.00, 1.00
358.00, 72.00, 67.00, 0.75, 0.00
358.00, 77.00, 70.00, 1.00, 0.00
358.75, 74.00, 68.00, 0.25, 0.00
359.00, 53.00, 56.00, 1.00, 1.00
359.00, 70.00, 66.00, 1.00, 0.00
359.00, 77.00, 70.00, 1.00, 0.00
360.00, 39.00, 48.00, 1.00, 1.00
361.00, 58.00, 59.00, 1.00, 1.00
361.00, 63.00, 62.00, 1.00, 1.00
361.00, 67.00, 64.00, 1.00, 1.00
361.00, 70.00, 66.00, 1.00, 0.00
361.00, 75.00, 69.00, 1.00, 0.00
361.00, 79.00, 71.00, 1.00, 0.00
362.00, 59.00, 60.00, 1.00, 1.00
362.00, 63.00, 62.00, 1.00, 1.00
362.00, 68.00, 65.00, 1.00, 1.00
362.00, 71.00, 67.00, 1.00, 0.00
362.00, 75.00, 69.00, 1.00, 0.00
362.00, 80.00, 72.00, 1.00, 0.00
363.00, 51.00, 55.00, 1.00, 1.00
363.00, 83.00, 74.00, 0.50, 0.00
363.75, 79.00, 71.00, 0.25, 0.00
364.00, 58.00, 59.00, 1.00, 1.00
364.00, 63.00, 62.00, 1.00, 1.00
364.00, 67.00, 64.00, 1.00, 1.00
364.00, 77.00, 70.00, 0.75, 0.00
364.00, 82.00, 73.00, 1.00, 0.00
364.75, 79.00, 71.00, 0.25, 0.00
365.00, 51.00, 55.00, 1.00, 1.00
365.00, 75.00, 69.00, 1.00, 0.00
365.00, 82.00, 73.00, 1.00, 0.00
366.00, 39.00, 48.00, 1.00, 1.00
366.00, 87.00, 76.00, 1.00, 0.00
366.00, 99.00, 83.00, 1.00, 0.00
367.00, 58.00, 59.00, 1.00, 1.00
367.00, 63.00, 62.00, 1.00, 1.00
367.00, 67.00, 64.00, 1.00, 1.00
367.00, 70.00, 66.00, 1.00, 0.00
367.00, 75.00, 69.00, 1.00, 0.00
367.00, 79.00, 71.00, 1.00, 0.00
368.00, 59.00, 60.00, 1.00, 1.00
368.00, 63.00, 62.00, 1.00, 1.00
368.00, 68.00, 65.00, 1.00, 1.00
368.00, 71.00, 67.00, 1.00, 0.00
368.00, 75.00, 69.00, 1.00, 0.00
368.00, 80.00, 72.00, 1.00, 0.00
369.00, 51.00, 55.00, 1.00, 1.00
369.00, 83.00, 74.00, 0.50, 0.00
369.75, 79.00, 71.00, 0.25, 0.00
370.00, 61.00, 61.00, 1.00, 1.00
370.00, 67.00, 64.00, 1.00, 1.00
370.00, 70.00, 66.00, 1.00, 1.00
370.00, 77.00, 70.00, 0.75, 0.00
370.00, 82.00, 73.00, 1.00, 0.00
370.75, 79.00, 71.00, 0.25, 0.00
371.00, 51.00, 55.00, 1.00, 1.00
371.00, 76.00, 70.00, 4.00, 0.00
371.00, 82.00, 73.00, 1.00, 0.00
372.00, 39.00, 48.00, 1.00, 1.00
373.00, 61.00, 61.00, 1.00, 1.00
373.00, 70.00, 66.00, 1.00, 0.00
373.00, 79.00, 71.00, 1.00, 0.00
374.00, 62.00, 61.00, 1.00, 1.00
374.00, 71.00, 67.00, 1.00, 0.00
374.00, 80.00, 72.00, 1.00, 0.00
375.00, 63.00, 62.00, 1.00, 1.00
375.00, 70.00, 66.00, 6.00, 0.00
375.00, 75.00, 69.00, 1.00, 0.00
375.00, 79.00, 71.00, 1.00, 0.00
376.00, 64.00, 62.00, 1.00, 1.00
376.00, 73.00, 68.00, 5.00, 0.00
376.00, 78.00, 71.00, 1.00, 0.00
377.00, 65.00, 63.00, 1.00, 1.00
377.00, 77.00, 70.00, 1.00, 0.00
378.00, 66.00, 63.00, 1.00, 1.00
378.00, 76.00, 69.00, 3.00, 0.00
379.00, 54.00, 56.00, 1.00, 1.00
380.00, 56.00, 57.00, 1.00, 1.00
381.00, 54.00, 56.00, 1.00, 1.00
382.00, 49.00, 53.00, 1.00, 1.00
383.00, 54.00, 56.00, 1.00, 1.00
384.00, 47.00, 52.00, 1.00, 1.00
384.00, 75.00, 68.00, 0.50, 0.00
384.50, 76.00, 69.00, 0.50, 0.00
385.00, 54.00, 56.00, 1.00, 1.00
385.00, 59.00, 59.00, 1.00, 1.00
385.00, 63.00, 61.00, 1.00, 1.00
385.00, 77.00, 69.00, 1.00, 0.00
386.00, 63.00, 61.00, 1.00, 1.00
386.00, 71.00, 66.00, 1.00, 1.00
386.00, 78.00, 70.00, 1.00, 0.00
387.00, 40.00, 48.00, 1.00, 1.00
387.00, 79.00, 70.00, 0.75, 0.00
387.75, 80.00, 71.00, 0.25, 0.00
388.00, 59.00, 59.00, 1.00, 1.00
388.00, 61.00, 60.00, 1.00, 1.00
388.00, 68.00, 64.00, 1.00, 1.00
388.00, 76.00, 69.00, 1.50, 0.00
389.50, 75.00, 68.00, 0.50, 0.00
390.00, 42.00, 49.00, 1.00, 1.00
390.00, 75.00, 68.00, 0.50, 0.00
390.50, 73.00, 67.00, 0.50, 0.00
391.00, 54.00, 56.00, 1.00, 1.00
391.00, 58.00, 58.00, 1.00, 1.00
391.00, 64.00, 62.00, 1.00, 1.00
391.00, 72.00, 66.00, 1.00, 0.00
392.00, 54.00, 56.00, 1.00, 1.00
392.00, 58.00, 58.00, 1.00, 1.00
392.00, 64.00, 62.00, 1.00, 1.00
392.00, 73.00, 67.00, 1.00, 0.00
393.00, 43.00, 49.00, 1.00, 1.00
393.00, 76.00, 69.00, 2.00, 0.00
394.00, 51.00, 54.00, 1.00, 1.00
394.00, 58.00, 58.00, 1.00, 1.00
394.00, 63.00, 61.00, 1.00, 1.00
395.00, 51.00, 54.00, 1.00, 1.00
395.00, 58.00, 58.00, 1.00, 1.00
395.00, 63.00, 61.00, 1.00, 1.00
395.00, 75.00, 68.00, 1.00, 0.00
396.00, 44.00, 50.00, 1.00, 1.00
396.00, 71.00, 66.00, 0.50, 0.00
396.50, 73.00, 67.00, 0.50, 0.00
397.00, 51.00, 54.00, 1.00, 1.00
397.00, 56.00, 57.00, 1.00, 1.00
397.00, 59.00, 59.00, 1.00, 1.00
397.00, 74.00, 67.00, 1.00, 0.00
398.00, 51.00, 54.00, 1.00, 1.00
398.00, 56.00, 57.00, 1.00, 1.00
398.00, 59.00, 59.00, 1.00, 1.00
398.00, 75.00, 68.00, 1.00, 0.00
399.00, 37.00, 46.00, 1.00, 1.00
399.00, 78.00, 70.00, 0.50, 0.00
399.50, 76.00, 69.00, 0.50, 0.00
400.00, 56.00, 57.00, 1.00, 1.00
400.00, 61.00, 60.00, 1.00, 1.00
400.00, 64.00, 62.00, 1.00, 1.00
400.00, 73.00, 67.00, 1.00, 0.00
401.00, 68.00, 64.00, 1.00, 0.00
402.00, 50.00, 53.00, 1.00, 1.00
402.00, 67.00, 63.00, 0.75, 0.00
402.75, 68.00, 64.00, 0.25, 0.00
403.00, 56.00, 57.00, 1.00, 1.00
403.00, 59.00, 59.00, 1.00, 1.00
403.00, 65.00, 62.00, 1.00, 1.00
403.00, 71.00, 66.00, 1.00, 0.00
404.00, 56.00, 57.00, 1.00, 1.00
404.00, 58.00, 58.00, 1.00, 1.00
404.00, 65.00, 62.00, 1.00, 1.00
404.00, 70.00, 65.00, 1.00, 0.00
405.00, 51.00, 54.00, 1.00, 1.00
405.00, 67.00, 63.00, 2.00, 0.00
406.00, 55.00, 56.00, 1.00, 1.00
406.00, 58.00, 58.00, 1.00, 1.00
406.00, 63.00, 61.00, 1.00, 1.00
407.00, 49.00, 53.00, 1.00, 1.00
407.00, 54.00, 56.00, 1.00, 1.00
407.00, 58.00, 58.00, 1.00, 1.00
407.00, 64.00, 62.00, 1.00, 1.00
407.00, 66.00, 63.00, 1.00, 0.00
408.00, 47.00, 52.00, 1.00, 1.00
408.00, 75.00, 68.00, 0.50, 0.00
408.50, 76.00, 69.00, 0.50, 0.00
409.00, 54.00, 56.00, 1.00, 1.00
409.00, 59.00, 59.00, 1.00, 1.00
409.00, 63.00, 61.00, 1.00, 1.00
409.00, 78.00, 70.00, 1.00, 0.00
410.00, 87.00, 75.00, 1.00, 0.00
411.00, 40.00, 48.00, 1.00, 1.00
411.00, 85.00, 74.00, 0.50, 0.00
411.50, 83.00, 73.00, 0.50, 0.00
412.00, 59.00, 59.00, 1.00, 1.00
412.00, 61.00, 60.00, 1.00, 1.00
412.00, 64.00, 62.00, 1.00, 1.00
412.00, 68.00, 64.00, 1.00, 1.00
412.00, 80.00, 71.00, 1.00, 0.00
413.00, 76.00, 69.00, 1.00, 0.00
414.00, 42.00, 49.00, 1.00, 1.00
414.00, 75.00, 68.00, 0.50, 0.00
414.50, 73.00, 67.00, 0.50, 0.00
415.00, 54.00, 56.00, 1.00, 1.00
415.00, 58.00, 58.00, 1.00, 1.00
415.00, 64.00, 62.00, 1.00, 1.00
415.00, 72.00, 66.00, 1.00, 0.00
416.00, 54.00, 56.00, 1.00, 1.00
416.00, 58.00, 58.00, 1.00, 1.00
416.00, 64.00, 62.00, 1.00, 1.00
416.00, 73.00, 67.00, 1.00, 0.00
417.00, 43.00, 49.00, 1.00, 1.00
417.00, 76.00, 69.00, 2.00, 0.00
418.00, 51.00, 54.00, 1.00, 1.00
418.00, 58.00, 58.00, 1.00, 1.00
418.00, 63.00, 61.00, 1.00, 1.00
419.00, 51.00, 54.00, 1.00, 1.00
419.00, 58.00, 58.00, 1.00, 1.00
419.00, 63.00, 61.00, 1.00, 1.00
419.00, 75.00, 68.00, 1.00, 0.00
420.00, 44.00, 50.00, 1.00, 1.00
420.00, 75.00, 68.00, 1.50, 0.00
421.00, 53.00, 55.00, 1.00, 1.00
421.00, 56.00, 57.00, 1.00, 1.00
421.00, 59.00, 59.00, 1.00, 1.00
421.00, 63.00, 61.00, 1.00, 1.00
421.50, 75.00, 68.00, 0.50, 0.00
422.00, 73.00, 67.00, 0.50, 0.00
422.50, 71.00, 66.00, 0.50, 0.00
423.00, 46.00, 51.00, 1.00, 1.00
423.00, 70.00, 65.00, 0.50, 0.00
423.50, 75.00, 68.00, 0.50, 0.00
424.00, 54.00, 56.00, 1.00, 1.00
424.00, 58.00, 58.00, 1.00, 1.00
424.00, 63.00, 61.00, 1.00, 1.00
424.00, 78.00, 70.00, 1.00, 0.00
425.00, 54.00, 56.00, 1.00, 1.00
425.00, 58.00, 58.00, 1.00, 1.00
425.00, 63.00, 61.00, 1.00, 1.00
425.00, 83.00, 73.00, 1.00, 0.00
426.00, 46.00, 51.00, 1.00, 1.00
426.00, 82.00, 72.00, 0.50, 0.00
426.50, 77.00, 69.00, 0.50, 0.00
427.00, 56.00, 57.00, 1.00, 1.00
427.00, 58.00, 58.00, 1.00, 1.00
427.00, 62.00, 60.00, 1.00, 1.00
427.00, 80.00, 71.00, 1.50, 0.00
428.00, 56.00, 57.00, 1.00, 1.00
428.00, 58.00, 58.00, 1.00, 1.00
428.00, 65.00, 62.00, 1.00, 1.00
428.50, 78.00, 70.00, 0.50, 0.00
429.00, 51.00, 54.00, 1.00, 1.00
429.00, 75.00, 68.00, 1.00, 0.00
430.00, 54.00, 56.00, 1.00, 1.00
430.00, 58.00, 58.00, 1.00, 1.00
430.00, 63.00, 61.00, 1.00, 1.00
430.00, 66.00, 63.00, 0.50, 0.00
430.50, 78.00, 70.00, 0.50, 0.00
431.00, 49.00, 53.00, 1.00, 1.00
431.00, 54.00, 56.00, 1.00, 1.00
431.00, 58.00, 58.00, 1.00, 1.00
431.00, 64.00, 62.00, 1.00, 1.00
431.00, 77.00, 69.00, 0.50, 0.00
431.50, 76.00, 69.00, 0.50, 0.00
432.00, 47.00, 52.00, 1.00, 1.00
432.00, 75.00, 68.00, 0.50, 0.00
432.50, 76.00, 69.00, 0.50, 0.00
433.00, 57.00, 58.00, 1.00, 1.00
433.00, 59.00, 59.00, 1.00, 1.00
433.00, 63.00, 61.00, 1.00, 1.00
433.00, 77.00, 69.00, 1.00, 0.00
434.00, 59.00, 59.00, 1.00, 1.00
434.00, 63.00, 61.00, 1.00, 1.00
434.00, 69.00, 65.00, 1.00, 1.00
434.00, 78.00, 70.00, 1.00, 0.00
435.00, 40.00, 48.00, 1.00, 1.00
435.00, 79.00, 70.00, 0.75, 0.00
435.75, 80.00, 71.00, 0.25, 0.00
436.00, 59.00, 59.00, 1.00, 1.00
436.00, 61.00, 60.00, 1.00, 1.00
436.00, 68.00, 64.00, 1.00, 1.00
436.00, 76.00, 69.00, 1.50, 0.00
437.50, 75.00, 68.00, 0.50, 0.00
438.00, 42.00, 49.00, 1.00, 1.00
438.00, 75.00, 68.00, 0.50, 0.00
438.50, 73.00, 67.00, 0.50, 0.00
439.00, 54.00, 56.00, 1.00, 1.00
439.00, 58.00, 58.00, 1.00, 1.00
439.00, 64.00, 62.00, 1.00, 1.00
439.00, 72.00, 66.00, 1.00, 0.00
440.00, 54.00, 56.00, 1.00, 1.00
440.00, 58.00, 58.00, 1.00, 1.00
440.00, 64.00, 62.00, 1.00, 1.00
440.00, 73.00, 67.00, 1.00, 0.00
441.00, 43.00, 49.00, 1.00, 1.00
441.00, 76.00, 69.00, 2.00, 0.00
442.00, 51.00, 54.00, 1.00, 1.00
442.00, 58.00, 58.00, 1.00, 1.00
442.00, 63.00, 61.00, 1.00, 1.00
443.00, 51.00, 54.00, 1.00, 1.00
443.00, 58.00, 58.00, 1.00, 1.00
443.00, 63.00, 61.00, 1.00, 1.00
443.00, 75.00, 68.00, 1.00, 0.00
444.00, 44.00, 50.00, 1.00, 1.00
444.00, 71.00, 66.00, 0.50, 0.00
444.50, 73.00, 67.00, 0.50, 0.00
445.00, 51.00, 54.00, 1.00, 1.00
445.00, 56.00, 57.00, 1.00, 1.00
445.00, 59.00, 59.00, 1.00, 1.00
445.00, 74.00, 67.00, 1.00, 0.00
446.00, 51.00, 54.00, 1.00, 1.00
446.00, 56.00, 57.00, 1.00, 1.00
446.00, 59.00, 59.00, 1.00, 1.00
446.00, 75.00, 68.00, 1.00, 0.00
447.00, 37.00, 46.00, 1.00, 1.00
447.00, 78.00, 70.00, 0.50, 0.00
447.50, 76.00, 69.00, 0.50, 0.00
448.00, 56.00, 57.00, 1.00, 1.00
448.00, 61.00, 60.00, 1.00, 1.00
448.00, 64.00, 62.00, 1.00, 1.00
448.00, 73.00, 67.00, 1.00, 0.00
449.00, 68.00, 64.00, 1.00, 0.00
450.00, 50.00, 53.00, 1.00, 1.00
450.00, 67.00, 63.00, 0.75, 0.00
450.75, 68.00, 64.00, 0.25, 0.00
451.00, 56.00, 57.00, 1.00, 1.00
451.00, 59.00, 59.00, 1.00, 1.00
451.00, 65.00, 62.00, 1.00, 1.00
451.00, 71.00, 66.00, 1.00, 0.00
452.00, 56.00, 57.00, 1.00, 1.00
452.00, 58.00, 58.00, 1.00, 1.00
452.00, 65.00, 62.00, 1.00, 1.00
452.00, 70.00, 65.00, 1.00, 0.00
453.00, 51.00, 54.00, 1.00, 1.00
453.00, 67.00, 63.00, 2.00, 0.00
454.00, 55.00, 56.00, 1.00, 1.00
454.00, 58.00, 58.00, 1.00, 1.00
454.00, 63.00, 61.00, 1.00, 1.00
455.00, 49.00, 53.00, 1.00, 1.00
455.00, 54.00, 56.00, 1.00, 1.00
455.00, 58.00, 58.00, 1.00, 1.00
455.00, 64.00, 62.00, 1.00, 1.00
455.00, 66.00, 63.00, 1.00, 0.00
456.00, 47.00, 52.00, 1.00, 1.00
456.00, 75.00, 68.00, 0.50, 0.00
456.50, 76.00, 69.00, 0.50, 0.00
457.00, 54.00, 56.00, 1.00, 1.00
457.00, 59.00, 59.00, 1.00, 1.00
457.00, 63.00, 61.00, 1.00, 1.00
457.00, 78.00, 70.00, 1.00, 0.00
458.00, 87.00, 75.00, 1.00, 0.00
459.00, 40.00, 48.00, 1.00, 1.00
459.00, 85.00, 74.00, 0.50, 0.00
459.50, 83.00, 73.00, 0.50, 0.00
460.00, 59.00, 59.00, 1.00, 1.00
460.00, 61.00, 60.00, 1.00, 1.00
460.00, 64.00, 62.00, 1.00, 1.00
460.00, 68.00, 64.00, 1.00, 1.00
460.00, 80.00, 71.00, 1.00, 0.00
461.00, 76.00, 69.00, 1.00, 0.00
462.00, 42.00, 49.00, 1.00, 1.00
462.00, 75.00, 68.00, 0.50, 0.00
462.50, 73.00, 67.00, 0.50, 0.00
463.00, 54.00, 56.00, 1.00, 1.00
463.00, 58.00, 58.00, 1.00, 1.00
463.00, 64.00, 62.00, 1.00, 1.00
463.00, 72.00, 66.00, 1.00, 0.00
464.00, 54.00, 56.00, 1.00, 1.00
464.00, 58.00, 58.00, 1.00, 1.00
464.00, 64.00, 62.00, 1.00, 1.00
464.00, 73.00, 67.00, 1.00, 0.00
465.00, 43.00, 49.00, 1.00, 1.00
465.00, 76.00, 69.00, 2.00, 0.00
466.00, 51.00, 54.00, 1.00, 1.00
466.00, 58.00, 58.00, 1.00, 1.00
466.00, 63.00, 61.00, 1.00, 1.00
467.00, 51.00, 54.00, 1.00, 1.00
467.00, 58.00, 58.00, 1.00, 1.00
467.00, 63.00, 61.00, 1.00, 1.00
467.00, 75.00, 68.00, 1.00, 0.00
468.00, 44.00, 50.00, 1.00, 1.00
468.00, 75.00, 68.00, 1.50, 0.00
469.00, 53.00, 55.00, 1.00, 1.00
469.00, 56.00, 57.00, 1.00, 1.00
469.00, 59.00, 59.00, 1.00, 1.00
469.00, 63.00, 61.00, 1.00, 1.00
469.50, 75.00, 68.00, 0.50, 0.00
470.00, 73.00, 67.00, 0.50, 0.00
470.50, 71.00, 66.00, 0.50, 0.00
471.00, 46.00, 51.00, 1.00, 1.00
471.00, 70.00, 65.00, 0.50, 0.00
471.50, 75.00, 68.00, 0.50, 0.00
472.00, 54.00, 56.00, 1.00, 1.00
472.00, 58.00, 58.00, 1.00, 1.00
472.00, 63.00, 61.00, 1.00, 1.00
472.00, 78.00, 70.00, 1.00, 0.00
473.00, 54.00, 56.00, 1.00, 1.00
473.00, 58.00, 58.00, 1.00, 1.00
473.00, 63.00, 61.00, 1.00, 1.00
473.00, 83.00, 73.00, 1.00, 0.00
474.00, 46.00, 51.00, 1.00, 1.00
474.00, 82.00, 72.00, 0.50, 0.00
474.50, 77.00, 69.00, 0.50, 0.00
475.00, 56.00, 57.00, 1.00, 1.00
475.00, 58.00, 58.00, 1.00, 1.00
475.00, 62.00, 60.00, 1.00, 1.00
475.00, 80.00, 71.00, 1.50, 0.00
476.00, 56.00, 57.00, 1.00, 1.00
476.00, 58.00, 58.00, 1.00, 1.00
476.00, 65.00, 62.00, 1.00, 1.00
476.50, 78.00, 70.00, 0.50, 0.00
477.00, 51.00, 54.00, 1.00, 1.00
477.00, 75.00, 68.00, 2.00, 0.00
478.00, 54.00, 56.00, 1.00, 1.00
478.00, 58.00, 58.00, 1.00, 1.00
478.00, 63.00, 61.00, 1.00, 1.00
479.00, 54.00, 56.00, 1.00, 1.00
479.00, 58.00, 58.00, 1.00, 1.00
479.00, 66.00, 63.00, 1.00, 1.00
479.00, 78.00, 70.00, 1.00, 0.00
480.00, 70.00, 65.00, 0.50, 1.00
480.00, 76.00, 69.00, 0.50, 1.00
480.00, 80.00, 71.00, 0.75, 0.00
480.00, 92.00, 78.00, 0.75, 0.00
480.75, 66.00, 63.00, 0.25, 1.00
480.75, 78.00, 70.00, 0.25, 0.00
480.75, 90.00, 77.00, 0.25, 0.00
481.00, 54.00, 56.00, 1.00, 1.00
481.00, 76.00, 69.00, 1.00, 0.00
481.00, 88.00, 76.00, 1.00, 0.00
482.00, 42.00, 49.00, 1.00, 1.00
482.00, 64.00, 62.00, 1.00, 0.00
482.00, 70.00, 65.00, 1.00, 0.00
483.00, 47.00, 52.00, 0.50, 1.00
483.00, 63.00, 61.00, 0.50, 0.00
483.00, 71.00, 66.00, 0.50, 0.00
483.75, 54.00, 56.00, 0.25, 1.00
483.75, 66.00, 63.00, 0.25, 0.00
483.75, 73.00, 67.00, 0.25, 0.00
484.00, 59.00, 59.00, 1.00, 1.00
484.00, 63.00, 61.00, 1.00, 1.00
484.00, 71.00, 66.00, 1.00, 0.00
484.00, 75.00, 68.00, 1.00, 0.00
485.00, 71.00, 66.00, 1.00, 1.00
485.00, 75.00, 68.00, 1.00, 1.00
485.00, 78.00, 70.00, 1.00, 0.00
485.00, 90.00, 77.00, 1.00, 0.00
486.00, 70.00, 65.00, 0.50, 1.00
486.00, 76.00, 69.00, 0.50, 1.00
486.00, 80.00, 71.00, 0.75, 0.00
486.00, 92.00, 78.00, 0.75, 0.00
486.75, 66.00, 63.00, 0.25, 1.00
486.75, 78.00, 70.00, 0.25, 0.00
486.75, 90.00, 77.00, 0.25, 0.00
487.00, 54.00, 56.00, 1.00, 1.00
487.00, 76.00, 69.00, 1.00, 0.00
487.00, 88.00, 76.00, 1.00, 0.00
488.00, 42.00, 49.00, 1.00, 1.00
488.00, 64.00, 62.00, 1.00, 0.00
488.00, 70.00, 65.00, 1.00, 0.00
489.00, 47.00, 52.00, 0.50, 1.00
489.00, 63.00, 61.00, 0.50, 0.00
489.00, 71.00, 66.00, 0.50, 0.00
489.75, 54.00, 56.00, 0.25, 1.00
489.75, 66.00, 63.00, 0.25, 0.00
489.75, 73.00, 67.00, 0.25, 0.00
490.00, 59.00, 59.00, 1.00, 1.00
490.00, 63.00, 61.00, 1.00, 1.00
490.00, 71.00, 66.00, 1.00, 0.00
490.00, 75.00, 68.00, 1.00, 0.00
491.00, 75.00, 68.00, 1.00, 0.00
491.00, 78.00, 70.00, 1.00, 0.00
492.00, 52.00, 55.00, 0.50, 1.00
492.00, 85.00, 74.00, 0.50, 0.00
492.00, 88.00, 76.00, 0.50, 0.00
492.75, 73.00, 67.00, 0.25, 1.00
492.75, 78.00, 70.00, 0.25, 0.00
492.75, 82.00, 72.00, 0.25, 0.00
493.00, 64.00, 62.00, 0.75, 1.00
493.00, 68.00, 64.00, 0.75, 1.00
493.00, 76.00, 69.00, 0.75, 0.00
493.00, 80.00, 71.00, 0.75, 0.00
493.75, 73.00, 67.00, 0.25, 1.00
493.75, 78.00, 70.00, 0.25, 0.00
493.75, 82.00, 72.00, 0.25, 0.00
494.00, 64.00, 62.00, 1.00, 1.00
494.00, 68.00, 64.00, 1.00, 1.00
494.00, 76.00, 69.00, 1.00, 0.00
494.00, 80.00, 71.00, 1.00, 0.00
495.00, 42.00, 49.00, 0.50, 1.00
495.00, 83.00, 73.00, 0.50, 0.00
495.00, 87.00, 75.00, 0.50, 0.00
495.75, 71.00, 66.00, 0.25, 1.00
495.75, 76.00, 69.00, 0.25, 0.00
495.75, 80.00, 71.00, 0.25, 0.00
496.00, 63.00, 61.00, 0.75, 1.00
496.00, 66.00, 63.00, 0.75, 1.00
496.00, 75.00, 68.00, 0.75, 0.00
496.00, 78.00, 70.00, 0.75, 0.00
496.75, 71.00, 66.00, 0.25, 1.00
496.75, 76.00, 69.00, 0.25, 0.00
496.75, 80.00, 71.00, 0.25, 0.00
497.00, 63.00, 61.00, 1.00, 1.00
497.00, 66.00, 63.00, 1.00, 1.00
497.00, 75.00, 68.00, 1.00, 0.00
497.00, 78.00, 70.00, 1.00, 0.00
498.00, 42.00, 49.00, 0.50, 1.00
498.00, 82.00, 72.00, 0.50, 0.00
498.00, 85.00, 74.00, 0.50, 0.00
498.75, 70.00, 65.00, 0.25, 1.00
498.75, 75.00, 68.00, 0.25, 0.00
498.75, 78.00, 70.00, 0.25, 0.00
499.00, 61.00, 60.00, 0.75, 1.00
499.00, 64.00, 62.00, 0.75, 1.00
499.00, 73.00, 67.00, 0.75, 0.00
499.00, 76.00, 69.00, 0.75, 0.00
499.75, 70.00, 65.00, 0.25, 1.00
499.75, 75.00, 68.00, 0.25, 0.00
499.75, 78.00, 70.00, 0.25, 0.00
500.00, 61.00, 60.00, 1.00, 1.00
500.00, 64.00, 62.00, 1.00, 1.00
500.00, 73.00, 67.00, 1.00, 0.00
500.00, 76.00, 69.00, 1.00, 0.00
501.00, 47.00, 52.00, 1.00, 1.00
501.00, 71.00, 66.00, 0.50, 0.00
501.00, 75.00, 68.00, 0.50, 0.00
501.75, 73.00, 67.00, 0.25, 0.00
501.75, 76.00, 69.00, 0.25, 0.00
502.00, 59.00, 59.00, 2.00, 1.00
502.00, 65.00, 62.00, 1.00, 1.00
502.00, 74.00, 67.00, 1.00, 0.00
502.00, 80.00, 71.00, 1.00, 0.00
503.00, 66.00, 63.00, 1.00, 1.00
503.00, 75.00, 68.00, 1.00, 0.00
503.00, 78.00, 70.00, 1.00, 0.00
504.00, 70.00, 65.00, 0.50, 1.00
504.00, 76.00, 69.00, 0.50, 1.00
504.00, 80.00, 71.00, 0.75, 0.00
504.00, 92.00, 78.00, 0.75, 0.00
504.75, 66.00, 63.00, 0.25, 1.00
504.75, 78.00, 70.00, 0.25, 0.00
504.75, 90.00, 77.00, 0.25, 0.00
505.00, 54.00, 56.00, 1.00, 1.00
505.00, 76.00, 69.00, 1.00, 0.00
505.00, 88.00, 76.00, 1.00, 0.00
506.00, 42.00, 49.00, 1.00, 1.00
506.00, 64.00, 62.00, 1.00, 0.00
506.00, 70.00, 65.00, 1.00, 0.00
507.00, 47.00, 52.00, 0.50, 1.00
507.00, 63.00, 61.00, 0.50, 0.00
507.00, 71.00, 66.00, 0.50, 0.00
507.75, 54.00, 56.00, 0.25, 1.00
507.75, 66.00, 63.00, 0.25, 0.00
507.75, 73.00, 67.00, 0.25, 0.00
508.00, 59.00, 59.00, 1.00, 1.00
508.00, 63.00, 61.00, 1.00, 1.00
508.00, 71.00, 66.00, 1.00, 0.00
508.00, 75.00, 68.00, 1.00, 0.00
509.00, 71.00, 66.00, 1.00, 1.00
509.00, 75.00, 68.00, 1.00, 1.00
509.00, 78.00, 70.00, 1.00, 0.00
509.00, 90.00, 77.00, 1.00, 0.00
510.00, 70.00, 65.00, 0.75, 1.00
510.00, 76.00, 69.00, 0.75, 1.00
510.00, 80.00, 71.00, 0.75, 0.00
510.00, 92.00, 78.00, 0.75, 0.00
510.75, 66.00, 63.00, 0.25, 1.00
510.75, 78.00, 70.00, 0.25, 0.00
510.75, 90.00, 77.00, 0.25, 0.00
511.00, 54.00, 56.00, 1.00, 1.00
511.00, 76.00, 69.00, 1.00, 0.00
511.00, 88.00, 76.00, 1.00, 0.00
512.00, 42.00, 49.00, 1.00, 1.00
512.00, 64.00, 62.00, 1.00, 0.00
512.00, 70.00, 65.00, 1.00, 0.00
513.00, 47.00, 52.00, 0.50, 1.00
513.00, 63.00, 61.00, 0.50, 0.00
513.00, 71.00, 66.00, 0.50, 0.00
513.75, 54.00, 56.00, 0.25, 1.00
513.75, 66.00, 63.00, 0.25, 0.00
513.75, 73.00, 67.00, 0.25, 0.00
514.00, 59.00, 59.00, 1.00, 1.00
514.00, 63.00, 61.00, 1.00, 1.00
514.00, 71.00, 66.00, 1.00, 0.00
514.00, 75.00, 68.00, 1.00, 0.00
515.00, 75.00, 68.00, 1.00, 0.00
515.00, 78.00, 70.00, 1.00, 0.00
516.00, 52.00, 55.00, 0.50, 1.00
516.00, 85.00, 74.00, 0.50, 0.00
516.00, 88.00, 76.00, 0.50, 0.00
516.75, 73.00, 67.00, 0.25, 1.00
516.75, 78.00, 70.00, 0.25, 0.00
516.75, 82.00, 72.00, 0.25, 0.00
517.00, 64.00, 62.00, 0.75, 1.00
517.00, 68.00, 64.00, 0.75, 1.00
517.00, 76.00, 69.00, 0.75, 0.00
517.00, 80.00, 71.00, 0.75, 0.00
517.75, 73.00, 67.00, 0.25, 1.00
517.75, 78.00, 70.00, 0.25, 0.00
517.75, 82.00, 72.00, 0.25, 0.00
518.00, 64.00, 62.00, 1.00, 1.00
518.00, 68.00, 64.00, 1.00, 1.00
518.00, 76.00, 69.00, 1.00, 0.00
518.00, 80.00, 71.00, 1.00, 0.00
519.00, 42.00, 49.00, 0.50, 1.00
519.00, 83.00, 73.00, 0.50, 0.00
519.00, 87.00, 75.00, 0.50, 0.00
519.75, 71.00, 66.00, 0.25, 1.00
519.75, 76.00, 69.00, 0.25, 0.00
519.75, 80.00, 71.00, 0.25, 0.00
520.00, 63.00, 61.00, 0.75, 1.00
520.00, 66.00, 63.00, 0.75, 1.00
520.00, 75.00, 68.00, 0.75, 0.00
520.00, 78.00, 70.00, 0.75, 0.00
520.75, 71.00, 66.00, 0.25, 1.00
520.75, 76.00, 69.00, 0.25, 0.00
520.75, 80.00, 71.00, 0.25, 0.00
521.00, 63.00, 61.00, 1.00, 1.00
521.00, 66.00, 63.00, 1.00, 1.00
521.00, 75.00, 68.00, 1.00, 0.00
521.00, 78.00, 70.00, 1.00, 0.00
522.00, 42.00, 49.00, 0.50, 1.00
522.00, 82.00, 72.00, 0.50, 0.00
522.00, 85.00, 74.00, 0.50, 0.00
522.75, 70.00, 65.00, 0.25, 1.00
522.75, 75.00, 68.00, 0.25, 0.00
522.75, 78.00, 70.00, 0.25, 0.00
523.00, 61.00, 60.00, 0.75, 1.00
523.00, 64.00, 62.00, 0.75, 1.00
523.00, 73.00, 67.00, 0.75, 0.00
523.00, 76.00, 69.00, 0.75, 0.00
523.75, 70.00, 65.00, 0.25, 1.00
523.75, 75.00, 68.00, 0.25, 0.00
523.75, 78.00, 70.00, 0.25, 0.00
524.00, 61.00, 60.00, 1.00, 1.00
524.00, 64.00, 62.00, 1.00, 1.00
524.00, 73.00, 67.00, 1.00, 0.00
524.00, 76.00, 69.00, 1.00, 0.00
525.75, 56.00, 57.00, 0.25, 1.00
526.00, 54.00, 56.00, 0.75, 1.00
526.75, 56.00, 57.00, 0.25, 1.00
527.00, 54.00, 56.00, 1.00, 1.00
528.00, 56.00, 57.00, 0.75, 1.00
528.75, 54.00, 56.00, 0.25, 1.00
529.00, 52.00, 55.00, 1.00, 1.00
530.00, 42.00, 49.00, 1.00, 1.00
531.00, 47.00, 52.00, 0.75, 1.00
531.75, 49.00, 53.00, 0.25, 1.00
532.00, 51.00, 54.00, 1.00, 1.00
533.00, 54.00, 56.00, 1.00, 1.00
534.00, 56.00, 57.00, 0.75, 1.00
534.75, 54.00, 56.00, 0.25, 1.00
535.00, 52.00, 55.00, 1.00, 1.00
536.00, 42.00, 49.00, 1.00, 1.00
537.00, 47.00, 52.00, 0.75, 1.00
537.75, 49.00, 53.00, 0.25, 1.00
538.00, 51.00, 54.00, 1.00, 1.00
539.00, 54.00, 56.00, 1.00, 1.00
540.00, 64.00, 62.00, 3.00, 1.00
540.75, 58.00, 58.00, 0.25, 1.00
541.00, 56.00, 57.00, 0.75, 1.00
541.75, 58.00, 58.00, 0.25, 1.00
542.00, 56.00, 57.00, 1.00, 1.00
543.00, 63.00, 61.00, 3.00, 1.00
543.75, 56.00, 57.00, 0.25, 1.00
544.00, 54.00, 56.00, 0.75, 1.00
544.75, 56.00, 57.00, 0.25, 1.00
545.00, 54.00, 56.00, 1.00, 1.00
546.00, 61.00, 60.00, 3.00, 1.00
546.75, 54.00, 56.00, 0.25, 1.00
547.00, 52.00, 55.00, 0.75, 1.00
547.75, 54.00, 56.00, 0.25, 1.00
548.00, 52.00, 55.00, 1.00, 1.00
549.00, 51.00, 54.00, 0.75, 1.00
549.75, 52.00, 55.00, 0.25, 1.00
550.00, 56.00, 57.00, 1.50, 1.00
551.50, 54.00, 56.00, 0.50, 1.00
552.00, 56.00, 57.00, 0.75, 1.00
552.75, 54.00, 56.00, 0.25, 1.00
553.00, 52.00, 55.00, 1.00, 1.00
554.00, 42.00, 49.00, 1.00, 1.00
555.00, 47.00, 52.00, 0.75, 1.00
555.75, 49.00, 53.00, 0.25, 1.00
556.00, 51.00, 54.00, 1.00, 1.00
557.00, 54.00, 56.00, 1.00, 1.00
558.00, 55.00, 57.00, 0.75, 1.00
558.75, 54.00, 56.00, 0.25, 1.00
559.00, 52.00, 55.00, 1.00, 1.00
560.00, 42.00, 49.00, 1.00, 1.00
561.00, 47.00, 52.00, 0.75, 1.00
561.75, 49.00, 53.00, 0.25, 1.00
562.00, 50.00, 54.00, 1.00, 1.00
563.00, 54.00, 56.00, 1.00, 1.00
564.00, 55.00, 57.00, 0.50, 1.00
564.50, 54.00, 56.00, 0.50, 1.00
565.00, 52.00, 55.00, 1.00, 1.00
566.00, 43.00, 50.00, 1.00, 1.00
567.00, 55.00, 57.00, 0.50, 1.00
567.50, 54.00, 56.00, 0.50, 1.00
568.00, 52.00, 55.00, 1.00, 1.00
569.00, 44.00, 50.00, 1.00, 1.00
570.00, 55.00, 57.00, 0.75, 1.00
570.75, 54.00, 56.00, 0.25, 1.00
571.00, 52.00, 55.00, 1.00, 1.00
572.00, 45.00, 51.00, 1.00, 1.00
573.00, 55.00, 57.00, 0.75, 1.00
573.75, 54.00, 56.00, 0.25, 1.00
574.00, 52.00, 55.00, 1.00, 1.00
575.00, 46.00, 51.00, 1.00, 1.00
576.00, 47.00, 52.00, 1.00, 1.00
576.00, 78.00, 70.00, 0.50, 0.00
576.50, 83.00, 73.00, 0.50, 0.00
577.00, 55.00, 57.00, 1.00, 1.00
577.00, 59.00, 59.00, 1.00, 1.00
577.00, 64.00, 62.00, 1.00, 1.00
577.00, 79.00, 71.00, 1.00, 0.00
578.00, 55.00, 57.00, 1.00, 1.00
578.00, 59.00, 59.00, 1.00, 1.00
578.00, 64.00, 62.00, 1.00, 1.00
578.00, 78.00, 70.00, 0.50, 0.00
578.50, 76.00, 69.00, 0.50, 0.00
579.00, 47.00, 52.00, 1.00, 1.00
579.00, 71.00, 66.00, 3.00, 0.00
580.00, 54.00, 56.00, 1.00, 1.00
580.00, 59.00, 59.00, 1.00, 1.00
580.00, 62.00, 61.00, 1.00, 1.00
581.00, 54.00, 56.00, 1.00, 1.00
581.00, 59.00, 59.00, 1.00, 1.00
581.00, 62.00, 61.00, 1.00, 1.00
582.00, 47.00, 52.00, 1.00, 1.00
582.00, 73.00, 67.00, 0.50, 0.00
582.50, 76.00, 69.00, 0.50, 0.00
583.00, 54.00, 56.00, 1.00, 1.00
583.00, 58.00, 58.00, 1.00, 1.00
583.00, 64.00, 62.00, 1.00, 1.00
583.00, 74.00, 68.00, 1.00, 0.00
584.00, 54.00, 56.00, 1.00, 1.00
584.00, 58.00, 58.00, 1.00, 1.00
584.00, 64.00, 62.00, 1.00, 1.00
584.00, 73.00, 67.00, 1.00, 0.00
585.00, 47.00, 52.00, 1.00, 1.00
585.00, 71.00, 66.00, 3.00, 0.00
586.00, 54.00, 56.00, 1.00, 1.00
586.00, 59.00, 59.00, 1.00, 1.00
586.00, 62.00, 61.00, 1.00, 1.00
587.00, 54.00, 56.00, 1.00, 1.00
587.00, 59.00, 59.00, 1.00, 1.00
587.00, 62.00, 61.00, 1.00, 1.00
588.00, 37.00, 46.00, 1.00, 1.00
588.00, 73.00, 67.00, 0.50, 0.00
588.50, 71.00, 66.00, 0.50, 0.00
589.00, 49.00, 53.00, 1.00, 1.00
589.00, 53.00, 55.00, 1.00, 1.00
589.00, 59.00, 59.00, 1.00, 1.00
589.00, 69.00, 65.00, 1.00, 0.00
590.00, 49.00, 53.00, 1.00, 1.00
590.00, 53.00, 55.00, 1.00, 1.00
590.00, 59.00, 59.00, 1.00, 1.00
590.00, 68.00, 64.00, 1.00, 0.00
591.00, 42.00, 49.00, 1.00, 1.00
591.00, 69.00, 65.00, 0.50, 0.00
591.50, 73.00, 67.00, 1.00, 0.00
592.00, 49.00, 53.00, 1.00, 1.00
592.00, 57.00, 58.00, 1.00, 1.00
593.00, 61.00, 60.00, 1.50, 0.00
594.50, 59.00, 59.00, 0.50, 0.00
595.00, 57.00, 58.00, 1.00, 0.00
596.00, 56.00, 57.00, 1.00, 0.00
597.00, 57.00, 58.00, 1.00, 0.00
598.00, 61.00, 60.00, 2.00, 0.00
600.00, 49.00, 53.00, 6.00, 1.00
600.00, 56.00, 57.00, 1.00, 1.00
600.00, 59.00, 59.00, 1.00, 0.00
601.00, 54.00, 56.00, 1.00, 1.00
601.00, 57.00, 58.00, 1.00, 0.00
602.00, 57.00, 58.00, 1.00, 1.00
602.00, 61.00, 60.00, 1.00, 0.00
603.00, 56.00, 57.00, 0.50, 1.00
603.00, 59.00, 59.00, 0.50, 0.00
603.50, 54.00, 56.00, 0.50, 1.00
603.50, 57.00, 58.00, 0.50, 0.00
604.00, 57.00, 58.00, 1.00, 1.00
604.00, 61.00, 60.00, 1.00, 0.00
605.00, 57.00, 58.00, 1.00, 1.00
605.00, 61.00, 60.00, 1.00, 0.00
606.00, 49.00, 53.00, 4.00, 1.00
606.00, 56.00, 57.00, 1.00, 1.00
606.00, 59.00, 59.00, 1.00, 0.00
607.00, 54.00, 56.00, 1.00, 1.00
607.00, 58.00, 58.00, 1.00, 0.00
608.00, 58.00, 58.00, 1.00, 1.00
608.00, 61.00, 60.00, 1.00, 0.00
609.00, 56.00, 57.00, 0.50, 1.00
609.00, 59.00, 59.00, 0.50, 0.00
609.50, 54.00, 56.00, 1.50, 1.00
609.50, 58.00, 58.00, 0.50, 0.00
610.00, 42.00, 49.00, 2.00, 1.00
610.00, 66.00, 63.00, 1.00, 0.00
611.00, 78.00, 70.00, 1.50, 0.00
612.00, 47.00, 52.00, 1.00, 1.00
612.50, 83.00, 73.00, 0.50, 0.00
613.00, 55.00, 57.00, 1.00, 1.00
613.00, 59.00, 59.00, 1.00, 1.00
613.00, 64.00, 62.00, 1.00, 1.00
613.00, 79.00, 71.00, 1.00, 0.00
614.00, 55.00, 57.00, 1.00, 1.00
614.00, 59.00, 59.00, 1.00, 1.00
614.00, 64.00, 62.00, 1.00, 1.00
614.00, 78.00, 70.00, 0.50, 0.00
614.50, 76.00, 69.00, 0.50, 0.00
615.00, 47.00, 52.00, 1.00, 1.00
615.00, 71.00, 66.00, 3.00, 0.00
616.00, 54.00, 56.00, 1.00, 1.00
616.00, 59.00, 59.00, 1.00, 1.00
616.00, 62.00, 61.00, 1.00, 1.00
617.00, 54.00, 56.00, 1.00, 1.00
617.00, 59.00, 59.00, 1.00, 1.00
617.00, 62.00, 61.00, 1.00, 1.00
618.00, 47.00, 52.00, 1.00, 1.00
618.00, 73.00, 67.00, 0.50, 0.00
618.50, 76.00, 69.00, 0.50, 0.00
619.00, 54.00, 56.00, 1.00, 1.00
619.00, 58.00, 58.00, 1.00, 1.00
619.00, 64.00, 62.00, 1.00, 1.00
619.00, 74.00, 68.00, 1.00, 0.00
620.00, 54.00, 56.00, 1.00, 1.00
620.00, 58.00, 58.00, 1.00, 1.00
620.00, 64.00, 62.00, 1.00, 1.00
620.00, 73.00, 67.00, 1.00, 0.00
621.00, 47.00, 52.00, 1.00, 1.00
621.00, 71.00, 66.00, 2.00, 0.00
622.00, 54.00, 56.00, 1.00, 1.00
622.00, 59.00, 59.00, 1.00, 1.00
622.00, 62.00, 61.00, 1.00, 1.00
623.00, 50.00, 54.00, 1.50, 0.00
624.00, 59.00, 59.00, 1.00, 1.00
624.00, 65.00, 63.00, 1.00, 1.00
624.50, 55.00, 57.00, 0.50, 0.00
625.00, 52.00, 55.00, 0.33, 0.00
625.00, 60.00, 60.00, 1.00, 1.00
625.00, 64.00, 62.00, 1.00, 1.00
625.33, 53.00, 56.00, 0.33, 0.00
625.67, 52.00, 55.00, 0.33, 0.00
626.00, 50.00, 54.00, 0.50, 0.00
626.00, 60.00, 60.00, 1.00, 1.00
626.00, 64.00, 62.00, 1.00, 1.00
626.50, 48.00, 53.00, 0.50, 0.00
627.00, 50.00, 54.00, 0.75, 0.00
627.00, 55.00, 57.00, 1.00, 1.00
627.00, 59.00, 59.00, 1.00, 1.00
627.00, 65.00, 63.00, 1.00, 1.00
627.75, 43.00, 50.00, 0.25, 0.00
628.00, 50.00, 54.00, 1.00, 0.00
628.00, 55.00, 57.00, 1.00, 1.00
628.00, 59.00, 59.00, 1.00, 1.00
628.00, 65.00, 63.00, 1.00, 1.00
629.00, 48.00, 53.00, 1.00, 0.00
629.00, 60.00, 60.00, 1.00, 1.00
629.00, 64.00, 62.00, 1.00, 1.00
630.00, 50.00, 54.00, 0.50, 0.00
630.00, 59.00, 59.00, 1.00, 1.00
630.00, 65.00, 63.00, 1.00, 1.00
630.50, 55.00, 57.00, 0.50, 0.00
631.00, 52.00, 55.00, 0.33, 0.00
631.00, 60.00, 60.00, 1.00, 1.00
631.00, 64.00, 62.00, 1.00, 1.00
631.33, 53.00, 56.00, 0.33, 0.00
631.67, 52.00, 55.00, 0.33, 0.00
632.00, 50.00, 54.00, 0.50, 0.00
632.00, 60.00, 60.00, 1.00, 1.00
632.00, 64.00, 62.00, 1.00, 1.00
632.50, 48.00, 53.00, 0.50, 0.00
633.00, 50.00, 54.00, 0.75, 0.00
633.00, 55.00, 57.00, 1.00, 1.00
633.00, 59.00, 59.00, 1.00, 1.00
633.00, 65.00, 63.00, 1.00, 1.00
633.75, 43.00, 50.00, 0.25, 0.00
634.00, 50.00, 54.00, 1.00, 0.00
634.00, 55.00, 57.00, 1.00, 1.00
634.00, 59.00, 59.00, 1.00, 1.00
634.00, 65.00, 63.00, 1.00, 1.00
635.00, 48.00, 53.00, 1.00, 0.00
635.00, 60.00, 60.00, 1.00, 1.00
635.00, 64.00, 62.00, 1.00, 1.00
636.00, 50.00, 54.00, 0.75, 0.00
636.00, 55.00, 57.00, 1.00, 1.00
636.00, 59.00, 59.00, 1.00, 1.00
636.00, 65.00, 63.00, 1.00, 1.00
636.75, 43.00, 50.00, 0.25, 0.00
637.00, 48.00, 53.00, 1.00, 0.00
637.00, 60.00, 60.00, 1.00, 1.00
637.00, 64.00, 62.00, 1.00, 1.00
638.00, 50.00, 54.00, 0.75, 0.00
638.00, 55.00, 57.00, 1.00, 1.00
638.00, 59.00, 59.00, 1.00, 1.00
638.00, 65.00, 63.00, 1.00, 1.00
638.75, 43.00, 50.00, 0.25, 0.00
639.00, 48.00, 53.00, 1.00, 0.00
639.00, 60.00, 60.00, 1.00, 1.00
639.00, 64.00, 62.00, 1.00, 1.00
640.00, 50.00, 54.00, 0.75, 0.00
640.00, 55.00, 57.00, 1.00, 1.00
640.00, 59.00, 59.00, 1.00, 1.00
640.00, 65.00, 63.00, 1.00, 1.00
640.75, 43.00, 50.00, 0.25, 0.00
641.00, 48.00, 53.00, 1.00, 0.00
641.00, 60.00, 60.00, 1.00, 1.00
641.00, 64.00, 62.00, 1.00, 1.00
642.00, 50.00, 54.00, 0.75, 0.00
642.00, 55.00, 57.00, 1.00, 1.00
642.00, 59.00, 59.00, 1.00, 1.00
642.00, 65.00, 63.00, 1.00, 1.00
642.75, 43.00, 50.00, 0.25, 0.00
643.00, 50.00, 54.00, 1.00, 0.00
643.00, 55.00, 57.00, 1.00, 1.00
643.00, 59.00, 59.00, 1.00, 1.00
643.00, 65.00, 63.00, 1.00, 1.00
644.00, 48.00, 53.00, 1.00, 0.00
644.00, 60.00, 60.00, 1.00, 1.00
644.00, 64.00, 62.00, 1.00, 1.00
645.00, 50.00, 54.00, 0.75, 0.00
645.00, 55.00, 57.00, 1.00, 1.00
645.00, 59.00, 59.00, 1.00, 1.00
645.00, 65.00, 63.00, 1.00, 1.00
645.75, 43.00, 50.00, 0.25, 0.00
646.00, 50.00, 54.00, 1.00, 0.00
646.00, 55.00, 57.00, 1.00, 1.00
646.00, 59.00, 59.00, 1.00, 1.00
646.00, 65.00, 63.00, 1.00, 1.00
647.00, 48.00, 53.00, 1.00, 0.00
647.00, 60.00, 60.00, 1.00, 1.00
647.00, 64.00, 62.00, 1.00, 1.00
648.00, 67.00, 64.00, 3.00, 1.00
651.00, 60.00, 60.00, 3.00, 1.00
654.00, 67.00, 64.00, 3.00, 1.00
657.00, 60.00, 60.00, 3.00, 1.00
660.00, 67.00, 64.00, 6.00, 1.00
666.00, 67.00, 64.00, 1.00, 0.00
667.00, 60.00, 60.00, 1.50, 0.00
668.50, 59.00, 59.00, 0.50, 0.00
669.00, 42.00, 49.00, 1.00, 1.00
669.00, 52.00, 55.00, 0.75, 1.00
669.00, 58.00, 58.00, 0.75, 1.00
669.00, 61.00, 60.00, 0.75, 1.00
669.75, 54.00, 56.00, 1.25, 1.00
670.00, 42.00, 49.00, 1.00, 1.00
670.00, 52.00, 55.00, 1.00, 1.00
670.00, 58.00, 58.00, 1.00, 1.00
670.00, 61.00, 60.00, 1.00, 1.00
671.00, 35.00, 45.00, 1.00, 1.00
671.00, 47.00, 52.00, 1.00, 1.00
671.00, 50.00, 54.00, 1.00, 1.00
671.00, 54.00, 56.00, 1.00, 1.00
671.00, 59.00, 59.00, 1.00, 1.00
