ontime, MNN, MPN, duration, channel
-1.00, 61.00, 60.00, 1.00, 0.00
0.00, 30.00, 42.00, 1.00, 1.00
0.00, 66.00, 63.00, 1.50, 0.00
1.00, 49.00, 53.00, 1.00, 1.00
1.00, 57.00, 58.00, 1.00, 1.00
1.00, 61.00, 60.00, 1.00, 1.00
1.50, 68.00, 64.00, 0.50, 0.00
2.00, 49.00, 53.00, 1.00, 1.00
2.00, 57.00, 58.00, 1.00, 1.00
2.00, 61.00, 60.00, 1.00, 1.00
2.00, 69.00, 65.00, 0.50, 0.00
2.50, 72.00, 66.00, 0.50, 0.00
3.00, 42.00, 49.00, 1.00, 1.00
3.00, 74.00, 68.00, 0.33, 0.00
3.33, 76.00, 69.00, 0.33, 0.00
3.67, 74.00, 68.00, 0.33, 0.00
4.00, 57.00, 58.00, 1.00, 1.00
4.00, 61.00, 60.00, 1.00, 1.00
4.00, 66.00, 63.00, 1.00, 1.00
4.00, 73.00, 67.00, 1.00, 0.00
5.00, 57.00, 58.00, 1.00, 1.00
5.00, 61.00, 60.00, 1.00, 1.00
5.00, 66.00, 63.00, 1.00, 1.00
5.00, 78.00, 70.00, 1.00, 0.00
6.00, 54.00, 56.00, 1.00, 1.00
6.00, 73.00, 67.00, 0.33, 0.00
6.33, 74.00, 68.00, 0.33, 0.00
6.67, 73.00, 67.00, 0.33, 0.00
7.00, 59.00, 59.00, 1.00, 1.00
7.00, 62.00, 61.00, 1.00, 1.00
7.00, 66.00, 63.00, 1.00, 1.00
7.00, 71.00, 66.00, 1.00, 0.00
8.00, 59.00, 59.00, 1.00, 1.00
8.00, 62.00, 61.00, 1.00, 1.00
8.00, 66.00, 63.00, 1.00, 1.00
8.00, 78.00, 70.00, 1.00, 0.00
9.00, 42.00, 49.00, 1.00, 1.00
9.00, 71.00, 66.00, 0.33, 0.00
9.33, 73.00, 67.00, 0.33, 0.00
9.67, 71.00, 66.00, 0.33, 0.00
10.00, 57.00, 58.00, 1.00, 1.00
10.00, 61.00, 60.00, 1.00, 1.00
10.00, 66.00, 63.00, 1.00, 1.00
10.00, 69.00, 65.00, 1.00, 0.00
11.00, 49.00, 53.00, 1.00, 1.00
11.00, 57.00, 58.00, 1.00, 1.00
11.00, 61.00, 60.00, 1.00, 1.00
11.00, 73.00, 67.00, 1.00, 0.00
12.00, 37.00, 46.00, 1.00, 1.00
12.00, 69.00, 65.00, 0.33, 0.00
12.33, 71.00, 66.00, 0.33, 0.00
12.67, 69.00, 65.00, 0.33, 0.00
13.00, 49.00, 53.00, 1.00, 1.00
13.00, 53.00, 55.00, 1.00, 1.00
13.00, 59.00, 59.00, 1.00, 1.00
13.00, 68.00, 64.00, 1.00, 0.00
14.00, 49.00, 53.00, 1.00, 1.00
14.00, 53.00, 55.00, 1.00, 1.00
14.00, 59.00, 59.00, 1.00, 1.00
14.00, 73.00, 67.00, 1.00, 0.00
15.00, 42.00, 49.00, 1.00, 1.00
15.00, 68.00, 64.00, 0.33, 0.00
15.33, 69.00, 65.00, 0.33, 0.00
15.67, 68.00, 64.00, 0.33, 0.00
16.00, 49.00, 53.00, 1.00, 1.00
16.00, 54.00, 56.00, 1.00, 1.00
16.00, 57.00, 58.00, 1.00, 1.00
16.00, 66.00, 63.00, 1.00, 0.00
17.00, 51.00, 54.00, 1.00, 1.00
17.00, 57.00, 58.00, 1.00, 1.00
17.00, 73.00, 67.00, 1.00, 0.00
18.00, 44.00, 50.00, 1.00, 1.00
18.00, 66.00, 63.00, 0.33, 0.00
18.33, 68.00, 64.00, 0.33, 0.00
18.67, 66.00, 63.00, 0.33, 0.00
19.00, 52.00, 55.00, 1.00, 1.00
19.00, 56.00, 57.00, 1.00, 1.00
19.00, 61.00, 60.00, 1.00, 1.00
19.00, 64.00, 62.00, 1.00, 0.00
20.00, 54.00, 56.00, 1.00, 1.00
20.00, 56.00, 57.00, 1.00, 1.00
20.00, 60.00, 59.00, 1.00, 1.00
20.00, 63.00, 61.00, 0.50, 0.00
20.50, 68.00, 64.00, 0.50, 0.00
21.00, 37.00, 46.00, 1.00, 1.00
21.00, 61.00, 60.00, 1.50, 0.00
22.00, 49.00, 53.00, 1.00, 1.00
22.00, 53.00, 55.00, 1.00, 1.00
22.00, 59.00, 59.00, 1.00, 1.00
22.50, 62.00, 61.00, 0.50, 0.00
22.50, 71.00, 66.00, 0.50, 0.00
23.00, 49.00, 53.00, 1.00, 1.00
23.00, 56.00, 57.00, 1.00, 1.00
23.00, 59.00, 59.00, 1.00, 1.00
23.00, 61.00, 60.00, 0.50, 0.00
23.00, 69.00, 65.00, 0.50, 0.00
23.50, 65.00, 62.00, 0.50, 0.00
23.50, 68.00, 64.00, 0.50, 0.00
24.00, 42.00, 49.00, 1.00, 1.00
24.00, 66.00, 63.00, 1.00, 0.00
25.00, 49.00, 53.00, 1.00, 1.00
25.00, 57.00, 58.00, 1.00, 1.00
25.00, 61.00, 60.00, 1.00, 1.00
25.00, 68.00, 64.00, 0.50, 0.00
25.50, 66.00, 63.00, 0.50, 0.00
26.00, 49.00, 53.00, 1.00, 1.00
26.00, 57.00, 58.00, 1.00, 1.00
26.00, 61.00, 60.00, 1.00, 1.00
26.00, 69.00, 65.00, 0.50, 0.00
26.50, 72.00, 66.00, 0.50, 0.00
27.00, 42.00, 49.00, 1.00, 1.00
27.00, 74.00, 68.00, 0.33, 0.00
27.33, 76.00, 69.00, 0.33, 0.00
27.67, 74.00, 68.00, 0.33, 0.00
28.00, 54.00, 56.00, 1.00, 1.00
28.00, 58.00, 58.00, 1.00, 1.00
28.00, 64.00, 62.00, 1.00, 1.00
28.00, 73.00, 67.00, 1.00, 0.00
29.00, 54.00, 56.00, 1.00, 1.00
29.00, 58.00, 58.00, 1.00, 1.00
29.00, 64.00, 62.00, 1.00, 1.00
29.00, 78.00, 70.00, 1.00, 0.00
30.00, 47.00, 52.00, 1.00, 1.00
30.00, 73.00, 67.00, 0.33, 0.00
30.33, 74.00, 68.00, 0.33, 0.00
30.67, 73.00, 67.00, 0.33, 0.00
31.00, 54.00, 56.00, 1.00, 1.00
31.00, 64.00, 62.00, 1.00, 1.00
31.00, 71.00, 66.00, 1.00, 0.00
32.00, 54.00, 56.00, 1.00, 1.00
32.00, 62.00, 61.00, 1.00, 1.00
32.00, 78.00, 70.00, 1.00, 0.00
33.00, 42.00, 49.00, 1.00, 1.00
33.00, 71.00, 66.00, 0.33, 0.00
33.33, 73.00, 67.00, 0.33, 0.00
33.67, 71.00, 66.00, 0.33, 0.00
34.00, 54.00, 56.00, 1.00, 1.00
34.00, 61.00, 60.00, 1.00, 1.00
34.00, 69.00, 65.00, 1.00, 0.00
35.00, 51.00, 54.00, 1.00, 1.00
35.00, 57.00, 58.00, 1.00, 1.00
35.00, 61.00, 60.00, 1.00, 1.00
35.00, 73.00, 67.00, 1.00, 0.00
36.00, 52.00, 55.00, 3.00, 1.00
36.00, 66.00, 63.00, 0.33, 0.00
36.33, 68.00, 64.00, 0.33, 0.00
36.67, 66.00, 63.00, 0.33, 0.00
37.00, 57.00, 58.00, 1.00, 1.00
37.00, 61.00, 60.00, 1.00, 1.00
37.00, 64.00, 62.00, 1.00, 0.00
38.00, 57.00, 58.00, 1.00, 1.00
38.00, 61.00, 60.00, 1.00, 1.00
38.00, 73.00, 67.00, 1.00, 0.00
39.00, 40.00, 48.00, 1.00, 1.00
39.00, 64.00, 62.00, 0.33, 0.00
39.33, 66.00, 63.00, 0.33, 0.00
39.67, 64.00, 62.00, 0.33, 0.00
40.00, 54.00, 56.00, 1.00, 1.00
40.00, 57.00, 58.00, 1.00, 1.00
40.00, 63.00, 61.00, 1.00, 0.00
41.00, 54.00, 56.00, 1.00, 1.00
41.00, 57.00, 58.00, 1.00, 1.00
41.00, 73.00, 67.00, 1.00, 0.00
42.00, 40.00, 48.00, 1.00, 1.00
42.00, 62.00, 61.00, 0.50, 0.00
42.50, 71.00, 66.00, 0.50, 0.00
43.00, 73.00, 67.00, 0.50, 0.00
43.50, 74.00, 68.00, 0.50, 0.00
44.00, 52.00, 55.00, 1.00, 1.00
44.00, 56.00, 57.00, 1.00, 1.00
44.00, 62.00, 61.00, 1.00, 1.00
44.00, 73.00, 67.00, 0.50, 0.00
44.50, 71.00, 66.00, 0.50, 0.00
45.00, 45.00, 51.00, 1.00, 1.00
45.00, 73.00, 67.00, 0.50, 0.00
45.50, 71.00, 66.00, 0.50, 0.00
46.00, 52.00, 55.00, 1.00, 1.00
46.00, 57.00, 58.00, 1.00, 1.00
46.00, 61.00, 60.00, 1.00, 1.00
46.00, 69.00, 65.00, 1.00, 0.00
47.00, 40.00, 48.00, 1.00, 1.00
47.00, 73.00, 67.00, 0.50, 0.00
47.50, 74.00, 68.00, 0.50, 0.00
48.00, 33.00, 44.00, 1.00, 1.00
48.00, 76.00, 69.00, 2.00, 0.00
49.00, 55.00, 57.00, 1.00, 1.00
49.00, 57.00, 58.00, 1.00, 1.00
49.00, 64.00, 62.00, 1.00, 1.00
50.00, 55.00, 57.00, 1.00, 1.00
50.00, 57.00, 58.00, 1.00, 1.00
50.00, 64.00, 62.00, 1.00, 1.00
50.00, 78.00, 70.00, 0.50, 0.00
50.50, 76.00, 69.00, 0.50, 0.00
51.00, 54.00, 56.00, 1.00, 1.00
51.00, 57.00, 58.00, 1.00, 1.00
51.00, 63.00, 61.00, 1.00, 1.00
51.00, 75.00, 68.00, 1.00, 0.00
52.00, 54.00, 56.00, 1.00, 1.00
52.00, 57.00, 58.00, 1.00, 1.00
52.00, 63.00, 61.00, 1.00, 1.00
52.00, 71.00, 66.00, 0.50, 0.00
52.50, 73.00, 67.00, 0.50, 0.00
53.00, 53.00, 56.00, 1.00, 1.00
53.00, 57.00, 58.00, 1.00, 1.00
53.00, 62.00, 61.00, 1.00, 1.00
53.00, 74.00, 68.00, 1.00, 0.00
54.00, 45.00, 51.00, 1.00, 1.00
54.00, 62.00, 61.00, 0.50, 0.00
54.50, 71.00, 66.00, 0.50, 0.00
55.00, 52.00, 55.00, 1.00, 1.00
55.00, 56.00, 57.00, 1.00, 1.00
55.00, 62.00, 61.00, 1.00, 1.00
55.00, 73.00, 67.00, 0.50, 0.00
55.50, 74.00, 68.00, 0.50, 0.00
56.00, 52.00, 55.00, 1.00, 1.00
56.00, 56.00, 57.00, 1.00, 1.00
56.00, 62.00, 61.00, 1.00, 1.00
56.00, 73.00, 67.00, 0.50, 0.00
56.50, 71.00, 66.00, 0.50, 0.00
57.00, 45.00, 51.00, 1.00, 1.00
57.00, 73.00, 67.00, 0.50, 0.00
57.50, 71.00, 66.00, 0.50, 0.00
58.00, 52.00, 55.00, 1.00, 1.00
58.00, 57.00, 58.00, 1.00, 1.00
58.00, 61.00, 60.00, 1.00, 1.00
58.00, 69.00, 65.00, 1.00, 0.00
59.00, 40.00, 48.00, 1.00, 1.00
59.00, 73.00, 67.00, 0.50, 0.00
59.50, 74.00, 68.00, 0.50, 0.00
60.00, 33.00, 44.00, 1.00, 1.00
60.00, 76.00, 69.00, 2.00, 0.00
61.00, 55.00, 57.00, 1.00, 1.00
61.00, 57.00, 58.00, 1.00, 1.00
61.00, 64.00, 62.00, 1.00, 1.00
62.00, 55.00, 57.00, 1.00, 1.00
62.00, 58.00, 58.00, 1.00, 1.00
62.00, 64.00, 62.00, 1.00, 1.00
62.00, 78.00, 70.00, 0.25, 0.00
62.25, 76.00, 69.00, 0.25, 0.00
62.50, 78.00, 70.00, 0.25, 0.00
62.75, 76.00, 69.00, 0.25, 0.00
63.00, 54.00, 56.00, 1.00, 1.00
63.00, 59.00, 59.00, 1.00, 1.00
63.00, 63.00, 61.00, 1.00, 1.00
63.00, 75.00, 68.00, 1.00, 0.00
64.00, 54.00, 56.00, 1.00, 1.00
64.00, 59.00, 59.00, 1.00, 1.00
64.00, 63.00, 61.00, 1.00, 1.00
64.00, 69.00, 65.00, 1.00, 0.00
64.00, 71.00, 66.00, 0.50, 0.00
64.50, 73.00, 67.00, 0.50, 0.00
65.00, 53.00, 56.00, 1.00, 1.00
65.00, 59.00, 59.00, 1.00, 1.00
65.00, 62.00, 61.00, 1.00, 1.00
65.00, 69.00, 65.00, 1.00, 0.00
65.00, 74.00, 68.00, 1.00, 0.00
66.00, 45.00, 51.00, 1.00, 1.00
66.00, 62.00, 61.00, 0.50, 0.00
66.50, 71.00, 66.00, 0.50, 0.00
67.00, 52.00, 55.00, 1.00, 1.00
67.00, 59.00, 59.00, 1.00, 1.00
67.00, 62.00, 61.00, 1.00, 1.00
67.00, 68.00, 64.00, 1.00, 0.00
67.00, 73.00, 67.00, 0.50, 0.00
67.50, 74.00, 68.00, 0.50, 0.00
68.00, 52.00, 55.00, 1.00, 1.00
68.00, 56.00, 57.00, 1.00, 1.00
68.00, 62.00, 61.00, 1.00, 1.00
68.00, 64.00, 62.00, 1.00, 0.00
68.00, 73.00, 67.00, 0.50, 0.00
68.50, 71.00, 66.00, 0.50, 0.00
69.00, 45.00, 51.00, 1.00, 1.00
69.00, 73.00, 67.00, 0.50, 0.00
69.50, 71.00, 66.00, 0.50, 0.00
70.00, 52.00, 55.00, 1.00, 1.00
70.00, 61.00, 60.00, 1.00, 1.00
70.00, 69.00, 65.00, 1.00, 0.00
71.00, 49.00, 53.00, 1.00, 1.00
71.00, 53.00, 55.00, 1.00, 1.00
71.00, 59.00, 59.00, 1.00, 1.00
71.00, 68.00, 64.00, 0.50, 0.00
71.50, 69.00, 65.00, 0.50, 0.00
72.00, 42.00, 49.00, 1.00, 1.00
72.00, 66.00, 63.00, 1.50, 0.00
73.00, 49.00, 53.00, 1.00, 1.00
73.00, 54.00, 56.00, 1.00, 1.00
73.00, 57.00, 58.00, 1.00, 1.00
73.00, 61.00, 60.00, 1.00, 1.00
73.50, 68.00, 64.00, 0.50, 0.00
74.00, 49.00, 53.00, 1.00, 1.00
74.00, 54.00, 56.00, 1.00, 1.00
74.00, 57.00, 58.00, 1.00, 1.00
74.00, 61.00, 60.00, 1.00, 1.00
74.00, 69.00, 65.00, 0.50, 0.00
74.50, 72.00, 66.00, 0.50, 0.00
75.00, 42.00, 49.00, 1.00, 1.00
75.00, 74.00, 68.00, 0.33, 0.00
75.33, 76.00, 69.00, 0.33, 0.00
75.67, 74.00, 68.00, 0.33, 0.00
76.00, 57.00, 58.00, 1.00, 1.00
76.00, 61.00, 60.00, 1.00, 1.00
76.00, 66.00, 63.00, 1.00, 1.00
76.00, 73.00, 67.00, 1.00, 0.00
77.00, 57.00, 58.00, 1.00, 1.00
77.00, 61.00, 60.00, 1.00, 1.00
77.00, 66.00, 63.00, 1.00, 1.00
77.00, 78.00, 70.00, 1.00, 0.00
78.00, 47.00, 52.00, 1.00, 1.00
78.00, 73.00, 67.00, 0.33, 0.00
78.33, 74.00, 68.00, 0.33, 0.00
78.67, 73.00, 67.00, 0.33, 0.00
79.00, 54.00, 56.00, 1.00, 1.00
79.00, 64.00, 62.00, 1.00, 1.00
79.00, 72.00, 67.00, 1.00, 0.00
80.00, 54.00, 56.00, 1.00, 1.00
80.00, 62.00, 61.00, 1.00, 1.00
80.00, 71.00, 66.00, 1.00, 0.00
80.00, 78.00, 70.00, 1.00, 0.00
81.00, 42.00, 49.00, 1.00, 1.00
81.00, 71.00, 66.00, 0.33, 0.00
81.33, 73.00, 67.00, 0.33, 0.00
81.67, 71.00, 66.00, 0.33, 0.00
82.00, 54.00, 56.00, 1.00, 1.00
82.00, 61.00, 60.00, 1.00, 1.00
82.00, 70.00, 65.00, 1.00, 0.00
83.00, 54.00, 56.00, 1.00, 1.00
83.00, 61.00, 60.00, 1.00, 1.00
83.00, 69.00, 65.00, 1.00, 0.00
83.00, 73.00, 67.00, 1.00, 0.00
84.00, 49.00, 53.00, 1.00, 1.00
84.00, 69.00, 65.00, 0.33, 0.00
84.33, 71.00, 66.00, 0.33, 0.00
84.67, 69.00, 65.00, 0.33, 0.00
85.00, 53.00, 55.00, 1.00, 1.00
85.00, 61.00, 60.00, 1.00, 1.00
85.00, 68.00, 64.00, 1.00, 0.00
86.00, 53.00, 55.00, 1.00, 1.00
86.00, 59.00, 59.00, 1.00, 1.00
86.00, 61.00, 60.00, 1.00, 0.00
86.00, 73.00, 67.00, 1.00, 0.00
87.00, 42.00, 49.00, 1.00, 1.00
87.00, 68.00, 64.00, 0.33, 0.00
87.33, 69.00, 65.00, 0.33, 0.00
87.67, 68.00, 64.00, 0.33, 0.00
88.00, 57.00, 58.00, 1.00, 1.00
88.00, 67.00, 64.00, 1.00, 0.00
89.00, 51.00, 54.00, 1.00, 1.00
89.00, 57.00, 58.00, 1.00, 1.00
89.00, 61.00, 60.00, 1.00, 1.00
89.00, 66.00, 63.00, 1.00, 0.00
89.00, 73.00, 67.00, 1.00, 0.00
90.00, 44.00, 50.00, 1.00, 1.00
90.00, 66.00, 63.00, 0.33, 0.00
90.33, 68.00, 64.00, 0.33, 0.00
90.67, 66.00, 63.00, 0.33, 0.00
91.00, 56.00, 57.00, 1.00, 1.00
91.00, 65.00, 63.00, 0.50, 0.00
91.50, 64.00, 62.00, 0.50, 0.00
91.50, 68.00, 64.00, 1.00, 0.00
92.00, 54.00, 56.00, 1.00, 1.00
92.00, 56.00, 57.00, 1.00, 1.00
92.00, 60.00, 59.00, 1.00, 1.00
92.00, 63.00, 61.00, 0.50, 0.00
92.50, 68.00, 64.00, 2.00, 0.00
93.00, 37.00, 46.00, 1.00, 1.00
93.00, 61.00, 60.00, 0.50, 0.00
93.50, 62.00, 61.00, 0.50, 0.00
94.00, 49.00, 53.00, 1.00, 1.00
94.00, 53.00, 55.00, 1.00, 1.00
94.00, 59.00, 59.00, 1.00, 1.00
94.00, 61.00, 60.00, 0.50, 0.00
94.50, 62.00, 61.00, 0.50, 0.00
94.50, 71.00, 66.00, 0.50, 0.00
95.00, 49.00, 53.00, 1.00, 1.00
95.00, 56.00, 57.00, 1.00, 1.00
95.00, 59.00, 59.00, 1.00, 1.00
95.00, 61.00, 60.00, 0.50, 0.00
95.00, 69.00, 65.00, 0.50, 0.00
95.50, 65.00, 62.00, 0.50, 0.00
95.50, 68.00, 64.00, 0.50, 0.00
96.00, 42.00, 49.00, 1.00, 1.00
96.00, 66.00, 63.00, 1.00, 0.00
97.00, 49.00, 53.00, 1.00, 1.00
97.00, 57.00, 58.00, 1.00, 1.00
97.00, 61.00, 60.00, 1.00, 1.00
97.00, 68.00, 64.00, 0.50, 0.00
97.50, 66.00, 63.00, 0.50, 0.00
98.00, 49.00, 53.00, 1.00, 1.00
98.00, 57.00, 58.00, 1.00, 1.00
98.00, 61.00, 60.00, 1.00, 1.00
98.00, 69.00, 65.00, 0.50, 0.00
98.50, 72.00, 66.00, 0.50, 0.00
99.00, 42.00, 49.00, 1.00, 1.00
99.00, 74.00, 68.00, 0.33, 0.00
99.33, 76.00, 69.00, 0.33, 0.00
99.67, 74.00, 68.00, 0.33, 0.00
100.00, 54.00, 56.00, 1.00, 1.00
100.00, 58.00, 58.00, 1.00, 1.00
100.00, 64.00, 62.00, 1.00, 1.00
100.00, 73.00, 67.00, 1.00, 0.00
101.00, 54.00, 56.00, 1.00, 1.00
101.00, 58.00, 58.00, 1.00, 1.00
101.00, 64.00, 62.00, 1.00, 1.00
101.00, 66.00, 63.00, 1.00, 0.00
101.00, 78.00, 70.00, 1.00, 0.00
102.00, 47.00, 52.00, 1.00, 1.00
102.00, 73.00, 67.00, 0.33, 0.00
102.33, 74.00, 68.00, 0.33, 0.00
102.67, 73.00, 67.00, 0.33, 0.00
103.00, 54.00, 56.00, 1.00, 1.00
103.00, 64.00, 62.00, 1.00, 1.00
103.00, 72.00, 67.00, 1.00, 0.00
104.00, 54.00, 56.00, 1.00, 1.00
104.00, 62.00, 61.00, 1.00, 1.00
104.00, 71.00, 66.00, 1.00, 0.00
104.00, 78.00, 70.00, 1.00, 0.00
105.00, 42.00, 49.00, 1.00, 1.00
105.00, 71.00, 66.00, 0.33, 0.00
105.33, 73.00, 67.00, 0.33, 0.00
105.67, 71.00, 66.00, 0.33, 0.00
106.00, 54.00, 56.00, 1.00, 1.00
106.00, 61.00, 60.00, 1.00, 1.00
106.00, 70.00, 65.00, 1.00, 0.00
107.00, 54.00, 56.00, 1.00, 1.00
107.00, 61.00, 60.00, 1.00, 1.00
107.00, 69.00, 65.00, 1.00, 0.00
107.00, 73.00, 67.00, 1.00, 0.00
108.00, 50.00, 54.00, 3.00, 1.00
108.00, 66.00, 63.00, 1.50, 0.00
109.00, 54.00, 56.00, 1.00, 1.00
109.00, 61.00, 60.00, 1.00, 1.00
109.50, 68.00, 64.00, 0.50, 0.00
110.00, 54.00, 56.00, 1.00, 1.00
110.00, 59.00, 59.00, 1.00, 1.00
110.00, 69.00, 65.00, 0.50, 0.00
110.50, 71.00, 66.00, 0.50, 0.00
111.00, 49.00, 53.00, 3.00, 1.00
111.00, 69.00, 65.00, 0.33, 0.00
111.33, 71.00, 66.00, 0.33, 0.00
111.67, 69.00, 65.00, 0.33, 0.00
112.00, 54.00, 56.00, 1.00, 1.00
112.00, 59.00, 59.00, 2.00, 1.00
112.00, 68.00, 64.00, 1.00, 0.00
113.00, 53.00, 55.00, 1.00, 1.00
113.00, 73.00, 67.00, 1.00, 0.00
114.00, 50.00, 54.00, 3.00, 1.00
114.00, 66.00, 63.00, 1.50, 0.00
115.00, 54.00, 56.00, 1.00, 1.00
115.00, 61.00, 60.00, 1.00, 1.00
115.50, 68.00, 64.00, 0.50, 0.00
116.00, 54.00, 56.00, 1.00, 1.00
116.00, 59.00, 59.00, 1.00, 1.00
116.00, 69.00, 65.00, 0.50, 0.00
116.50, 71.00, 66.00, 0.50, 0.00
117.00, 49.00, 53.00, 3.00, 1.00
117.00, 69.00, 65.00, 0.33, 0.00
117.33, 71.00, 66.00, 0.33, 0.00
117.67, 69.00, 65.00, 0.33, 0.00
118.00, 54.00, 56.00, 1.00, 1.00
118.00, 59.00, 59.00, 2.00, 1.00
118.00, 68.00, 64.00, 1.00, 0.00
119.00, 53.00, 55.00, 1.00, 1.00
119.00, 73.00, 67.00, 1.00, 0.00
120.00, 50.00, 54.00, 3.00, 1.00
120.00, 66.00, 63.00, 1.50, 0.00
121.00, 54.00, 56.00, 1.00, 1.00
121.00, 61.00, 60.00, 1.00, 1.00
121.50, 68.00, 64.00, 0.50, 0.00
122.00, 54.00, 56.00, 1.00, 1.00
122.00, 59.00, 59.00, 1.00, 1.00
122.00, 69.00, 65.00, 0.50, 0.00
122.50, 71.00, 66.00, 0.50, 0.00
123.00, 35.00, 45.00, 1.00, 1.00
123.00, 73.00, 67.00, 0.50, 0.00
123.50, 76.00, 69.00, 0.50, 0.00
124.00, 56.00, 57.00, 1.00, 1.00
124.00, 59.00, 59.00, 1.00, 1.00
124.00, 62.00, 61.00, 1.00, 1.00
124.00, 66.00, 63.00, 1.00, 1.00
124.00, 74.00, 68.00, 1.50, 0.00
125.50, 66.00, 63.00, 0.50, 0.00
126.00, 66.00, 63.00, 0.50, 0.00
126.50, 65.00, 62.00, 0.50, 0.00
127.00, 37.00, 46.00, 1.00, 1.00
127.00, 69.00, 65.00, 1.50, 0.00
128.00, 49.00, 53.00, 2.00, 1.00
128.00, 59.00, 59.00, 1.00, 0.00
128.00, 65.00, 62.00, 1.00, 0.00
128.50, 68.00, 64.00, 0.50, 0.00
129.00, 59.00, 59.00, 1.00, 1.00
129.00, 65.00, 62.00, 1.00, 1.00
129.00, 70.00, 65.00, 0.50, 0.00
129.50, 71.00, 66.00, 0.50, 0.00
130.00, 72.00, 66.00, 0.50, 0.00
130.50, 73.00, 67.00, 1.00, 0.00
131.00, 77.00, 69.00, 0.50, 0.00
131.50, 71.00, 66.00, 0.50, 0.00
131.50, 75.00, 68.00, 0.50, 0.00
132.00, 42.00, 49.00, 1.00, 1.00
132.00, 70.00, 65.00, 1.50, 0.00
132.00, 73.00, 67.00, 1.50, 0.00
133.00, 49.00, 53.00, 1.00, 1.00
133.50, 69.00, 64.00, 0.50, 0.00
133.50, 72.00, 66.00, 0.50, 0.00
134.00, 51.00, 54.00, 1.00, 1.00
134.00, 61.00, 60.00, 0.50, 0.00
134.75, 68.00, 64.00, 0.75, 0.00
135.00, 53.00, 55.00, 1.00, 1.00
135.00, 71.00, 66.00, 0.50, 0.00
135.50, 66.00, 63.00, 0.50, 0.00
135.50, 70.00, 65.00, 0.50, 0.00
136.00, 54.00, 56.00, 1.00, 1.00
136.00, 61.00, 60.00, 0.50, 0.00
136.75, 66.00, 63.00, 0.25, 0.00
136.75, 70.00, 65.00, 0.25, 0.00
137.00, 61.00, 60.00, 1.00, 1.00
137.00, 64.00, 62.00, 1.00, 0.00
137.00, 70.00, 65.00, 1.00, 0.00
138.00, 63.00, 61.00, 1.50, 0.00
138.00, 66.00, 63.00, 1.50, 0.00
139.00, 47.00, 52.00, 1.00, 1.00
139.50, 71.00, 66.00, 0.50, 0.00
139.50, 75.00, 68.00, 0.50, 0.00
140.00, 54.00, 56.00, 1.00, 1.00
140.00, 59.00, 59.00, 1.00, 1.00
140.00, 63.00, 61.00, 1.00, 1.00
140.00, 66.00, 63.00, 0.50, 0.00
140.75, 73.00, 67.00, 0.75, 0.00
141.00, 35.00, 45.00, 1.00, 1.00
141.00, 77.00, 69.00, 0.50, 0.00
141.50, 75.00, 68.00, 0.50, 0.00
141.50, 78.00, 70.00, 0.50, 0.00
142.00, 54.00, 56.00, 1.00, 1.00
142.00, 63.00, 61.00, 1.00, 1.00
142.00, 66.00, 63.00, 0.50, 0.00
142.50, 75.00, 68.00, 0.17, 0.00
142.50, 78.00, 70.00, 0.17, 0.00
142.67, 80.00, 71.00, 0.17, 0.00
142.83, 78.00, 70.00, 0.17, 0.00
143.00, 54.00, 56.00, 1.00, 1.00
143.00, 66.00, 63.00, 1.00, 1.00
143.00, 73.00, 67.00, 0.50, 0.00
143.00, 77.00, 69.00, 0.50, 0.00
143.50, 71.00, 66.00, 0.50, 0.00
143.50, 75.00, 68.00, 0.50, 0.00
144.00, 42.00, 49.00, 1.00, 1.00
144.00, 70.00, 65.00, 1.50, 0.00
144.00, 73.00, 67.00, 1.50, 0.00
145.00, 49.00, 53.00, 1.00, 1.00
145.50, 69.00, 64.00, 0.50, 0.00
145.50, 72.00, 66.00, 0.50, 0.00
146.00, 51.00, 54.00, 1.00, 1.00
146.00, 61.00, 60.00, 0.50, 0.00
146.75, 68.00, 64.00, 0.75, 0.00
147.00, 53.00, 55.00, 1.00, 1.00
147.00, 71.00, 66.00, 0.50, 0.00
147.50, 66.00, 63.00, 0.50, 0.00
147.50, 70.00, 65.00, 0.50, 0.00
148.00, 54.00, 56.00, 1.00, 1.00
148.00, 61.00, 60.00, 0.50, 0.00
148.75, 66.00, 63.00, 0.25, 0.00
148.75, 70.00, 65.00, 0.25, 0.00
149.00, 61.00, 60.00, 1.00, 1.00
149.00, 63.00, 61.00, 1.00, 0.00
149.00, 69.00, 65.00, 1.00, 0.00
150.00, 60.00, 59.00, 1.50, 0.00
150.00, 66.00, 63.00, 1.50, 0.00
150.00, 68.00, 64.00, 1.50, 0.00
151.00, 44.00, 50.00, 1.00, 1.00
151.50, 72.00, 66.00, 0.50, 0.00
152.00, 56.00, 57.00, 1.00, 1.00
152.00, 58.00, 58.00, 1.00, 1.00
152.00, 66.00, 63.00, 0.50, 0.00
152.00, 68.00, 64.00, 0.50, 0.00
152.75, 73.00, 67.00, 0.25, 0.00
153.00, 56.00, 57.00, 1.00, 1.00
153.00, 59.00, 59.00, 1.00, 1.00
153.00, 74.00, 67.00, 0.50, 0.00
153.50, 75.00, 68.00, 0.50, 0.00
154.00, 56.00, 57.00, 1.00, 1.00
154.00, 60.00, 59.00, 1.00, 1.00
154.00, 66.00, 63.00, 0.50, 0.00
154.00, 68.00, 64.00, 0.50, 0.00
154.50, 78.00, 70.00, 0.50, 0.00
155.00, 49.00, 53.00, 1.00, 1.00
155.00, 56.00, 57.00, 1.00, 1.00
155.00, 61.00, 60.00, 1.00, 1.00
155.00, 65.00, 62.00, 0.50, 0.00
155.00, 77.00, 69.00, 0.50, 0.00
155.75, 70.00, 65.00, 0.25, 0.00
156.00, 44.00, 50.00, 1.00, 1.00
156.00, 70.00, 65.00, 1.00, 0.00
157.00, 56.00, 57.00, 1.00, 1.00
157.00, 63.00, 61.00, 1.00, 1.00
157.00, 66.00, 63.00, 1.00, 0.00
157.00, 70.00, 65.00, 0.33, 0.00
157.33, 72.00, 66.00, 0.33, 0.00
157.67, 70.00, 65.00, 0.33, 0.00
158.00, 56.00, 57.00, 1.00, 1.00
158.00, 58.00, 58.00, 1.00, 1.00
158.00, 66.00, 63.00, 0.50, 0.00
158.00, 68.00, 64.00, 0.50, 0.00
158.75, 73.00, 67.00, 0.25, 0.00
159.00, 56.00, 57.00, 1.00, 1.00
159.00, 59.00, 59.00, 1.00, 1.00
159.00, 74.00, 67.00, 0.50, 0.00
159.50, 75.00, 68.00, 0.50, 0.00
160.00, 56.00, 57.00, 1.00, 1.00
160.00, 60.00, 59.00, 1.00, 1.00
160.00, 66.00, 63.00, 1.00, 0.00
160.00, 68.00, 64.00, 0.50, 0.00
160.50, 78.00, 70.00, 0.50, 0.00
161.00, 49.00, 53.00, 1.00, 1.00
161.00, 56.00, 57.00, 1.00, 1.00
161.00, 61.00, 60.00, 1.00, 1.00
161.00, 65.00, 62.00, 0.50, 0.00
161.00, 77.00, 69.00, 0.50, 0.00
161.75, 71.00, 66.00, 0.25, 0.00
161.75, 75.00, 68.00, 0.25, 0.00
162.00, 42.00, 49.00, 1.00, 1.00
162.00, 71.00, 66.00, 1.50, 0.00
162.00, 75.00, 68.00, 1.50, 0.00
163.00, 49.00, 53.00, 1.00, 1.00
163.50, 70.00, 65.00, 0.50, 0.00
163.50, 73.00, 67.00, 0.50, 0.00
164.00, 51.00, 54.00, 1.00, 1.00
164.00, 61.00, 60.00, 0.50, 0.00
164.75, 69.00, 64.00, 0.75, 0.00
165.00, 53.00, 55.00, 1.00, 1.00
165.00, 72.00, 66.00, 0.50, 0.00
165.50, 68.00, 64.00, 0.50, 0.00
165.50, 71.00, 66.00, 0.50, 0.00
166.00, 54.00, 56.00, 1.00, 1.00
166.00, 61.00, 60.00, 0.50, 0.00
166.75, 66.00, 63.00, 0.25, 0.00
166.75, 70.00, 65.00, 0.25, 0.00
167.00, 61.00, 60.00, 1.00, 1.00
167.00, 64.00, 62.00, 1.00, 0.00
167.00, 70.00, 65.00, 1.00, 0.00
168.00, 63.00, 61.00, 1.50, 0.00
168.00, 66.00, 63.00, 1.50, 0.00
169.00, 47.00, 52.00, 1.00, 1.00
169.50, 71.00, 66.00, 0.50, 0.00
169.50, 75.00, 68.00, 0.50, 0.00
170.00, 54.00, 56.00, 1.00, 1.00
170.00, 63.00, 61.00, 1.00, 1.00
170.00, 66.00, 63.00, 0.50, 0.00
170.75, 73.00, 67.00, 0.75, 0.00
171.00, 35.00, 45.00, 1.00, 1.00
171.00, 77.00, 69.00, 0.50, 0.00
171.50, 75.00, 68.00, 0.50, 0.00
171.50, 78.00, 70.00, 0.50, 0.00
172.00, 54.00, 56.00, 1.00, 1.00
172.00, 63.00, 61.00, 1.00, 1.00
172.00, 66.00, 63.00, 0.50, 0.00
172.50, 75.00, 68.00, 0.17, 0.00
172.50, 78.00, 70.00, 0.17, 0.00
172.67, 80.00, 71.00, 0.17, 0.00
172.83, 78.00, 70.00, 0.17, 0.00
173.00, 54.00, 56.00, 1.00, 1.00
173.00, 66.00, 63.00, 1.00, 1.00
173.00, 73.00, 67.00, 0.50, 0.00
173.00, 77.00, 69.00, 0.50, 0.00
173.50, 71.00, 66.00, 0.50, 0.00
173.50, 75.00, 68.00, 0.50, 0.00
174.00, 42.00, 49.00, 1.00, 1.00
174.00, 70.00, 65.00, 1.50, 0.00
174.00, 73.00, 67.00, 1.50, 0.00
175.00, 49.00, 53.00, 1.00, 1.00
175.50, 69.00, 64.00, 0.50, 0.00
175.50, 72.00, 66.00, 0.50, 0.00
176.00, 51.00, 54.00, 1.00, 1.00
176.00, 61.00, 60.00, 0.50, 0.00
176.75, 68.00, 64.00, 0.75, 0.00
177.00, 53.00, 55.00, 1.00, 1.00
177.00, 71.00, 66.00, 0.50, 0.00
177.50, 66.00, 63.00, 0.50, 0.00
177.50, 70.00, 65.00, 0.50, 0.00
178.00, 54.00, 56.00, 1.00, 1.00
178.00, 61.00, 60.00, 0.50, 0.00
178.75, 66.00, 63.00, 0.25, 0.00
178.75, 70.00, 65.00, 0.25, 0.00
179.00, 61.00, 60.00, 1.00, 1.00
179.00, 63.00, 61.00, 1.00, 0.00
179.00, 69.00, 65.00, 1.00, 0.00
180.00, 60.00, 59.00, 1.50, 0.00
180.00, 66.00, 63.00, 1.50, 0.00
180.00, 68.00, 64.00, 1.50, 0.00
181.00, 44.00, 50.00, 1.00, 1.00
181.75, 72.00, 66.00, 0.25, 0.00
182.00, 56.00, 57.00, 1.00, 1.00
182.00, 58.00, 58.00, 1.00, 1.00
182.00, 66.00, 63.00, 0.50, 0.00
182.00, 68.00, 64.00, 0.50, 0.00
182.75, 73.00, 67.00, 0.25, 0.00
183.00, 56.00, 57.00, 1.00, 1.00
183.00, 59.00, 59.00, 1.00, 1.00
183.00, 74.00, 67.00, 0.50, 0.00
183.50, 75.00, 68.00, 0.50, 0.00
184.00, 56.00, 57.00, 1.00, 1.00
184.00, 60.00, 59.00, 1.00, 1.00
184.00, 66.00, 63.00, 1.00, 0.00
184.00, 68.00, 64.00, 0.50, 0.00
184.50, 78.00, 70.00, 0.50, 0.00
185.00, 49.00, 53.00, 1.00, 1.00
185.00, 56.00, 57.00, 1.00, 1.00
185.00, 61.00, 60.00, 1.00, 1.00
185.00, 65.00, 62.00, 0.50, 0.00
185.00, 77.00, 69.00, 0.50, 0.00
185.75, 70.00, 65.00, 0.25, 0.00
186.00, 44.00, 50.00, 1.00, 1.00
186.00, 70.00, 65.00, 1.33, 0.00
187.00, 56.00, 57.00, 1.00, 1.00
187.00, 63.00, 61.00, 1.00, 1.00
187.00, 66.00, 63.00, 1.00, 0.00
187.33, 72.00, 66.00, 0.33, 0.00
187.67, 70.00, 65.00, 0.33, 0.00
188.00, 56.00, 57.00, 1.00, 1.00
188.00, 58.00, 58.00, 1.00, 1.00
188.00, 66.00, 63.00, 0.50, 0.00
188.00, 68.00, 64.00, 0.50, 0.00
188.75, 73.00, 67.00, 0.25, 0.00
189.00, 56.00, 57.00, 1.00, 1.00
189.00, 59.00, 59.00, 1.00, 1.00
189.00, 74.00, 67.00, 0.50, 0.00
189.50, 75.00, 68.00, 0.50, 0.00
190.00, 56.00, 57.00, 1.00, 1.00
190.00, 60.00, 59.00, 1.00, 1.00
190.00, 66.00, 63.00, 1.00, 0.00
190.00, 68.00, 64.00, 0.50, 0.00
190.50, 78.00, 70.00, 0.50, 0.00
191.00, 49.00, 53.00, 0.50, 1.00
191.00, 56.00, 57.00, 0.50, 1.00
191.00, 61.00, 60.00, 0.50, 1.00
191.00, 65.00, 62.00, 0.50, 0.00
191.00, 77.00, 69.00, 0.50, 0.00
191.50, 47.00, 52.00, 0.50, 1.00
192.00, 46.00, 51.00, 1.00, 1.00
192.00, 80.00, 71.00, 1.50, 0.00
193.00, 58.00, 58.00, 1.00, 1.00
193.00, 68.00, 64.00, 1.00, 0.00
193.00, 74.00, 67.00, 1.00, 0.00
193.50, 79.00, 70.00, 0.50, 0.00
194.00, 51.00, 54.00, 1.00, 1.00
194.00, 58.00, 58.00, 1.00, 1.00
194.00, 63.00, 61.00, 1.00, 1.00
194.00, 67.00, 63.00, 1.00, 0.00
194.00, 73.00, 67.00, 1.00, 0.00
194.00, 75.00, 68.00, 0.50, 0.00
194.50, 77.00, 69.00, 0.50, 0.00
195.00, 44.00, 50.00, 1.00, 1.00
195.00, 78.00, 70.00, 0.33, 0.00
195.33, 80.00, 71.00, 0.33, 0.00
195.67, 78.00, 70.00, 0.33, 0.00
196.00, 56.00, 57.00, 1.00, 1.00
196.00, 66.00, 63.00, 1.00, 0.00
196.00, 72.00, 66.00, 1.00, 0.00
196.00, 77.00, 69.00, 0.50, 0.00
196.50, 75.00, 68.00, 0.50, 0.00
197.00, 49.00, 53.00, 1.00, 1.00
197.00, 56.00, 57.00, 1.00, 1.00
197.00, 61.00, 60.00, 1.00, 1.00
197.00, 65.00, 62.00, 1.00, 0.00
197.00, 71.00, 66.00, 1.00, 0.00
197.00, 77.00, 69.00, 0.50, 0.00
197.50, 73.00, 67.00, 0.50, 0.00
198.00, 42.00, 49.00, 1.00, 1.00
198.00, 76.00, 69.00, 1.50, 0.00
199.00, 54.00, 56.00, 1.00, 1.00
199.00, 64.00, 62.00, 1.00, 0.00
199.00, 70.00, 65.00, 1.00, 0.00
199.50, 75.00, 68.00, 0.50, 0.00
200.00, 47.00, 52.00, 1.00, 1.00
200.00, 54.00, 56.00, 1.00, 1.00
200.00, 59.00, 59.00, 1.00, 1.00
200.00, 63.00, 61.00, 1.00, 0.00
200.00, 70.00, 65.00, 1.00, 0.00
200.00, 71.00, 66.00, 0.50, 0.00
200.50, 73.00, 67.00, 0.50, 0.00
201.00, 40.00, 48.00, 1.00, 1.00
201.00, 74.00, 68.00, 0.33, 0.00
201.33, 76.00, 69.00, 0.33, 0.00
201.67, 74.00, 68.00, 0.33, 0.00
202.00, 52.00, 55.00, 1.00, 1.00
202.00, 62.00, 61.00, 1.00, 0.00
202.00, 68.00, 64.00, 1.00, 0.00
202.00, 73.00, 67.00, 0.50, 0.00
202.50, 72.00, 66.00, 0.50, 0.00
203.00, 45.00, 51.00, 1.00, 1.00
203.00, 52.00, 55.00, 1.00, 1.00
203.00, 57.00, 58.00, 1.00, 1.00
203.00, 61.00, 60.00, 1.00, 0.00
203.00, 69.00, 65.00, 1.00, 0.00
203.00, 73.00, 67.00, 1.00, 0.00
204.00, 39.00, 47.00, 1.00, 1.00
204.00, 73.00, 67.00, 1.50, 0.00
205.00, 51.00, 54.00, 1.00, 1.00
205.00, 61.00, 60.00, 1.00, 0.00
205.00, 67.00, 63.00, 1.00, 0.00
205.50, 72.00, 66.00, 0.50, 0.00
206.00, 44.00, 50.00, 1.00, 1.00
206.00, 51.00, 54.00, 1.00, 1.00
206.00, 56.00, 57.00, 1.00, 1.00
206.00, 60.00, 59.00, 1.00, 0.00
206.00, 66.00, 63.00, 1.00, 0.00
206.00, 68.00, 64.00, 0.50, 0.00
206.50, 70.00, 65.00, 0.50, 0.00
207.00, 37.00, 46.00, 1.00, 1.00
207.00, 71.00, 66.00, 0.33, 0.00
207.33, 73.00, 67.00, 0.33, 0.00
207.67, 71.00, 66.00, 0.33, 0.00
208.00, 49.00, 53.00, 1.00, 1.00
208.00, 59.00, 59.00, 1.00, 0.00
208.00, 65.00, 62.00, 1.00, 0.00
208.00, 70.00, 65.00, 0.50, 0.00
208.50, 68.00, 64.00, 0.50, 0.00
209.00, 42.00, 49.00, 1.00, 1.00
209.00, 49.00, 53.00, 1.00, 1.00
209.00, 54.00, 56.00, 1.00, 1.00
209.00, 58.00, 58.00, 1.00, 0.00
209.00, 70.00, 65.00, 0.50, 0.00
209.50, 66.00, 63.00, 0.50, 0.00
210.00, 47.00, 52.00, 1.00, 1.00
210.00, 54.00, 56.00, 1.00, 1.00
210.00, 59.00, 59.00, 1.00, 0.00
210.00, 63.00, 61.00, 1.00, 0.00
211.00, 47.00, 52.00, 1.00, 1.00
211.00, 54.00, 56.00, 1.00, 1.00
211.00, 63.00, 61.00, 1.00, 0.00
211.00, 66.00, 63.00, 0.50, 0.00
211.50, 68.00, 64.00, 0.50, 0.00
212.00, 42.00, 49.00, 1.00, 1.00
212.00, 54.00, 56.00, 1.00, 1.00
212.00, 63.00, 61.00, 1.00, 0.00
212.00, 70.00, 65.00, 0.50, 0.00
212.50, 71.00, 66.00, 0.50, 0.00
213.00, 47.00, 52.00, 1.00, 1.00
213.00, 54.00, 56.00, 1.00, 1.00
213.00, 63.00, 61.00, 1.00, 0.00
213.33, 73.00, 67.00, 0.33, 0.00
213.67, 71.00, 66.00, 0.33, 0.00
214.00, 49.00, 53.00, 1.00, 1.00
214.00, 54.00, 56.00, 1.00, 1.00
214.00, 61.00, 60.00, 1.00, 0.00
214.00, 70.00, 65.00, 0.50, 0.00
214.50, 68.00, 64.00, 0.50, 0.00
215.00, 42.00, 49.00, 1.00, 1.00
215.00, 54.00, 56.00, 1.00, 1.00
215.00, 61.00, 60.00, 1.00, 0.00
215.00, 70.00, 65.00, 0.50, 0.00
215.50, 66.00, 63.00, 0.50, 0.00
216.00, 47.00, 52.00, 1.00, 1.00
216.00, 54.00, 56.00, 1.00, 1.00
216.00, 63.00, 61.00, 1.00, 0.00
216.50, 65.00, 62.00, 0.50, 0.00
217.00, 47.00, 52.00, 1.00, 1.00
217.00, 54.00, 56.00, 1.00, 1.00
217.00, 63.00, 61.00, 1.00, 0.00
217.00, 66.00, 63.00, 0.50, 0.00
217.50, 68.00, 64.00, 0.50, 0.00
218.00, 42.00, 49.00, 1.00, 1.00
218.00, 54.00, 56.00, 1.00, 1.00
218.00, 63.00, 61.00, 1.00, 0.00
218.00, 70.00, 65.00, 0.50, 0.00
218.50, 71.00, 66.00, 0.50, 0.00
219.00, 47.00, 52.00, 1.00, 1.00
219.00, 54.00, 56.00, 1.00, 1.00
219.00, 63.00, 61.00, 1.00, 0.00
219.33, 73.00, 67.00, 0.33, 0.00
219.67, 71.00, 66.00, 0.33, 0.00
220.00, 47.00, 52.00, 1.00, 1.00
220.00, 53.00, 55.00, 1.00, 1.00
220.00, 63.00, 61.00, 1.00, 0.00
220.00, 70.00, 65.00, 0.50, 0.00
220.50, 68.00, 64.00, 0.50, 0.00
221.00, 46.00, 51.00, 1.00, 1.00
221.00, 53.00, 55.00, 1.00, 1.00
221.00, 62.00, 60.00, 1.00, 0.00
221.00, 70.00, 65.00, 1.00, 0.00
222.00, 34.00, 44.00, 1.00, 1.00
222.00, 80.00, 71.00, 1.50, 0.00
223.00, 58.00, 58.00, 1.00, 1.00
223.00, 68.00, 64.00, 1.00, 0.00
223.00, 74.00, 67.00, 1.00, 0.00
223.50, 79.00, 70.00, 0.50, 0.00
224.00, 51.00, 54.00, 1.00, 1.00
224.00, 58.00, 58.00, 1.00, 1.00
224.00, 63.00, 61.00, 1.00, 1.00
224.00, 67.00, 63.00, 1.00, 0.00
224.00, 73.00, 67.00, 1.00, 0.00
224.00, 75.00, 68.00, 0.50, 0.00
224.50, 77.00, 69.00, 0.50, 0.00
225.00, 46.00, 51.00, 1.00, 1.00
225.00, 58.00, 58.00, 1.00, 1.00
225.00, 66.00, 63.00, 1.00, 0.00
225.00, 73.00, 67.00, 1.00, 0.00
225.00, 78.00, 70.00, 0.33, 0.00
225.33, 80.00, 71.00, 0.33, 0.00
225.67, 78.00, 70.00, 0.33, 0.00
226.00, 44.00, 50.00, 1.00, 1.00
226.00, 56.00, 57.00, 1.00, 1.00
226.00, 66.00, 63.00, 1.00, 0.00
226.00, 72.00, 66.00, 1.00, 0.00
226.00, 77.00, 69.00, 0.50, 0.00
226.50, 75.00, 68.00, 0.50, 0.00
227.00, 49.00, 53.00, 1.00, 1.00
227.00, 56.00, 57.00, 1.00, 1.00
227.00, 61.00, 60.00, 1.00, 1.00
227.00, 65.00, 62.00, 1.00, 0.00
227.00, 71.00, 66.00, 1.00, 0.00
227.00, 77.00, 69.00, 0.50, 0.00
227.50, 73.00, 67.00, 0.50, 0.00
228.00, 44.00, 50.00, 1.00, 1.00
228.00, 56.00, 57.00, 1.00, 1.00
228.00, 64.00, 62.00, 1.00, 0.00
228.00, 71.00, 66.00, 1.00, 0.00
228.00, 76.00, 69.00, 1.50, 0.00
229.00, 42.00, 49.00, 1.00, 1.00
229.00, 54.00, 56.00, 1.00, 1.00
229.00, 64.00, 62.00, 1.00, 0.00
229.00, 70.00, 65.00, 1.00, 0.00
229.50, 75.00, 68.00, 0.50, 0.00
230.00, 47.00, 52.00, 1.00, 1.00
230.00, 54.00, 56.00, 1.00, 1.00
230.00, 59.00, 59.00, 1.00, 1.00
230.00, 63.00, 61.00, 1.00, 0.00
230.00, 69.00, 65.00, 1.00, 0.00
230.00, 71.00, 66.00, 0.50, 0.00
230.50, 73.00, 67.00, 0.50, 0.00
231.00, 42.00, 49.00, 1.00, 1.00
231.00, 54.00, 56.00, 1.00, 1.00
231.00, 62.00, 61.00, 1.00, 0.00
231.00, 69.00, 65.00, 1.00, 0.00
231.00, 74.00, 68.00, 0.33, 0.00
231.33, 76.00, 69.00, 0.33, 0.00
231.67, 74.00, 68.00, 0.33, 0.00
232.00, 40.00, 48.00, 1.00, 1.00
232.00, 52.00, 55.00, 1.00, 1.00
232.00, 62.00, 61.00, 1.00, 0.00
232.00, 68.00, 64.00, 1.00, 0.00
232.00, 73.00, 67.00, 0.50, 0.00
232.50, 72.00, 66.00, 0.50, 0.00
233.00, 45.00, 51.00, 1.00, 1.00
233.00, 52.00, 55.00, 1.00, 1.00
233.00, 57.00, 58.00, 1.00, 1.00
233.00, 61.00, 60.00, 1.00, 0.00
233.00, 69.00, 65.00, 1.00, 0.00
233.00, 73.00, 67.00, 1.00, 0.00
234.00, 40.00, 48.00, 1.00, 1.00
234.00, 52.00, 55.00, 1.00, 1.00
234.00, 61.00, 60.00, 1.00, 0.00
234.00, 68.00, 64.00, 1.00, 0.00
234.00, 73.00, 67.00, 1.50, 0.00
235.00, 39.00, 47.00, 1.00, 1.00
235.00, 51.00, 54.00, 1.00, 1.00
235.00, 61.00, 60.00, 1.00, 0.00
235.00, 67.00, 63.00, 1.00, 0.00
235.50, 72.00, 66.00, 0.50, 0.00
236.00, 44.00, 50.00, 1.00, 1.00
236.00, 51.00, 54.00, 1.00, 1.00
236.00, 56.00, 57.00, 1.00, 1.00
236.00, 60.00, 59.00, 1.00, 0.00
236.00, 66.00, 63.00, 1.00, 0.00
236.00, 68.00, 64.00, 0.50, 0.00
236.50, 70.00, 65.00, 0.50, 0.00
237.00, 39.00, 47.00, 1.00, 1.00
237.00, 51.00, 54.00, 1.00, 1.00
237.00, 66.00, 63.00, 1.00, 0.00
237.00, 71.00, 66.00, 0.33, 0.00
237.33, 73.00, 67.00, 0.33, 0.00
237.67, 71.00, 66.00, 0.33, 0.00
238.00, 37.00, 46.00, 1.00, 1.00
238.00, 49.00, 53.00, 1.00, 1.00
238.00, 59.00, 59.00, 1.00, 0.00
238.00, 65.00, 62.00, 1.00, 0.00
238.00, 70.00, 65.00, 0.50, 0.00
238.50, 68.00, 64.00, 0.50, 0.00
239.00, 42.00, 49.00, 1.00, 1.00
239.00, 49.00, 53.00, 1.00, 1.00
239.00, 54.00, 56.00, 1.00, 1.00
239.00, 58.00, 58.00, 1.00, 0.00
239.00, 70.00, 65.00, 0.50, 0.00
239.50, 66.00, 63.00, 0.50, 0.00
240.00, 47.00, 52.00, 1.00, 1.00
240.00, 54.00, 56.00, 1.00, 1.00
240.00, 59.00, 59.00, 1.00, 0.00
240.00, 63.00, 61.00, 1.00, 0.00
241.00, 47.00, 52.00, 1.00, 1.00
241.00, 54.00, 56.00, 1.00, 1.00
241.00, 63.00, 61.00, 1.00, 0.00
241.00, 66.00, 63.00, 0.50, 0.00
241.50, 68.00, 64.00, 0.50, 0.00
242.00, 42.00, 49.00, 1.00, 1.00
242.00, 54.00, 56.00, 1.00, 1.00
242.00, 63.00, 61.00, 1.00, 0.00
242.00, 70.00, 65.00, 0.50, 0.00
242.50, 71.00, 66.00, 0.50, 0.00
243.00, 47.00, 52.00, 1.00, 1.00
243.00, 54.00, 56.00, 1.00, 1.00
243.00, 63.00, 61.00, 1.00, 0.00
243.33, 73.00, 67.00, 0.33, 0.00
243.67, 71.00, 66.00, 0.33, 0.00
244.00, 49.00, 53.00, 1.00, 1.00
244.00, 54.00, 56.00, 1.00, 1.00
244.00, 61.00, 60.00, 1.00, 0.00
244.00, 70.00, 65.00, 0.50, 0.00
244.50, 68.00, 64.00, 0.50, 0.00
245.00, 42.00, 49.00, 1.00, 1.00
245.00, 54.00, 56.00, 1.00, 1.00
245.00, 61.00, 60.00, 1.00, 0.00
245.00, 70.00, 65.00, 0.50, 0.00
245.50, 66.00, 63.00, 0.50, 0.00
246.00, 47.00, 52.00, 1.00, 1.00
246.00, 54.00, 56.00, 1.00, 1.00
246.00, 63.00, 61.00, 1.00, 0.00
246.50, 65.00, 62.00, 0.50, 0.00
247.00, 47.00, 52.00, 1.00, 1.00
247.00, 54.00, 56.00, 1.00, 1.00
247.00, 63.00, 61.00, 1.00, 0.00
247.00, 66.00, 63.00, 0.50, 0.00
247.50, 68.00, 64.00, 0.50, 0.00
248.00, 42.00, 49.00, 1.00, 1.00
248.00, 54.00, 56.00, 1.00, 1.00
248.00, 63.00, 61.00, 1.00, 0.00
248.00, 70.00, 65.00, 0.50, 0.00
248.50, 71.00, 66.00, 0.50, 0.00
249.00, 42.00, 49.00, 1.00, 1.00
249.00, 54.00, 56.00, 1.00, 1.00
249.00, 63.00, 61.00, 1.00, 0.00
249.33, 73.00, 67.00, 0.33, 0.00
249.67, 71.00, 66.00, 0.33, 0.00
250.00, 47.00, 52.00, 1.00, 1.00
250.00, 54.00, 56.00, 1.00, 1.00
250.00, 63.00, 61.00, 1.00, 0.00
250.00, 70.00, 65.00, 0.50, 0.00
250.50, 68.00, 64.00, 0.50, 0.00
251.00, 42.00, 49.00, 1.00, 1.00
251.00, 54.00, 56.00, 1.00, 1.00
251.00, 61.00, 60.00, 1.00, 0.00
251.00, 70.00, 65.00, 0.50, 0.00
251.50, 66.00, 63.00, 0.50, 0.00
252.00, 47.00, 52.00, 1.00, 1.00
252.00, 54.00, 56.00, 1.00, 1.00
252.00, 63.00, 61.00, 1.00, 0.00
252.00, 70.00, 65.00, 0.50, 0.00
252.50, 68.00, 64.00, 0.50, 0.00
253.00, 42.00, 49.00, 1.00, 1.00
253.00, 54.00, 56.00, 1.00, 1.00
253.00, 61.00, 60.00, 1.00, 0.00
253.00, 70.00, 65.00, 0.50, 0.00
253.50, 66.00, 63.00, 0.50, 0.00
254.00, 47.00, 52.00, 1.00, 1.00
254.00, 54.00, 56.00, 1.00, 1.00
254.00, 63.00, 61.00, 1.00, 0.00
254.00, 70.00, 65.00, 0.50, 0.00
254.50, 68.00, 64.00, 0.50, 0.00
255.00, 42.00, 49.00, 1.00, 1.00
255.00, 54.00, 56.00, 1.00, 1.00
255.00, 61.00, 60.00, 1.00, 0.00
255.00, 70.00, 65.00, 0.50, 0.00
255.50, 66.00, 63.00, 0.50, 0.00
256.00, 47.00, 52.00, 1.00, 1.00
256.00, 54.00, 56.00, 1.00, 1.00
256.00, 63.00, 61.00, 1.00, 0.00
256.00, 70.00, 65.00, 0.50, 0.00
256.50, 68.00, 64.00, 0.50, 0.00
257.00, 42.00, 49.00, 1.00, 1.00
257.00, 54.00, 56.00, 1.00, 1.00
257.00, 61.00, 60.00, 1.00, 0.00
257.00, 70.00, 65.00, 0.50, 0.00
257.50, 66.00, 63.00, 0.50, 0.00
258.00, 47.00, 52.00, 1.00, 1.00
258.00, 54.00, 56.00, 1.00, 1.00
258.00, 63.00, 61.00, 1.00, 0.00
258.00, 69.00, 65.00, 0.50, 0.00
258.50, 68.00, 64.00, 0.50, 0.00
259.00, 42.00, 49.00, 1.00, 1.00
259.00, 54.00, 56.00, 1.00, 1.00
259.00, 61.00, 60.00, 1.00, 0.00
259.00, 69.00, 65.00, 0.50, 0.00
259.50, 66.00, 63.00, 0.50, 0.00
260.00, 47.00, 52.00, 1.00, 1.00
260.00, 54.00, 56.00, 1.00, 1.00
260.00, 63.00, 61.00, 1.00, 0.00
260.00, 69.00, 65.00, 0.50, 0.00
260.50, 68.00, 64.00, 0.50, 0.00
261.00, 42.00, 49.00, 1.00, 1.00
261.00, 54.00, 56.00, 1.00, 1.00
261.00, 61.00, 60.00, 1.00, 0.00
261.00, 69.00, 65.00, 0.50, 0.00
261.50, 66.00, 63.00, 0.50, 0.00
262.00, 47.00, 52.00, 1.00, 1.00
262.00, 54.00, 56.00, 1.00, 1.00
262.00, 63.00, 61.00, 1.00, 0.00
262.00, 69.00, 65.00, 0.50, 0.00
262.50, 68.00, 64.00, 0.50, 0.00
263.00, 42.00, 49.00, 1.00, 1.00
263.00, 54.00, 56.00, 1.00, 1.00
263.00, 61.00, 60.00, 1.00, 0.00
263.00, 69.00, 65.00, 0.50, 0.00
263.50, 66.00, 63.00, 0.50, 0.00
264.00, 35.00, 45.00, 1.50, 1.00
264.00, 63.00, 61.00, 6.00, 0.00
264.00, 69.00, 65.00, 6.00, 0.00
265.50, 42.00, 49.00, 0.50, 1.00
266.00, 47.00, 52.00, 0.50, 1.00
266.50, 56.00, 57.00, 0.50, 1.00
267.00, 54.00, 56.00, 0.33, 1.00
267.33, 56.00, 57.00, 0.33, 1.00
267.67, 54.00, 56.00, 0.33, 1.00
268.00, 47.00, 52.00, 1.00, 1.00
269.00, 59.00, 59.00, 1.00, 1.00
270.00, 40.00, 48.00, 1.50, 1.00
270.00, 62.00, 61.00, 6.00, 0.00
270.00, 69.00, 65.00, 3.00, 0.00
271.50, 47.00, 52.00, 0.50, 1.00
272.00, 52.00, 55.00, 0.50, 1.00
272.50, 61.00, 60.00, 0.50, 1.00
273.00, 59.00, 59.00, 0.33, 1.00
273.00, 68.00, 64.00, 3.00, 0.00
273.33, 61.00, 60.00, 0.33, 1.00
273.67, 59.00, 59.00, 0.33, 1.00
274.00, 52.00, 55.00, 1.00, 1.00
275.00, 64.00, 62.00, 1.00, 1.00
276.00, 33.00, 44.00, 1.50, 1.00
276.00, 62.00, 61.00, 3.00, 0.00
276.00, 67.00, 64.00, 6.00, 0.00
277.50, 40.00, 48.00, 0.50, 1.00
278.00, 45.00, 51.00, 0.50, 1.00
278.50, 54.00, 56.00, 0.50, 1.00
279.00, 52.00, 55.00, 0.33, 1.00
279.00, 61.00, 60.00, 3.00, 0.00
279.33, 54.00, 56.00, 0.33, 1.00
279.67, 52.00, 55.00, 0.33, 1.00
280.00, 45.00, 51.00, 1.00, 1.00
281.00, 57.00, 58.00, 1.00, 1.00
282.00, 38.00, 47.00, 1.50, 1.00
282.00, 60.00, 60.00, 6.00, 0.00
282.00, 67.00, 64.00, 3.00, 0.00
283.50, 45.00, 51.00, 0.50, 1.00
284.00, 50.00, 54.00, 0.50, 1.00
284.50, 59.00, 59.00, 0.50, 1.00
285.00, 57.00, 58.00, 0.33, 1.00
285.00, 66.00, 63.00, 4.50, 0.00
285.33, 59.00, 59.00, 0.33, 1.00
285.67, 57.00, 58.00, 0.33, 1.00
286.00, 50.00, 54.00, 1.00, 1.00
287.00, 62.00, 61.00, 1.00, 1.00
288.00, 49.00, 53.00, 1.00, 1.00
288.00, 61.00, 60.00, 1.50, 0.00
289.50, 68.00, 64.00, 0.50, 0.00
290.00, 69.00, 65.00, 0.50, 0.00
290.50, 72.00, 66.00, 0.50, 0.00
291.00, 74.00, 68.00, 0.33, 0.00
291.33, 76.00, 69.00, 0.33, 0.00
291.67, 74.00, 68.00, 0.33, 0.00
292.00, 73.00, 67.00, 1.00, 0.00
293.00, 78.00, 70.00, 1.00, 0.00
294.00, 49.00, 53.00, 1.50, 1.00
294.00, 73.00, 67.00, 0.33, 0.00
294.33, 74.00, 68.00, 0.33, 0.00
294.67, 73.00, 67.00, 0.33, 0.00
295.00, 72.00, 66.00, 1.00, 0.00
295.50, 56.00, 57.00, 0.50, 1.00
296.00, 57.00, 58.00, 0.50, 1.00
296.00, 71.00, 66.00, 1.00, 0.00
296.50, 60.00, 59.00, 0.50, 1.00
297.00, 62.00, 61.00, 0.33, 1.00
297.00, 71.00, 66.00, 0.33, 0.00
297.33, 64.00, 62.00, 0.33, 1.00
297.33, 73.00, 67.00, 0.33, 0.00
297.67, 62.00, 61.00, 0.33, 1.00
297.67, 71.00, 66.00, 0.33, 0.00
298.00, 61.00, 60.00, 1.00, 1.00
298.00, 70.00, 65.00, 1.00, 0.00
299.00, 66.00, 63.00, 1.00, 1.00
299.00, 69.00, 65.00, 1.00, 0.00
299.00, 73.00, 67.00, 1.00, 0.00
300.00, 61.00, 60.00, 0.33, 1.00
300.00, 69.00, 65.00, 0.33, 0.00
300.33, 62.00, 61.00, 0.33, 1.00
300.33, 71.00, 66.00, 0.33, 0.00
300.67, 61.00, 60.00, 0.33, 1.00
300.67, 69.00, 65.00, 0.33, 0.00
301.00, 60.00, 59.00, 1.00, 1.00
301.00, 68.00, 64.00, 1.00, 0.00
302.00, 59.00, 59.00, 1.00, 1.00
302.00, 61.00, 60.00, 1.00, 0.00
302.00, 73.00, 67.00, 1.00, 0.00
303.00, 59.00, 59.00, 0.33, 1.00
303.00, 68.00, 64.00, 0.33, 0.00
303.33, 61.00, 60.00, 0.33, 1.00
303.33, 69.00, 65.00, 0.33, 0.00
303.67, 59.00, 59.00, 0.33, 1.00
303.67, 68.00, 64.00, 0.33, 0.00
304.00, 58.00, 58.00, 1.00, 1.00
304.00, 67.00, 63.00, 1.00, 0.00
305.00, 57.00, 58.00, 1.00, 1.00
305.00, 61.00, 60.00, 1.00, 1.00
305.00, 66.00, 63.00, 1.00, 0.00
305.00, 73.00, 67.00, 1.00, 0.00
306.00, 56.00, 57.00, 1.00, 1.00
306.00, 66.00, 63.00, 0.33, 0.00
306.33, 68.00, 64.00, 0.33, 0.00
306.67, 66.00, 63.00, 0.33, 0.00
307.00, 44.00, 50.00, 1.00, 1.00
307.00, 65.00, 62.00, 0.50, 0.00
307.50, 64.00, 62.00, 0.50, 0.00
307.50, 68.00, 64.00, 1.00, 0.00
308.00, 54.00, 56.00, 1.00, 1.00
308.00, 60.00, 59.00, 1.00, 1.00
308.00, 63.00, 61.00, 1.00, 0.00
308.50, 68.00, 64.00, 1.50, 0.00
309.00, 37.00, 46.00, 1.00, 1.00
309.00, 61.00, 60.00, 0.50, 0.00
309.50, 62.00, 61.00, 0.50, 0.00
310.00, 49.00, 53.00, 1.00, 1.00
310.00, 53.00, 55.00, 1.00, 1.00
310.00, 59.00, 59.00, 1.00, 1.00
310.00, 61.00, 60.00, 0.50, 0.00
310.50, 62.00, 61.00, 0.50, 0.00
310.50, 71.00, 66.00, 0.50, 0.00
311.00, 49.00, 53.00, 1.00, 1.00
311.00, 56.00, 57.00, 1.00, 1.00
311.00, 59.00, 59.00, 1.00, 1.00
311.00, 61.00, 60.00, 0.50, 0.00
311.00, 69.00, 65.00, 0.50, 0.00
311.50, 65.00, 62.00, 0.50, 0.00
311.50, 68.00, 64.00, 0.50, 0.00
312.00, 30.00, 42.00, 1.00, 1.00
312.00, 42.00, 49.00, 1.00, 1.00
312.00, 66.00, 63.00, 1.00, 0.00
313.00, 49.00, 53.00, 1.00, 1.00
313.00, 57.00, 58.00, 1.00, 1.00
313.00, 61.00, 60.00, 1.00, 1.00
313.00, 68.00, 64.00, 0.50, 0.00
313.50, 66.00, 63.00, 0.50, 0.00
314.00, 49.00, 53.00, 1.00, 1.00
314.00, 57.00, 58.00, 1.00, 1.00
314.00, 61.00, 60.00, 1.00, 1.00
314.00, 69.00, 65.00, 0.50, 0.00
314.50, 72.00, 66.00, 0.50, 0.00
315.00, 42.00, 49.00, 1.00, 1.00
315.00, 74.00, 68.00, 0.33, 0.00
315.33, 76.00, 69.00, 0.33, 0.00
315.67, 74.00, 68.00, 0.33, 0.00
316.00, 54.00, 56.00, 1.00, 1.00
316.00, 58.00, 58.00, 1.00, 1.00
316.00, 64.00, 62.00, 1.00, 1.00
316.00, 73.00, 67.00, 1.00, 0.00
317.00, 54.00, 56.00, 1.00, 1.00
317.00, 58.00, 58.00, 1.00, 1.00
317.00, 64.00, 62.00, 1.00, 1.00
317.00, 66.00, 63.00, 1.00, 0.00
317.00, 78.00, 70.00, 1.00, 0.00
318.00, 47.00, 52.00, 1.00, 1.00
318.00, 73.00, 67.00, 0.33, 0.00
318.33, 74.00, 68.00, 0.33, 0.00
318.67, 73.00, 67.00, 0.33, 0.00
319.00, 54.00, 56.00, 1.00, 1.00
319.00, 64.00, 62.00, 1.00, 1.00
319.00, 72.00, 67.00, 1.00, 0.00
320.00, 54.00, 56.00, 1.00, 1.00
320.00, 62.00, 61.00, 1.00, 1.00
320.00, 71.00, 66.00, 1.00, 0.00
320.00, 78.00, 70.00, 1.00, 0.00
321.00, 42.00, 49.00, 1.00, 1.00
321.00, 71.00, 66.00, 0.33, 0.00
321.33, 73.00, 67.00, 0.33, 0.00
321.67, 71.00, 66.00, 0.33, 0.00
322.00, 54.00, 56.00, 1.00, 1.00
322.00, 62.00, 61.00, 1.00, 1.00
322.00, 70.00, 65.00, 1.00, 0.00
323.00, 54.00, 56.00, 1.00, 1.00
323.00, 61.00, 60.00, 1.00, 1.00
323.00, 69.00, 65.00, 1.00, 0.00
323.00, 73.00, 67.00, 1.00, 0.00
324.00, 50.00, 54.00, 3.00, 1.00
324.00, 66.00, 63.00, 1.50, 0.00
325.00, 54.00, 56.00, 1.00, 1.00
325.00, 61.00, 60.00, 1.00, 1.00
325.50, 68.00, 64.00, 0.50, 0.00
326.00, 54.00, 56.00, 1.00, 1.00
326.00, 59.00, 59.00, 1.00, 1.00
326.00, 69.00, 65.00, 0.50, 0.00
326.50, 71.00, 66.00, 0.50, 0.00
327.00, 49.00, 53.00, 3.00, 1.00
327.00, 69.00, 65.00, 0.33, 0.00
327.33, 71.00, 66.00, 0.33, 0.00
327.67, 69.00, 65.00, 0.33, 0.00
328.00, 54.00, 56.00, 1.00, 1.00
328.00, 59.00, 59.00, 2.00, 1.00
328.00, 68.00, 64.00, 1.00, 0.00
329.00, 53.00, 55.00, 1.00, 1.00
329.00, 73.00, 67.00, 1.00, 0.00
330.00, 50.00, 54.00, 3.00, 1.00
330.00, 66.00, 63.00, 1.50, 0.00
331.00, 54.00, 56.00, 1.00, 1.00
331.00, 61.00, 60.00, 1.00, 1.00
331.50, 68.00, 64.00, 0.50, 0.00
332.00, 54.00, 56.00, 1.00, 1.00
332.00, 59.00, 59.00, 1.00, 1.00
332.00, 69.00, 65.00, 0.50, 0.00
332.50, 71.00, 66.00, 0.50, 0.00
333.00, 49.00, 53.00, 3.00, 1.00
333.00, 69.00, 65.00, 0.33, 0.00
333.33, 71.00, 66.00, 0.33, 0.00
333.67, 69.00, 65.00, 0.33, 0.00
334.00, 54.00, 56.00, 1.00, 1.00
334.00, 68.00, 64.00, 1.00, 0.00
335.00, 53.00, 55.00, 1.00, 1.00
335.00, 59.00, 59.00, 1.00, 1.00
335.00, 73.00, 67.00, 1.00, 0.00
336.00, 50.00, 54.00, 3.00, 1.00
336.00, 66.00, 63.00, 1.50, 0.00
337.00, 54.00, 56.00, 1.00, 1.00
337.00, 61.00, 60.00, 1.00, 1.00
337.50, 68.00, 64.00, 0.50, 0.00
338.00, 54.00, 56.00, 1.00, 1.00
338.00, 59.00, 59.00, 1.00, 1.00
338.00, 69.00, 65.00, 0.50, 0.00
338.50, 71.00, 66.00, 0.50, 0.00
339.00, 44.00, 50.00, 1.00, 1.00
339.00, 73.00, 67.00, 0.50, 0.00
339.50, 76.00, 69.00, 0.50, 0.00
340.00, 56.00, 57.00, 1.00, 1.00
340.00, 59.00, 59.00, 1.00, 1.00
340.00, 62.00, 61.00, 1.00, 1.00
340.00, 66.00, 63.00, 1.00, 1.00
340.00, 74.00, 68.00, 1.50, 0.00
341.50, 66.00, 63.00, 0.50, 0.00
342.00, 66.00, 63.00, 0.50, 0.00
342.50, 65.00, 62.00, 0.50, 0.00
343.00, 49.00, 53.00, 1.00, 1.00
343.00, 59.00, 59.00, 1.00, 0.00
343.00, 69.00, 65.00, 1.50, 0.00
344.00, 50.00, 53.00, 1.00, 1.00
344.00, 59.00, 59.00, 1.00, 0.00
344.00, 65.00, 62.00, 1.00, 0.00
344.50, 68.00, 64.00, 0.50, 0.00
345.00, 68.00, 64.00, 0.50, 0.00
345.50, 66.00, 63.00, 0.50, 0.00
346.00, 50.00, 54.00, 1.00, 1.00
346.00, 60.00, 60.00, 1.00, 0.00
346.00, 71.00, 66.00, 1.50, 0.00
347.00, 51.00, 54.00, 1.00, 1.00
347.00, 60.00, 60.00, 1.00, 0.00
347.00, 66.00, 63.00, 1.00, 0.00
347.50, 69.00, 65.00, 0.50, 0.00
348.00, 52.00, 55.00, 1.00, 1.00
348.00, 60.00, 59.00, 1.00, 0.00
348.00, 67.00, 63.00, 0.50, 0.00
348.50, 68.00, 64.00, 0.50, 0.00
349.00, 40.00, 48.00, 1.00, 1.00
349.00, 61.00, 60.00, 1.00, 0.00
349.00, 69.00, 65.00, 0.50, 0.00
349.50, 68.00, 64.00, 0.50, 0.00
350.00, 41.00, 48.00, 1.00, 1.00
350.00, 62.00, 61.00, 1.00, 0.00
350.00, 68.00, 64.00, 1.00, 0.00
350.00, 73.00, 67.00, 0.50, 0.00
350.50, 71.00, 66.00, 0.50, 0.00
351.00, 42.00, 49.00, 2.00, 1.00
351.00, 62.00, 61.00, 0.50, 0.00
351.00, 66.00, 63.00, 0.50, 0.00
351.00, 71.00, 66.00, 0.50, 0.00
351.50, 61.00, 60.00, 0.50, 0.00
351.50, 70.00, 65.00, 0.50, 0.00
352.00, 54.00, 56.00, 1.00, 1.00
352.00, 64.00, 62.00, 1.00, 0.00
352.00, 70.00, 65.00, 1.00, 0.00
352.00, 74.00, 68.00, 1.50, 0.00
353.00, 43.00, 49.00, 1.00, 1.00
353.00, 55.00, 56.00, 1.00, 1.00
353.00, 64.00, 62.00, 1.00, 0.00
353.00, 69.00, 65.00, 1.00, 0.00
353.50, 73.00, 67.00, 0.50, 0.00
354.00, 44.00, 50.00, 1.00, 1.00
354.00, 56.00, 57.00, 1.00, 1.00
354.00, 64.00, 62.00, 0.75, 0.00
354.00, 68.00, 64.00, 0.75, 0.00
354.00, 73.00, 67.00, 0.75, 0.00
354.75, 62.00, 61.00, 0.25, 0.00
354.75, 68.00, 64.00, 0.25, 0.00
354.75, 72.00, 66.00, 0.25, 0.00
355.00, 56.00, 57.00, 1.00, 1.00
355.00, 63.00, 61.00, 1.00, 1.00
355.00, 66.00, 63.00, 1.00, 1.00
355.00, 68.00, 64.00, 1.00, 0.00
355.00, 72.00, 66.00, 1.00, 0.00
355.00, 80.00, 71.00, 1.50, 0.00
356.00, 56.00, 57.00, 1.00, 1.00
356.00, 63.00, 61.00, 1.00, 1.00
356.00, 66.00, 63.00, 1.00, 1.00
356.00, 68.00, 64.00, 1.00, 0.00
356.00, 72.00, 66.00, 1.00, 0.00
356.50, 78.00, 70.00, 0.50, 0.00
357.00, 37.00, 46.00, 1.00, 1.00
357.00, 49.00, 53.00, 1.00, 1.00
357.00, 78.00, 70.00, 1.50, 0.00
358.00, 56.00, 57.00, 1.00, 1.00
358.00, 61.00, 60.00, 1.00, 1.00
358.00, 65.00, 62.00, 1.00, 0.00
358.00, 68.00, 64.00, 1.00, 1.00
358.00, 71.00, 66.00, 1.00, 0.00
358.50, 77.00, 69.00, 0.50, 0.00
359.00, 56.00, 57.00, 1.00, 1.00
359.00, 61.00, 60.00, 1.00, 1.00
359.00, 65.00, 62.00, 1.00, 0.00
359.00, 68.00, 64.00, 1.00, 1.00
359.00, 71.00, 66.00, 0.50, 0.00
359.50, 73.00, 67.00, 0.50, 0.00
360.00, 76.00, 69.00, 0.50, 0.00
360.50, 75.00, 68.00, 0.50, 0.00
361.00, 49.00, 53.00, 1.00, 1.00
361.00, 59.00, 59.00, 1.00, 1.00
361.00, 65.00, 62.00, 1.00, 0.00
361.00, 74.00, 68.00, 0.33, 0.00
361.33, 76.00, 69.00, 0.33, 0.00
361.67, 74.00, 68.00, 0.33, 0.00
362.00, 49.00, 53.00, 1.00, 1.00
362.00, 57.00, 58.00, 0.50, 1.00
362.00, 65.00, 62.00, 1.00, 0.00
362.00, 73.00, 67.00, 0.50, 0.00
362.50, 56.00, 57.00, 0.50, 1.00
362.50, 71.00, 66.00, 0.50, 0.00
363.00, 42.00, 49.00, 0.50, 1.00
363.00, 69.00, 65.00, 0.50, 0.00
363.00, 73.00, 67.00, 0.50, 0.00
363.50, 49.00, 53.00, 0.50, 1.00
363.50, 68.00, 64.00, 0.50, 0.00
363.50, 71.00, 66.00, 0.50, 0.00
364.00, 61.00, 60.00, 1.00, 1.00
364.00, 66.00, 63.00, 1.00, 0.00
364.00, 69.00, 65.00, 1.00, 0.00
365.00, 57.00, 58.00, 0.75, 1.00
365.75, 54.00, 56.00, 0.25, 1.00
366.00, 54.00, 56.00, 0.50, 1.00
366.50, 53.00, 55.00, 0.50, 1.00
367.00, 57.00, 58.00, 1.50, 1.00
367.50, 61.00, 60.00, 1.50, 0.00
368.00, 66.00, 63.00, 0.50, 0.00
368.50, 56.00, 57.00, 0.50, 1.00
368.50, 65.00, 62.00, 0.50, 0.00
368.50, 68.00, 64.00, 0.50, 0.00
369.00, 56.00, 57.00, 0.50, 1.00
369.00, 61.00, 60.00, 1.00, 0.00
369.00, 65.00, 62.00, 0.50, 0.00
369.00, 71.00, 66.00, 0.50, 0.00
369.50, 54.00, 56.00, 0.50, 1.00
369.50, 66.00, 63.00, 0.50, 0.00
369.50, 69.00, 65.00, 0.50, 0.00
370.00, 59.00, 59.00, 1.50, 1.00
370.50, 62.00, 61.00, 1.50, 0.00
371.00, 68.00, 64.00, 0.50, 0.00
371.50, 57.00, 58.00, 0.50, 1.00
371.50, 66.00, 63.00, 0.50, 0.00
371.50, 69.00, 65.00, 0.50, 0.00
372.00, 55.00, 56.00, 0.50, 1.00
372.00, 62.00, 61.00, 1.00, 0.00
372.00, 65.00, 62.00, 1.00, 0.00
372.00, 73.00, 67.00, 0.50, 0.00
372.50, 56.00, 57.00, 0.50, 1.00
372.50, 71.00, 66.00, 0.50, 0.00
373.00, 57.00, 58.00, 0.50, 1.00
373.50, 56.00, 57.00, 0.50, 1.00
373.50, 65.00, 62.00, 1.50, 0.00
374.00, 61.00, 60.00, 0.50, 1.00
374.00, 69.00, 65.00, 0.50, 0.00
374.50, 59.00, 59.00, 0.50, 1.00
374.50, 68.00, 64.00, 0.50, 0.00
374.50, 71.00, 66.00, 0.50, 0.00
375.00, 59.00, 59.00, 0.50, 1.00
375.00, 64.00, 62.00, 3.00, 0.00
375.00, 67.00, 64.00, 3.00, 0.00
375.00, 74.00, 68.00, 0.50, 0.00
375.50, 58.00, 58.00, 0.50, 1.00
375.50, 73.00, 67.00, 0.50, 0.00
376.00, 62.00, 61.00, 1.50, 1.00
376.75, 71.00, 66.00, 0.25, 0.00
377.00, 71.00, 66.00, 0.50, 0.00
377.50, 61.00, 60.00, 0.50, 1.00
377.50, 70.00, 65.00, 0.50, 0.00
378.00, 61.00, 60.00, 0.50, 1.00
378.00, 63.00, 61.00, 1.00, 0.00
378.00, 66.00, 63.00, 1.00, 0.00
378.00, 69.00, 65.00, 0.50, 0.00
378.50, 60.00, 59.00, 0.50, 1.00
378.50, 68.00, 64.00, 0.50, 0.00
379.00, 68.00, 64.00, 1.50, 1.00
380.50, 66.00, 63.00, 0.50, 1.00
381.00, 66.00, 63.00, 0.75, 1.00
381.75, 65.00, 62.00, 0.25, 1.00
381.75, 68.00, 64.00, 0.25, 0.00
382.00, 65.00, 62.00, 1.50, 1.00
382.00, 68.00, 64.00, 1.50, 0.00
382.00, 80.00, 71.00, 1.50, 0.00
383.50, 63.00, 61.00, 0.50, 1.00
383.50, 68.00, 64.00, 0.50, 0.00
383.50, 72.00, 66.00, 0.50, 0.00
383.50, 78.00, 70.00, 0.50, 0.00
384.00, 62.00, 61.00, 0.75, 1.00
384.00, 68.00, 64.00, 0.75, 0.00
384.00, 72.00, 66.00, 0.75, 0.00
384.00, 78.00, 70.00, 0.75, 0.00
384.75, 61.00, 60.00, 0.25, 1.00
384.75, 68.00, 64.00, 0.25, 0.00
384.75, 73.00, 67.00, 0.25, 0.00
384.75, 77.00, 69.00, 0.25, 0.00
385.00, 61.00, 60.00, 1.50, 1.00
385.00, 65.00, 62.00, 1.50, 0.00
385.00, 68.00, 64.00, 1.50, 0.00
385.00, 77.00, 69.00, 1.50, 0.00
386.50, 59.00, 59.00, 0.50, 1.00
386.50, 65.00, 62.00, 0.50, 0.00
386.50, 68.00, 64.00, 0.50, 0.00
386.50, 74.00, 68.00, 0.50, 0.00
387.00, 57.00, 58.00, 0.50, 1.00
387.00, 65.00, 63.00, 0.50, 0.00
387.00, 69.00, 65.00, 0.50, 0.00
387.00, 74.00, 68.00, 0.50, 0.00
387.50, 56.00, 57.00, 0.50, 1.00
387.50, 64.00, 62.00, 0.50, 0.00
387.50, 71.00, 66.00, 0.50, 0.00
387.50, 74.00, 68.00, 0.50, 0.00
388.00, 57.00, 58.00, 1.00, 1.00
388.00, 64.00, 62.00, 1.00, 0.00
388.00, 69.00, 65.00, 1.00, 0.00
388.00, 73.00, 67.00, 1.00, 0.00
389.00, 51.00, 54.00, 1.50, 1.00
389.00, 66.00, 63.00, 1.50, 0.00
389.00, 69.00, 65.00, 1.50, 0.00
389.00, 73.00, 67.00, 1.00, 0.00
390.00, 71.00, 66.00, 0.50, 0.00
390.50, 53.00, 55.00, 0.50, 1.00
390.50, 61.00, 60.00, 0.50, 0.00
390.50, 68.00, 64.00, 0.50, 0.00
390.50, 71.00, 66.00, 0.50, 0.00
391.00, 54.00, 56.00, 1.00, 1.00
391.00, 61.00, 60.00, 1.00, 0.00
391.00, 69.00, 65.00, 1.00, 0.00
392.00, 47.00, 52.00, 1.50, 1.00
392.00, 59.00, 59.00, 1.00, 1.00
392.00, 62.00, 61.00, 1.50, 0.00
392.00, 67.00, 64.00, 4.00, 0.00
393.00, 55.00, 57.00, 3.00, 1.00
393.50, 48.00, 53.00, 0.50, 1.00
393.50, 64.00, 62.00, 0.50, 0.00
394.00, 52.00, 55.00, 1.00, 1.00
394.00, 60.00, 60.00, 1.00, 0.00
395.00, 50.00, 54.00, 2.00, 1.00
395.00, 59.00, 59.00, 1.50, 0.00
396.00, 56.00, 57.00, 0.50, 1.00
396.00, 66.00, 63.00, 1.00, 0.00
396.50, 57.00, 58.00, 0.50, 1.00
396.50, 60.00, 59.00, 0.50, 0.00
397.00, 49.00, 53.00, 3.00, 1.00
397.00, 61.00, 60.00, 1.00, 0.00
397.00, 66.00, 63.00, 1.50, 0.00
397.00, 69.00, 65.00, 1.00, 0.00
398.00, 37.00, 46.00, 1.00, 1.00
398.00, 59.00, 59.00, 1.00, 0.00
398.00, 68.00, 64.00, 1.00, 0.00
398.50, 65.00, 62.00, 0.50, 0.00
399.00, 42.00, 49.00, 1.00, 1.00
399.00, 58.00, 58.00, 1.00, 0.00
399.00, 66.00, 63.00, 1.00, 0.00
400.00, 73.00, 67.00, 4.50, 0.00
401.50, 64.00, 62.00, 0.50, 0.00
402.00, 63.00, 61.00, 0.50, 0.00
402.50, 65.00, 62.00, 0.50, 0.00
403.00, 47.00, 52.00, 1.00, 1.00
403.00, 54.00, 56.00, 1.00, 1.00
403.00, 66.00, 63.00, 0.50, 0.00
403.50, 68.00, 64.00, 0.50, 0.00
404.00, 42.00, 49.00, 1.00, 1.00
404.00, 54.00, 56.00, 1.00, 1.00
404.00, 63.00, 61.00, 0.50, 0.00
404.00, 70.00, 65.00, 0.50, 0.00
404.50, 71.00, 66.00, 0.50, 0.00
405.00, 47.00, 52.00, 1.00, 1.00
405.00, 54.00, 56.00, 1.00, 1.00
405.00, 63.00, 61.00, 1.00, 0.00
405.33, 73.00, 67.00, 0.33, 0.00
405.67, 71.00, 66.00, 0.33, 0.00
406.00, 49.00, 53.00, 1.00, 1.00
406.00, 54.00, 56.00, 1.00, 1.00
406.00, 61.00, 60.00, 1.00, 0.00
406.00, 70.00, 65.00, 0.50, 0.00
406.50, 68.00, 64.00, 0.50, 0.00
407.00, 42.00, 49.00, 1.00, 1.00
407.00, 54.00, 56.00, 1.00, 1.00
407.00, 61.00, 60.00, 1.00, 0.00
407.00, 70.00, 65.00, 0.50, 0.00
407.50, 66.00, 63.00, 0.50, 0.00
408.00, 47.00, 52.00, 1.00, 1.00
408.00, 54.00, 56.00, 1.00, 1.00
408.00, 63.00, 61.00, 1.00, 0.00
408.50, 65.00, 62.00, 0.50, 0.00
409.00, 47.00, 52.00, 1.00, 1.00
409.00, 54.00, 56.00, 1.00, 1.00
409.00, 63.00, 61.00, 1.00, 0.00
409.00, 66.00, 63.00, 0.50, 0.00
409.50, 68.00, 64.00, 0.50, 0.00
410.00, 42.00, 49.00, 1.00, 1.00
410.00, 54.00, 56.00, 1.00, 1.00
410.00, 63.00, 61.00, 1.00, 0.00
410.00, 70.00, 65.00, 0.50, 0.00
410.50, 71.00, 66.00, 0.50, 0.00
411.00, 47.00, 52.00, 1.00, 1.00
411.00, 54.00, 56.00, 1.00, 1.00
411.00, 63.00, 61.00, 1.00, 0.00
411.33, 73.00, 67.00, 0.33, 0.00
411.67, 71.00, 66.00, 0.33, 0.00
412.00, 49.00, 53.00, 1.00, 1.00
412.00, 54.00, 56.00, 1.00, 1.00
412.00, 61.00, 60.00, 1.00, 0.00
412.00, 70.00, 65.00, 0.50, 0.00
412.50, 68.00, 64.00, 0.50, 0.00
413.00, 42.00, 49.00, 1.00, 1.00
413.00, 54.00, 56.00, 1.00, 1.00
413.00, 61.00, 60.00, 1.00, 0.00
413.00, 70.00, 65.00, 1.00, 0.00
414.00, 47.00, 52.00, 1.00, 1.00
414.00, 54.00, 56.00, 1.00, 1.00
414.00, 63.00, 61.00, 1.00, 0.00
414.50, 65.00, 62.00, 0.50, 0.00
415.00, 47.00, 52.00, 1.00, 1.00
415.00, 54.00, 56.00, 1.00, 1.00
415.00, 63.00, 61.00, 1.00, 0.00
415.00, 66.00, 63.00, 0.50, 0.00
415.50, 68.00, 64.00, 0.50, 0.00
416.00, 42.00, 49.00, 1.00, 1.00
416.00, 54.00, 56.00, 1.00, 1.00
416.00, 63.00, 61.00, 1.00, 0.00
416.00, 70.00, 65.00, 0.50, 0.00
416.50, 71.00, 66.00, 0.50, 0.00
417.00, 47.00, 52.00, 1.00, 1.00
417.00, 54.00, 56.00, 1.00, 1.00
417.00, 63.00, 61.00, 1.00, 0.00
417.33, 73.00, 67.00, 0.33, 0.00
417.67, 71.00, 66.00, 0.33, 0.00
418.00, 49.00, 53.00, 1.00, 1.00
418.00, 54.00, 56.00, 1.00, 1.00
418.00, 61.00, 60.00, 1.00, 0.00
418.00, 70.00, 65.00, 0.50, 0.00
418.50, 68.00, 64.00, 0.50, 0.00
419.00, 42.00, 49.00, 1.00, 1.00
419.00, 54.00, 56.00, 1.00, 1.00
419.00, 61.00, 60.00, 1.00, 0.00
419.00, 70.00, 65.00, 0.50, 0.00
419.50, 66.00, 63.00, 0.50, 0.00
420.00, 47.00, 52.00, 1.00, 1.00
420.00, 54.00, 56.00, 1.00, 1.00
420.00, 63.00, 61.00, 1.00, 0.00
420.50, 65.00, 62.00, 0.50, 0.00
421.00, 47.00, 52.00, 1.00, 1.00
421.00, 54.00, 56.00, 1.00, 1.00
421.00, 63.00, 61.00, 1.00, 0.00
421.00, 66.00, 63.00, 0.50, 0.00
421.50, 68.00, 64.00, 0.50, 0.00
422.00, 42.00, 49.00, 1.00, 1.00
422.00, 54.00, 56.00, 1.00, 1.00
422.00, 63.00, 61.00, 1.00, 0.00
422.00, 70.00, 65.00, 0.50, 0.00
422.50, 71.00, 66.00, 0.50, 0.00
423.00, 47.00, 52.00, 1.00, 1.00
423.00, 54.00, 56.00, 1.00, 1.00
423.00, 63.00, 61.00, 1.00, 0.00
423.33, 73.00, 67.00, 0.33, 0.00
423.67, 71.00, 66.00, 0.33, 0.00
424.00, 47.00, 52.00, 1.00, 1.00
424.00, 54.00, 56.00, 1.00, 1.00
424.00, 63.00, 61.00, 1.00, 0.00
424.00, 70.00, 65.00, 0.50, 0.00
424.50, 68.00, 64.00, 0.50, 0.00
425.00, 42.00, 49.00, 1.00, 1.00
425.00, 54.00, 56.00, 1.00, 1.00
425.00, 61.00, 60.00, 1.00, 0.00
425.00, 70.00, 65.00, 0.50, 0.00
425.50, 66.00, 63.00, 0.50, 0.00
426.00, 47.00, 52.00, 1.00, 1.00
426.00, 54.00, 56.00, 1.00, 1.00
426.00, 63.00, 61.00, 1.00, 0.00
426.00, 70.00, 65.00, 0.50, 0.00
426.50, 68.00, 64.00, 0.50, 0.00
427.00, 42.00, 49.00, 1.00, 1.00
427.00, 54.00, 56.00, 1.00, 1.00
427.00, 61.00, 60.00, 1.00, 0.00
427.00, 70.00, 65.00, 0.50, 0.00
427.50, 66.00, 63.00, 0.50, 0.00
428.00, 47.00, 52.00, 1.00, 1.00
428.00, 54.00, 56.00, 1.00, 1.00
428.00, 63.00, 61.00, 1.00, 0.00
428.00, 70.00, 65.00, 0.50, 0.00
428.50, 68.00, 64.00, 0.50, 0.00
429.00, 42.00, 49.00, 1.00, 1.00
429.00, 54.00, 56.00, 1.00, 1.00
429.00, 61.00, 60.00, 1.00, 0.00
429.00, 70.00, 65.00, 0.50, 0.00
429.50, 66.00, 63.00, 0.50, 0.00
430.00, 47.00, 52.00, 1.00, 1.00
430.00, 54.00, 56.00, 1.00, 1.00
430.00, 63.00, 61.00, 1.00, 0.00
430.00, 70.00, 65.00, 0.50, 0.00
430.50, 68.00, 64.00, 0.50, 0.00
431.00, 42.00, 49.00, 1.00, 1.00
431.00, 54.00, 56.00, 1.00, 1.00
431.00, 61.00, 60.00, 1.00, 0.00
431.00, 70.00, 65.00, 0.50, 0.00
431.50, 66.00, 63.00, 0.50, 0.00
432.00, 47.00, 52.00, 1.00, 1.00
432.00, 54.00, 56.00, 1.00, 1.00
432.00, 63.00, 61.00, 1.00, 0.00
432.00, 70.00, 65.00, 0.50, 0.00
432.50, 68.00, 64.00, 0.50, 0.00
433.00, 42.00, 49.00, 1.00, 1.00
433.00, 54.00, 56.00, 1.00, 1.00
433.00, 61.00, 60.00, 1.00, 0.00
433.00, 70.00, 65.00, 0.50, 0.00
433.50, 66.00, 63.00, 0.50, 0.00
434.00, 47.00, 52.00, 1.00, 1.00
434.00, 54.00, 56.00, 1.00, 1.00
434.00, 63.00, 61.00, 1.00, 0.00
434.00, 70.00, 65.00, 0.50, 0.00
434.50, 68.00, 64.00, 0.50, 0.00
435.00, 42.00, 49.00, 1.00, 1.00
435.00, 54.00, 56.00, 1.00, 1.00
435.00, 61.00, 60.00, 1.00, 0.00
435.00, 70.00, 65.00, 0.50, 0.00
435.50, 66.00, 63.00, 0.50, 0.00
436.00, 47.00, 52.00, 1.00, 1.00
436.00, 54.00, 56.00, 1.00, 1.00
436.00, 63.00, 61.00, 1.00, 0.00
436.00, 70.00, 65.00, 0.50, 0.00
436.50, 68.00, 64.00, 0.50, 0.00
437.00, 42.00, 49.00, 0.50, 1.00
437.00, 54.00, 56.00, 0.50, 1.00
437.00, 61.00, 60.00, 0.50, 0.00
437.00, 70.00, 65.00, 0.50, 0.00
438.00, 37.00, 46.00, 1.00, 1.00
438.75, 63.00, 61.00, 0.25, 0.00
439.00, 63.00, 61.00, 1.50, 0.00
440.00, 37.00, 46.00, 1.00, 1.00
440.00, 49.00, 53.00, 1.00, 1.00
440.00, 53.00, 55.00, 1.00, 1.00
440.00, 59.00, 59.00, 1.00, 1.00
440.50, 65.00, 62.00, 0.50, 0.00
441.00, 42.00, 49.00, 1.00, 1.00
441.00, 49.00, 53.00, 1.00, 1.00
441.00, 54.00, 56.00, 1.00, 1.00
441.00, 58.00, 58.00, 1.00, 1.00
441.00, 65.00, 62.00, 0.75, 0.00
441.75, 66.00, 63.00, 0.25, 0.00
442.00, 66.00, 63.00, 1.50, 0.00
443.00, 37.00, 46.00, 1.00, 1.00
443.00, 49.00, 53.00, 1.00, 1.00
443.00, 54.00, 56.00, 1.00, 1.00
443.00, 58.00, 58.00, 1.00, 1.00
443.50, 65.00, 62.00, 0.50, 0.00
444.00, 44.00, 50.00, 1.00, 1.00
444.00, 49.00, 53.00, 1.00, 1.00
444.00, 53.00, 55.00, 1.00, 1.00
444.00, 63.00, 61.00, 0.50, 0.00
444.50, 61.00, 60.00, 0.50, 0.00
445.00, 63.00, 61.00, 1.50, 0.00
446.00, 37.00, 46.00, 1.00, 1.00
446.00, 49.00, 53.00, 1.00, 1.00
446.00, 53.00, 55.00, 1.00, 1.00
446.00, 59.00, 59.00, 1.00, 1.00
446.50, 65.00, 62.00, 0.50, 0.00
447.00, 42.00, 49.00, 1.00, 1.00
447.00, 49.00, 53.00, 1.00, 1.00
447.00, 54.00, 56.00, 1.00, 1.00
447.00, 58.00, 58.00, 1.00, 1.00
447.00, 66.00, 63.00, 1.00, 0.00
448.00, 63.00, 61.00, 2.75, 0.00
449.00, 42.00, 49.00, 1.00, 1.00
449.00, 49.00, 53.00, 1.00, 1.00
449.00, 54.00, 56.00, 1.00, 1.00
449.00, 58.00, 58.00, 1.00, 1.00
450.00, 37.00, 46.00, 1.00, 1.00
450.00, 49.00, 53.00, 1.00, 1.00
450.00, 53.00, 55.00, 1.00, 1.00
450.00, 59.00, 59.00, 1.00, 1.00
450.75, 63.00, 61.00, 0.25, 0.00
451.00, 63.00, 61.00, 1.50, 0.00
452.00, 37.00, 46.00, 1.00, 1.00
452.00, 49.00, 53.00, 1.00, 1.00
452.00, 53.00, 55.00, 1.00, 1.00
452.00, 59.00, 59.00, 1.00, 1.00
452.50, 65.00, 62.00, 0.50, 0.00
453.00, 38.00, 46.00, 1.00, 1.00
453.00, 50.00, 53.00, 1.00, 1.00
453.00, 53.00, 55.00, 1.00, 1.00
453.00, 58.00, 58.00, 1.00, 1.00
453.00, 68.00, 64.00, 0.75, 0.00
453.75, 66.00, 63.00, 0.25, 0.00
454.00, 39.00, 47.00, 1.00, 1.00
454.00, 51.00, 54.00, 1.00, 1.00
454.00, 54.00, 56.00, 1.00, 1.00
454.00, 58.00, 58.00, 1.00, 1.00
454.00, 66.00, 63.00, 1.50, 0.00
455.00, 34.00, 44.00, 1.00, 1.00
455.00, 46.00, 51.00, 1.00, 1.00
455.00, 54.00, 56.00, 1.00, 1.00
455.00, 61.00, 60.00, 1.00, 1.00
455.50, 65.00, 62.00, 0.50, 0.00
456.00, 35.00, 45.00, 1.00, 1.00
456.00, 47.00, 52.00, 1.00, 1.00
456.00, 54.00, 56.00, 1.00, 1.00
456.00, 56.00, 57.00, 1.00, 1.00
456.00, 63.00, 61.00, 0.50, 0.00
456.50, 61.00, 60.00, 0.50, 0.00
457.00, 32.00, 43.00, 1.00, 1.00
457.00, 44.00, 50.00, 1.00, 1.00
457.00, 54.00, 56.00, 1.00, 1.00
457.00, 59.00, 59.00, 1.00, 1.00
457.00, 63.00, 61.00, 1.00, 0.00
458.00, 25.00, 39.00, 1.00, 1.00
458.00, 37.00, 46.00, 1.00, 1.00
458.00, 53.00, 55.00, 1.00, 1.00
458.00, 59.00, 59.00, 1.00, 1.00
458.00, 65.00, 62.00, 1.00, 0.00
459.00, 25.00, 39.00, 1.00, 1.00
459.00, 37.00, 46.00, 1.00, 1.00
459.00, 53.00, 55.00, 1.00, 1.00
459.00, 59.00, 59.00, 1.00, 1.00
459.00, 68.00, 64.00, 0.75, 0.00
459.75, 66.00, 63.00, 0.25, 0.00
460.00, 30.00, 42.00, 1.00, 1.00
460.00, 42.00, 49.00, 1.00, 1.00
460.00, 54.00, 56.00, 1.00, 1.00
460.00, 58.00, 58.00, 1.00, 1.00
460.00, 66.00, 63.00, 1.00, 0.00
