ontime, MNN, MPN, duration, channel
0.00, 43.00, 50.00, 1.00, 1.00
0.00, 50.00, 54.00, 1.00, 1.00
0.00, 59.00, 59.00, 1.00, 0.00
0.00, 62.00, 61.00, 1.00, 0.00
1.00, 43.00, 50.00, 1.00, 1.00
1.00, 50.00, 54.00, 1.00, 1.00
1.00, 59.00, 59.00, 1.00, 0.00
1.00, 62.00, 61.00, 1.00, 0.00
2.00, 43.00, 50.00, 1.00, 1.00
2.00, 50.00, 54.00, 1.00, 1.00
2.00, 59.00, 59.00, 1.00, 0.00
2.00, 62.00, 61.00, 1.00, 0.00
3.00, 43.00, 50.00, 1.00, 1.00
3.00, 50.00, 54.00, 1.00, 1.00
3.00, 60.00, 60.00, 0.50, 0.00
3.00, 64.00, 62.00, 0.50, 0.00
3.75, 59.00, 59.00, 0.25, 0.00
3.75, 62.00, 61.00, 0.25, 0.00
4.00, 43.00, 50.00, 1.00, 1.00
4.00, 50.00, 54.00, 1.00, 1.00
4.00, 58.00, 58.00, 1.00, 0.00
4.00, 61.00, 60.00, 1.00, 0.00
5.00, 43.00, 50.00, 1.00, 1.00
5.00, 50.00, 54.00, 1.00, 1.00
5.00, 59.00, 59.00, 1.00, 0.00
5.00, 62.00, 61.00, 1.00, 0.00
6.00, 43.00, 50.00, 1.00, 1.00
6.00, 50.00, 54.00, 1.00, 1.00
6.00, 60.00, 60.00, 0.50, 0.00
6.00, 64.00, 62.00, 0.50, 0.00
6.75, 59.00, 59.00, 0.25, 0.00
6.75, 62.00, 61.00, 0.25, 0.00
7.00, 43.00, 50.00, 1.00, 1.00
7.00, 50.00, 54.00, 1.00, 1.00
7.00, 58.00, 58.00, 1.00, 0.00
7.00, 61.00, 60.00, 1.00, 0.00
8.00, 43.00, 50.00, 1.00, 1.00
8.00, 50.00, 54.00, 1.00, 1.00
8.00, 59.00, 59.00, 1.00, 0.00
8.00, 62.00, 61.00, 1.00, 0.00
9.00, 43.00, 50.00, 1.00, 1.00
9.00, 50.00, 54.00, 1.00, 1.00
9.00, 60.00, 60.00, 0.50, 0.00
9.00, 64.00, 62.00, 0.50, 0.00
9.75, 59.00, 59.00, 0.25, 0.00
9.75, 62.00, 61.00, 0.25, 0.00
10.00, 43.00, 50.00, 1.00, 1.00
10.00, 50.00, 54.00, 1.00, 1.00
10.00, 58.00, 58.00, 1.00, 0.00
10.00, 61.00, 60.00, 1.00, 0.00
11.00, 43.00, 50.00, 1.00, 1.00
11.00, 50.00, 54.00, 1.00, 1.00
11.00, 59.00, 59.00, 1.00, 0.00
11.00, 62.00, 61.00, 1.00, 0.00
12.00, 31.00, 43.00, 1.00, 1.00
12.00, 43.00, 50.00, 1.00, 1.00
12.00, 62.00, 61.00, 1.00, 0.00
13.00, 55.00, 57.00, 1.00, 1.00
13.00, 62.00, 61.00, 1.00, 1.00
13.00, 67.00, 64.00, 0.50, 0.00
13.00, 71.00, 66.00, 0.50, 0.00
13.50, 66.00, 63.00, 0.50, 0.00
13.50, 69.00, 65.00, 0.50, 0.00
14.00, 55.00, 57.00, 1.00, 1.00
14.00, 62.00, 61.00, 1.00, 1.00
14.00, 67.00, 64.00, 0.50, 0.00
14.00, 71.00, 66.00, 0.50, 0.00
14.50, 69.00, 65.00, 0.50, 0.00
14.50, 72.00, 67.00, 0.50, 0.00
15.00, 55.00, 57.00, 1.00, 1.00
15.00, 62.00, 61.00, 1.00, 1.00
15.00, 71.00, 66.00, 0.50, 0.00
15.00, 74.00, 68.00, 0.50, 0.00
15.50, 70.00, 65.00, 0.50, 0.00
15.50, 73.00, 67.00, 0.50, 0.00
16.00, 55.00, 57.00, 1.00, 1.00
16.00, 62.00, 61.00, 1.00, 1.00
16.00, 71.00, 66.00, 1.00, 0.00
16.00, 74.00, 68.00, 1.00, 0.00
17.00, 55.00, 57.00, 1.00, 1.00
17.00, 62.00, 61.00, 1.00, 1.00
17.00, 71.00, 66.00, 1.00, 0.00
17.00, 79.00, 71.00, 1.00, 0.00
18.00, 38.00, 47.00, 1.00, 1.00
18.00, 62.00, 61.00, 1.00, 0.00
19.00, 50.00, 54.00, 1.00, 1.00
19.00, 54.00, 56.00, 1.00, 1.00
19.00, 60.00, 60.00, 1.00, 1.00
19.00, 69.00, 65.00, 0.50, 0.00
19.00, 72.00, 67.00, 0.50, 0.00
19.50, 68.00, 64.00, 0.50, 0.00
19.50, 71.00, 66.00, 0.50, 0.00
20.00, 69.00, 65.00, 0.50, 0.00
20.00, 72.00, 67.00, 0.50, 0.00
20.50, 72.00, 67.00, 0.50, 0.00
20.50, 76.00, 69.00, 0.50, 0.00
21.00, 43.00, 50.00, 1.00, 1.00
21.00, 72.00, 67.00, 1.00, 0.00
21.00, 76.00, 69.00, 0.33, 0.00
21.33, 78.00, 70.00, 0.33, 0.00
21.67, 76.00, 69.00, 0.33, 0.00
22.00, 50.00, 54.00, 1.00, 1.00
22.00, 55.00, 57.00, 1.00, 1.00
22.00, 59.00, 59.00, 1.00, 1.00
22.00, 71.00, 66.00, 1.50, 0.00
22.00, 74.00, 68.00, 1.50, 0.00
23.00, 50.00, 54.00, 1.00, 1.00
23.00, 55.00, 57.00, 1.00, 1.00
23.00, 59.00, 59.00, 1.00, 1.00
23.50, 67.00, 64.00, 0.50, 0.00
23.50, 71.00, 66.00, 0.50, 0.00
24.00, 43.00, 50.00, 1.00, 1.00
24.00, 62.00, 61.00, 1.00, 0.00
25.00, 55.00, 57.00, 1.00, 1.00
25.00, 62.00, 61.00, 1.00, 1.00
25.00, 67.00, 64.00, 0.50, 0.00
25.00, 71.00, 66.00, 0.50, 0.00
25.50, 66.00, 63.00, 0.50, 0.00
25.50, 69.00, 65.00, 0.50, 0.00
26.00, 55.00, 57.00, 1.00, 1.00
26.00, 62.00, 61.00, 1.00, 1.00
26.00, 67.00, 64.00, 0.50, 0.00
26.00, 71.00, 66.00, 0.50, 0.00
26.50, 69.00, 65.00, 0.50, 0.00
26.50, 72.00, 67.00, 0.50, 0.00
27.00, 55.00, 57.00, 1.00, 1.00
27.00, 62.00, 61.00, 1.00, 1.00
27.00, 71.00, 66.00, 0.50, 0.00
27.00, 74.00, 68.00, 0.50, 0.00
27.50, 70.00, 65.00, 0.50, 0.00
27.50, 73.00, 67.00, 0.50, 0.00
28.00, 55.00, 57.00, 1.00, 1.00
28.00, 62.00, 61.00, 1.00, 1.00
28.00, 71.00, 66.00, 1.00, 0.00
28.00, 74.00, 68.00, 1.00, 0.00
29.00, 52.00, 55.00, 1.00, 1.00
29.00, 59.00, 59.00, 1.00, 1.00
29.00, 64.00, 62.00, 1.00, 1.00
29.00, 68.00, 64.00, 1.00, 0.00
29.00, 74.00, 68.00, 1.00, 0.00
29.00, 83.00, 73.00, 1.00, 0.00
30.00, 57.00, 58.00, 1.00, 1.00
30.00, 64.00, 62.00, 1.00, 1.00
30.00, 67.00, 64.00, 1.00, 0.00
30.00, 69.00, 65.00, 1.00, 0.00
31.00, 57.00, 58.00, 1.00, 1.00
31.00, 64.00, 62.00, 1.00, 1.00
31.00, 67.00, 64.00, 1.00, 0.00
31.00, 72.00, 67.00, 0.50, 0.00
31.50, 71.00, 66.00, 0.50, 0.00
32.00, 50.00, 54.00, 1.00, 1.00
32.00, 57.00, 58.00, 1.00, 1.00
32.00, 60.00, 60.00, 1.00, 1.00
32.00, 66.00, 63.00, 1.00, 0.00
32.00, 72.00, 67.00, 0.50, 0.00
32.50, 76.00, 69.00, 0.50, 0.00
33.00, 55.00, 57.00, 3.00, 1.00
33.00, 60.00, 60.00, 1.00, 1.00
33.00, 66.00, 63.00, 1.00, 0.00
33.00, 76.00, 69.00, 0.33, 0.00
33.33, 78.00, 70.00, 0.33, 0.00
33.67, 76.00, 69.00, 0.33, 0.00
34.00, 59.00, 59.00, 1.00, 1.00
34.00, 67.00, 64.00, 2.00, 0.00
34.00, 74.00, 68.00, 1.50, 0.00
35.00, 62.00, 61.00, 1.00, 1.00
35.50, 71.00, 66.00, 0.50, 0.00
36.00, 33.00, 44.00, 1.00, 1.00
36.00, 69.00, 65.00, 1.50, 0.00
37.00, 45.00, 51.00, 2.00, 1.00
37.00, 52.00, 55.00, 1.00, 1.00
37.00, 61.00, 60.00, 1.00, 0.00
37.50, 67.00, 64.00, 0.50, 0.00
38.00, 57.00, 58.00, 0.50, 1.00
38.00, 61.00, 60.00, 1.00, 0.00
38.00, 66.00, 63.00, 0.50, 0.00
38.50, 55.00, 57.00, 0.50, 1.00
38.50, 64.00, 62.00, 0.50, 0.00
39.00, 50.00, 54.00, 1.00, 1.00
39.00, 57.00, 58.00, 1.00, 1.00
39.00, 60.00, 60.00, 1.00, 0.00
39.00, 66.00, 63.00, 0.50, 0.00
39.50, 62.00, 61.00, 0.50, 0.00
40.00, 43.00, 50.00, 1.00, 1.00
40.00, 50.00, 54.00, 1.00, 1.00
40.00, 59.00, 59.00, 1.00, 0.00
40.00, 67.00, 64.00, 1.00, 0.00
41.00, 31.00, 43.00, 1.00, 1.00
41.00, 71.00, 66.00, 1.00, 0.00
42.00, 36.00, 46.00, 1.00, 1.00
42.00, 72.00, 67.00, 0.50, 0.00
42.75, 76.00, 69.00, 0.25, 0.00
43.00, 55.00, 57.00, 1.00, 1.00
43.00, 60.00, 60.00, 1.00, 1.00
43.00, 64.00, 62.00, 1.00, 1.00
43.00, 79.00, 71.00, 0.33, 0.00
43.33, 81.00, 72.00, 0.33, 0.00
43.67, 79.00, 71.00, 0.33, 0.00
44.00, 55.00, 57.00, 1.00, 1.00
44.00, 60.00, 60.00, 1.00, 1.00
44.00, 64.00, 62.00, 1.00, 1.00
44.00, 78.00, 70.00, 0.50, 0.00
44.50, 76.00, 69.00, 0.50, 0.00
45.00, 43.00, 50.00, 1.00, 1.00
45.00, 83.00, 73.00, 0.50, 0.00
45.75, 81.00, 72.00, 0.25, 0.00
46.00, 50.00, 54.00, 1.00, 1.00
46.00, 55.00, 57.00, 1.00, 1.00
46.00, 59.00, 59.00, 1.00, 1.00
46.00, 79.00, 71.00, 0.50, 0.00
46.75, 76.00, 69.00, 0.25, 0.00
47.00, 74.00, 68.00, 0.50, 0.00
47.75, 71.00, 66.00, 0.25, 0.00
48.00, 33.00, 44.00, 1.00, 1.00
48.00, 69.00, 65.00, 1.50, 0.00
49.00, 45.00, 51.00, 0.50, 1.00
49.00, 61.00, 60.00, 1.00, 0.00
49.50, 52.00, 55.00, 0.50, 1.00
49.50, 67.00, 64.00, 0.50, 0.00
50.00, 57.00, 58.00, 0.50, 1.00
50.00, 61.00, 60.00, 1.00, 0.00
50.00, 66.00, 63.00, 0.50, 0.00
50.50, 55.00, 57.00, 0.50, 1.00
50.50, 64.00, 62.00, 0.50, 0.00
51.00, 50.00, 54.00, 1.00, 1.00
51.00, 57.00, 58.00, 1.00, 1.00
51.00, 60.00, 60.00, 1.00, 0.00
51.00, 66.00, 63.00, 0.50, 0.00
51.50, 62.00, 61.00, 0.50, 0.00
52.00, 43.00, 50.00, 1.00, 1.00
52.00, 50.00, 54.00, 1.00, 1.00
52.00, 59.00, 59.00, 1.00, 0.00
52.00, 67.00, 64.00, 1.00, 0.00
53.00, 31.00, 43.00, 1.00, 1.00
53.00, 71.00, 66.00, 1.00, 0.00
54.00, 38.00, 47.00, 1.00, 1.00
54.00, 69.00, 65.00, 0.50, 0.00
54.75, 72.00, 67.00, 0.25, 0.00
55.00, 50.00, 54.00, 1.00, 1.00
55.00, 54.00, 56.00, 1.00, 1.00
55.00, 60.00, 60.00, 1.00, 1.00
55.00, 76.00, 69.00, 0.33, 0.00
55.33, 78.00, 70.00, 0.33, 0.00
55.67, 76.00, 69.00, 0.33, 0.00
56.00, 50.00, 54.00, 1.00, 1.00
56.00, 54.00, 56.00, 1.00, 1.00
56.00, 60.00, 60.00, 1.00, 1.00
56.00, 74.00, 68.00, 0.50, 0.00
56.50, 72.00, 67.00, 0.50, 0.00
57.00, 43.00, 50.00, 1.00, 1.00
57.00, 71.00, 66.00, 0.50, 0.00
57.75, 69.00, 65.00, 0.25, 0.00
58.00, 50.00, 54.00, 1.00, 1.00
58.00, 59.00, 59.00, 1.00, 1.00
58.00, 67.00, 64.00, 0.50, 0.00
58.75, 64.00, 62.00, 0.25, 0.00
59.00, 62.00, 61.00, 0.50, 0.00
59.75, 59.00, 59.00, 0.25, 0.00
60.00, 33.00, 44.00, 1.00, 1.00
60.00, 69.00, 65.00, 1.50, 0.00
61.00, 45.00, 51.00, 2.00, 1.00
61.00, 52.00, 55.00, 1.00, 1.00
61.00, 61.00, 60.00, 1.00, 0.00
61.50, 67.00, 64.00, 0.50, 0.00
62.00, 57.00, 58.00, 0.50, 1.00
62.00, 61.00, 60.00, 1.00, 0.00
62.00, 66.00, 63.00, 0.50, 0.00
62.50, 55.00, 57.00, 0.50, 1.00
62.50, 64.00, 62.00, 0.50, 0.00
63.00, 50.00, 54.00, 1.00, 1.00
63.00, 57.00, 58.00, 1.00, 1.00
63.00, 60.00, 60.00, 1.00, 0.00
63.00, 66.00, 63.00, 0.50, 0.00
63.50, 62.00, 61.00, 0.50, 0.00
64.00, 43.00, 50.00, 1.00, 1.00
64.00, 50.00, 54.00, 1.00, 1.00
64.00, 59.00, 59.00, 1.00, 0.00
64.00, 67.00, 64.00, 1.00, 0.00
65.00, 31.00, 43.00, 1.00, 1.00
65.00, 71.00, 66.00, 1.00, 0.00
66.00, 36.00, 46.00, 1.00, 1.00
66.00, 72.00, 67.00, 0.50, 0.00
66.75, 76.00, 69.00, 0.25, 0.00
67.00, 55.00, 57.00, 1.00, 1.00
67.00, 60.00, 60.00, 1.00, 1.00
67.00, 64.00, 62.00, 1.00, 1.00
67.00, 79.00, 71.00, 0.33, 0.00
67.33, 81.00, 72.00, 0.33, 0.00
67.67, 79.00, 71.00, 0.33, 0.00
68.00, 55.00, 57.00, 1.00, 1.00
68.00, 60.00, 60.00, 1.00, 1.00
68.00, 64.00, 62.00, 1.00, 1.00
68.00, 78.00, 70.00, 0.50, 0.00
68.50, 76.00, 69.00, 0.50, 0.00
69.00, 43.00, 50.00, 1.00, 1.00
69.00, 83.00, 73.00, 0.50, 0.00
69.75, 81.00, 72.00, 0.25, 0.00
70.00, 50.00, 54.00, 1.00, 1.00
70.00, 55.00, 57.00, 1.00, 1.00
70.00, 59.00, 59.00, 1.00, 1.00
70.00, 79.00, 71.00, 0.50, 0.00
70.75, 76.00, 69.00, 0.25, 0.00
71.00, 74.00, 68.00, 0.50, 0.00
71.75, 71.00, 66.00, 0.25, 0.00
72.00, 33.00, 44.00, 1.00, 1.00
72.00, 69.00, 65.00, 1.50, 0.00
73.00, 45.00, 51.00, 0.50, 1.00
73.00, 61.00, 60.00, 1.00, 0.00
73.50, 52.00, 55.00, 0.50, 1.00
73.50, 67.00, 64.00, 0.50, 0.00
74.00, 57.00, 58.00, 0.50, 1.00
74.00, 61.00, 60.00, 1.00, 0.00
74.00, 66.00, 63.00, 0.50, 0.00
74.50, 55.00, 57.00, 0.50, 1.00
74.50, 64.00, 62.00, 0.50, 0.00
75.00, 50.00, 54.00, 1.00, 1.00
75.00, 57.00, 58.00, 1.00, 1.00
75.00, 60.00, 60.00, 1.00, 0.00
75.00, 66.00, 63.00, 0.50, 0.00
75.50, 62.00, 61.00, 0.50, 0.00
76.00, 43.00, 50.00, 1.00, 1.00
76.00, 50.00, 54.00, 1.00, 1.00
76.00, 59.00, 59.00, 1.00, 0.00
76.00, 67.00, 64.00, 1.00, 0.00
77.00, 31.00, 43.00, 1.00, 1.00
77.00, 71.00, 66.00, 1.00, 0.00
78.00, 38.00, 47.00, 1.00, 1.00
78.00, 69.00, 65.00, 0.50, 0.00
78.75, 72.00, 67.00, 0.25, 0.00
79.00, 50.00, 54.00, 1.00, 1.00
79.00, 54.00, 56.00, 1.00, 1.00
79.00, 60.00, 60.00, 1.00, 1.00
79.00, 76.00, 69.00, 0.33, 0.00
79.33, 78.00, 70.00, 0.33, 0.00
79.67, 76.00, 69.00, 0.33, 0.00
80.00, 50.00, 54.00, 1.00, 1.00
80.00, 54.00, 56.00, 1.00, 1.00
80.00, 60.00, 60.00, 1.00, 1.00
80.00, 74.00, 68.00, 0.50, 0.00
80.50, 72.00, 67.00, 0.50, 0.00
81.00, 43.00, 50.00, 1.00, 1.00
81.00, 71.00, 66.00, 0.50, 0.00
81.75, 69.00, 65.00, 0.25, 0.00
82.00, 50.00, 54.00, 1.00, 1.00
82.00, 59.00, 59.00, 1.00, 1.00
82.00, 67.00, 64.00, 0.50, 0.00
82.75, 64.00, 62.00, 0.25, 0.00
83.00, 62.00, 61.00, 0.50, 0.00
83.75, 59.00, 59.00, 0.25, 0.00
84.00, 31.00, 43.00, 1.00, 1.00
84.00, 43.00, 50.00, 1.00, 1.00
84.00, 55.00, 57.00, 1.00, 0.00
85.00, 55.00, 57.00, 2.00, 1.00
85.00, 62.00, 61.00, 2.00, 1.00
85.00, 65.00, 63.00, 2.00, 1.00
85.00, 67.00, 64.00, 2.00, 0.00
85.00, 79.00, 71.00, 2.00, 0.00
87.00, 48.00, 53.00, 1.00, 1.00
87.00, 67.00, 64.00, 0.75, 0.00
87.00, 76.00, 69.00, 0.75, 0.00
87.75, 66.00, 63.00, 0.25, 0.00
87.75, 75.00, 68.00, 0.25, 0.00
88.00, 55.00, 57.00, 1.00, 1.00
88.00, 60.00, 60.00, 1.00, 1.00
88.00, 64.00, 62.00, 1.00, 1.00
88.00, 67.00, 64.00, 1.00, 0.00
88.00, 76.00, 69.00, 1.00, 0.00
89.00, 55.00, 57.00, 1.00, 1.00
89.00, 60.00, 60.00, 1.00, 1.00
89.00, 64.00, 62.00, 1.00, 1.00
89.00, 69.00, 65.00, 1.00, 0.00
89.00, 77.00, 70.00, 1.00, 0.00
90.00, 43.00, 50.00, 1.00, 1.00
90.00, 65.00, 63.00, 0.75, 0.00
90.00, 74.00, 68.00, 0.75, 0.00
90.75, 64.00, 62.00, 0.25, 0.00
90.75, 73.00, 67.00, 0.25, 0.00
91.00, 50.00, 54.00, 1.00, 1.00
91.00, 55.00, 57.00, 1.00, 1.00
91.00, 59.00, 59.00, 1.00, 1.00
91.00, 65.00, 63.00, 1.00, 0.00
91.00, 74.00, 68.00, 1.00, 0.00
92.00, 50.00, 54.00, 1.00, 1.00
92.00, 55.00, 57.00, 1.00, 1.00
92.00, 59.00, 59.00, 1.00, 1.00
92.00, 67.00, 64.00, 1.00, 0.00
92.00, 76.00, 69.00, 1.00, 0.00
93.00, 48.00, 53.00, 2.00, 1.00
93.00, 64.00, 62.00, 0.75, 0.00
93.00, 72.00, 67.00, 0.75, 0.00
93.75, 63.00, 61.00, 0.25, 0.00
93.75, 71.00, 66.00, 0.25, 0.00
94.00, 55.00, 57.00, 1.00, 1.00
94.00, 60.00, 60.00, 1.00, 1.00
94.00, 64.00, 62.00, 1.00, 0.00
94.00, 72.00, 67.00, 1.00, 0.00
95.00, 54.00, 56.00, 1.00, 1.00
95.00, 60.00, 60.00, 1.00, 1.00
95.00, 63.00, 61.00, 1.00, 0.00
95.00, 69.00, 65.00, 1.00, 0.00
96.00, 43.00, 50.00, 1.00, 1.00
96.00, 55.00, 57.00, 1.00, 1.00
96.00, 59.00, 59.00, 1.00, 0.00
96.00, 62.00, 61.00, 1.00, 0.00
96.00, 65.00, 63.00, 1.00, 0.00
96.00, 67.00, 64.00, 1.00, 0.00
97.00, 55.00, 57.00, 2.00, 1.00
97.00, 62.00, 61.00, 2.00, 1.00
97.00, 65.00, 63.00, 2.00, 1.00
97.00, 67.00, 64.00, 2.00, 0.00
97.00, 71.00, 66.00, 2.00, 0.00
97.00, 79.00, 71.00, 2.00, 0.00
99.00, 60.00, 60.00, 1.00, 1.00
99.00, 64.00, 62.00, 1.00, 1.00
99.00, 67.00, 64.00, 1.00, 0.00
99.00, 72.00, 67.00, 1.00, 0.00
99.00, 76.00, 69.00, 0.50, 0.00
99.50, 75.00, 68.00, 0.50, 0.00
100.00, 60.00, 60.00, 1.00, 1.00
100.00, 64.00, 62.00, 1.00, 1.00
100.00, 67.00, 64.00, 1.00, 0.00
100.00, 72.00, 67.00, 1.00, 0.00
100.00, 76.00, 69.00, 1.00, 0.00
101.00, 53.00, 56.00, 1.00, 1.00
101.00, 60.00, 60.00, 1.00, 1.00
101.00, 65.00, 63.00, 1.00, 1.00
101.00, 69.00, 65.00, 1.00, 0.00
101.00, 72.00, 67.00, 1.00, 0.00
101.00, 77.00, 70.00, 1.00, 0.00
102.00, 59.00, 59.00, 1.00, 1.00
102.00, 65.00, 63.00, 1.00, 1.00
102.00, 69.00, 65.00, 1.00, 0.00
102.00, 74.00, 68.00, 0.50, 0.00
102.50, 73.00, 67.00, 0.50, 0.00
103.00, 59.00, 59.00, 1.00, 1.00
103.00, 65.00, 63.00, 1.00, 1.00
103.00, 69.00, 65.00, 1.00, 0.00
103.00, 74.00, 68.00, 1.00, 0.00
104.00, 52.00, 55.00, 1.00, 1.00
104.00, 59.00, 59.00, 1.00, 1.00
104.00, 68.00, 64.00, 1.00, 0.00
104.00, 76.00, 69.00, 1.00, 0.00
105.00, 57.00, 58.00, 1.00, 1.00
105.00, 64.00, 62.00, 1.00, 1.00
105.00, 67.00, 64.00, 1.00, 0.00
105.00, 72.00, 67.00, 0.50, 0.00
105.50, 71.00, 66.00, 0.50, 0.00
106.00, 57.00, 58.00, 1.00, 1.00
106.00, 64.00, 62.00, 1.00, 1.00
106.00, 67.00, 64.00, 1.00, 0.00
106.00, 72.00, 67.00, 1.00, 0.00
107.00, 50.00, 54.00, 1.00, 1.00
107.00, 57.00, 58.00, 1.00, 1.00
107.00, 65.00, 63.00, 1.00, 0.00
107.00, 69.00, 65.00, 1.00, 0.00
108.00, 43.00, 50.00, 1.00, 1.00
108.00, 55.00, 57.00, 1.00, 1.00
108.00, 59.00, 59.00, 1.00, 0.00
108.00, 62.00, 61.00, 1.00, 0.00
108.00, 65.00, 63.00, 1.00, 0.00
108.00, 67.00, 64.00, 1.00, 0.00
109.00, 55.00, 57.00, 2.00, 1.00
109.00, 62.00, 61.00, 2.00, 1.00
109.00, 65.00, 63.00, 2.00, 1.00
109.00, 67.00, 64.00, 2.00, 0.00
109.00, 71.00, 66.00, 2.00, 0.00
109.00, 79.00, 71.00, 2.00, 0.00
111.00, 48.00, 53.00, 1.00, 1.00
111.00, 55.00, 57.00, 1.00, 1.00
111.00, 67.00, 64.00, 0.50, 0.00
111.00, 76.00, 69.00, 0.50, 0.00
111.75, 66.00, 63.00, 0.25, 0.00
111.75, 75.00, 68.00, 0.25, 0.00
112.00, 55.00, 57.00, 2.00, 1.00
112.00, 67.00, 64.00, 1.00, 0.00
112.00, 76.00, 69.00, 1.00, 0.00
113.00, 69.00, 65.00, 1.00, 0.00
113.00, 77.00, 70.00, 1.00, 0.00
114.00, 48.00, 53.00, 3.00, 1.00
114.00, 55.00, 57.00, 1.00, 1.00
114.00, 65.00, 63.00, 0.50, 0.00
114.00, 74.00, 68.00, 0.50, 0.00
114.75, 64.00, 62.00, 0.25, 0.00
114.75, 73.00, 67.00, 0.25, 0.00
115.00, 55.00, 57.00, 2.00, 1.00
115.00, 65.00, 63.00, 1.00, 0.00
115.00, 74.00, 68.00, 1.00, 0.00
116.00, 67.00, 64.00, 1.00, 0.00
116.00, 76.00, 69.00, 1.00, 0.00
117.00, 48.00, 53.00, 3.00, 1.00
117.00, 55.00, 57.00, 1.00, 1.00
117.00, 64.00, 62.00, 0.50, 0.00
117.00, 72.00, 67.00, 0.50, 0.00
117.75, 63.00, 61.00, 0.25, 0.00
117.75, 71.00, 66.00, 0.25, 0.00
118.00, 55.00, 57.00, 2.00, 1.00
118.00, 64.00, 62.00, 1.00, 0.00
118.00, 72.00, 67.00, 1.00, 0.00
119.00, 60.00, 60.00, 1.00, 0.00
119.00, 69.00, 65.00, 1.00, 0.00
120.00, 43.00, 50.00, 1.00, 1.00
120.00, 55.00, 57.00, 1.00, 1.00
120.00, 59.00, 59.00, 1.00, 0.00
120.00, 65.00, 63.00, 1.00, 0.00
120.00, 67.00, 64.00, 1.00, 0.00
121.00, 55.00, 57.00, 2.00, 1.00
121.00, 62.00, 61.00, 2.00, 1.00
121.00, 65.00, 63.00, 2.00, 1.00
121.00, 67.00, 64.00, 2.00, 0.00
121.00, 71.00, 66.00, 2.00, 0.00
121.00, 79.00, 71.00, 2.00, 0.00
123.00, 48.00, 53.00, 1.00, 1.00
123.00, 60.00, 60.00, 1.00, 1.00
123.00, 67.00, 64.00, 1.00, 0.00
123.00, 70.00, 66.00, 1.00, 0.00
123.00, 76.00, 69.00, 0.50, 0.00
123.50, 74.00, 68.00, 0.50, 0.00
124.00, 48.00, 53.00, 1.00, 1.00
124.00, 60.00, 60.00, 1.00, 1.00
124.00, 67.00, 64.00, 1.00, 0.00
124.00, 70.00, 66.00, 1.00, 0.00
124.00, 76.00, 69.00, 1.00, 0.00
125.00, 53.00, 56.00, 1.00, 1.00
125.00, 60.00, 60.00, 1.00, 1.00
125.00, 65.00, 63.00, 1.00, 0.00
125.00, 69.00, 65.00, 1.00, 0.00
125.00, 77.00, 70.00, 1.00, 0.00
126.00, 53.00, 56.00, 1.00, 1.00
126.00, 60.00, 60.00, 1.00, 1.00
126.00, 65.00, 63.00, 1.00, 0.00
126.00, 68.00, 65.00, 1.00, 0.00
126.00, 74.00, 68.00, 0.50, 0.00
126.50, 73.00, 67.00, 0.50, 0.00
127.00, 53.00, 56.00, 1.00, 1.00
127.00, 60.00, 60.00, 1.00, 1.00
127.00, 65.00, 63.00, 1.00, 0.00
127.00, 68.00, 65.00, 1.00, 0.00
127.00, 74.00, 68.00, 1.00, 0.00
128.00, 55.00, 57.00, 1.00, 1.00
128.00, 59.00, 59.00, 1.00, 1.00
128.00, 65.00, 63.00, 1.00, 0.00
128.00, 67.00, 64.00, 1.00, 0.00
128.00, 76.00, 69.00, 1.00, 0.00
129.00, 48.00, 53.00, 1.00, 1.00
129.00, 55.00, 57.00, 1.00, 1.00
129.00, 60.00, 60.00, 1.00, 1.00
129.00, 64.00, 62.00, 1.00, 0.00
129.00, 67.00, 64.00, 1.00, 0.00
129.00, 72.00, 67.00, 0.50, 0.00
129.50, 71.00, 66.00, 0.50, 0.00
130.00, 57.00, 58.00, 1.00, 1.00
130.00, 60.00, 60.00, 1.00, 1.00
130.00, 64.00, 62.00, 1.00, 0.00
130.00, 69.00, 65.00, 1.00, 0.00
130.00, 72.00, 67.00, 1.00, 0.00
131.00, 50.00, 54.00, 1.00, 1.00
131.00, 57.00, 58.00, 1.00, 1.00
131.00, 60.00, 60.00, 1.00, 1.00
131.00, 62.00, 61.00, 1.00, 0.00
131.00, 66.00, 63.00, 1.00, 0.00
131.00, 74.00, 68.00, 1.00, 0.00
132.00, 31.00, 43.00, 1.00, 1.00
132.00, 43.00, 50.00, 1.00, 1.00
132.00, 62.00, 61.00, 1.00, 0.00
133.00, 55.00, 57.00, 1.00, 1.00
133.00, 62.00, 61.00, 1.00, 1.00
133.00, 67.00, 64.00, 0.50, 0.00
133.00, 71.00, 66.00, 0.50, 0.00
133.50, 66.00, 63.00, 0.50, 0.00
133.50, 69.00, 65.00, 0.50, 0.00
134.00, 55.00, 57.00, 1.00, 1.00
134.00, 62.00, 61.00, 1.00, 1.00
134.00, 67.00, 64.00, 0.50, 0.00
134.00, 71.00, 66.00, 0.50, 0.00
134.50, 69.00, 65.00, 0.50, 0.00
134.50, 72.00, 67.00, 0.50, 0.00
135.00, 55.00, 57.00, 1.00, 1.00
135.00, 62.00, 61.00, 1.00, 1.00
135.00, 71.00, 66.00, 0.50, 0.00
135.00, 74.00, 68.00, 0.50, 0.00
135.50, 70.00, 65.00, 0.50, 0.00
135.50, 73.00, 67.00, 0.50, 0.00
136.00, 55.00, 57.00, 1.00, 1.00
136.00, 62.00, 61.00, 1.00, 1.00
136.00, 71.00, 66.00, 1.00, 0.00
136.00, 74.00, 68.00, 1.00, 0.00
137.00, 55.00, 57.00, 1.00, 1.00
137.00, 62.00, 61.00, 1.00, 1.00
137.00, 71.00, 66.00, 1.00, 0.00
137.00, 79.00, 71.00, 1.00, 0.00
138.00, 38.00, 47.00, 1.00, 1.00
138.00, 62.00, 61.00, 1.00, 0.00
139.00, 50.00, 54.00, 1.00, 1.00
139.00, 54.00, 56.00, 1.00, 1.00
139.00, 60.00, 60.00, 1.00, 1.00
139.00, 69.00, 65.00, 0.50, 0.00
139.00, 72.00, 67.00, 0.50, 0.00
139.50, 68.00, 64.00, 0.50, 0.00
139.50, 71.00, 66.00, 0.50, 0.00
140.00, 69.00, 65.00, 0.50, 0.00
140.00, 72.00, 67.00, 0.50, 0.00
140.50, 72.00, 67.00, 0.50, 0.00
140.50, 76.00, 69.00, 0.50, 0.00
141.00, 43.00, 50.00, 1.00, 1.00
141.00, 72.00, 67.00, 1.00, 0.00
141.00, 76.00, 69.00, 0.33, 0.00
141.33, 78.00, 70.00, 0.33, 0.00
141.67, 76.00, 69.00, 0.33, 0.00
142.00, 50.00, 54.00, 1.00, 1.00
142.00, 55.00, 57.00, 1.00, 1.00
142.00, 59.00, 59.00, 1.00, 1.00
142.00, 71.00, 66.00, 1.50, 0.00
142.00, 74.00, 68.00, 2.00, 0.00
143.00, 50.00, 54.00, 1.00, 1.00
143.00, 55.00, 57.00, 1.00, 1.00
143.00, 59.00, 59.00, 1.00, 1.00
143.50, 67.00, 64.00, 0.50, 0.00
143.50, 71.00, 66.00, 0.50, 0.00
144.00, 43.00, 50.00, 1.00, 1.00
144.00, 62.00, 61.00, 1.00, 0.00
145.00, 55.00, 57.00, 1.00, 1.00
145.00, 62.00, 61.00, 1.00, 1.00
145.00, 67.00, 64.00, 0.50, 0.00
145.00, 71.00, 66.00, 0.50, 0.00
145.50, 66.00, 63.00, 0.50, 0.00
145.50, 69.00, 65.00, 0.50, 0.00
146.00, 55.00, 57.00, 1.00, 1.00
146.00, 62.00, 61.00, 1.00, 1.00
146.00, 67.00, 64.00, 0.50, 0.00
146.00, 71.00, 66.00, 0.50, 0.00
146.50, 69.00, 65.00, 0.50, 0.00
146.50, 72.00, 67.00, 0.50, 0.00
147.00, 55.00, 57.00, 1.00, 1.00
147.00, 62.00, 61.00, 1.00, 1.00
147.00, 71.00, 66.00, 0.50, 0.00
147.00, 74.00, 68.00, 0.50, 0.00
147.50, 70.00, 65.00, 0.50, 0.00
147.50, 73.00, 67.00, 0.50, 0.00
148.00, 55.00, 57.00, 1.00, 1.00
148.00, 62.00, 61.00, 1.00, 1.00
148.00, 71.00, 66.00, 1.00, 0.00
148.00, 74.00, 68.00, 1.00, 0.00
149.00, 52.00, 55.00, 1.00, 1.00
149.00, 59.00, 59.00, 1.00, 1.00
149.00, 64.00, 62.00, 1.00, 1.00
149.00, 68.00, 64.00, 1.00, 0.00
149.00, 74.00, 68.00, 1.00, 0.00
149.00, 83.00, 73.00, 1.00, 0.00
150.00, 57.00, 58.00, 1.00, 1.00
150.00, 64.00, 62.00, 1.00, 1.00
150.00, 67.00, 64.00, 1.00, 0.00
150.00, 69.00, 65.00, 1.00, 0.00
151.00, 57.00, 58.00, 1.00, 1.00
151.00, 64.00, 62.00, 1.00, 1.00
151.00, 67.00, 64.00, 1.00, 0.00
151.00, 72.00, 67.00, 0.50, 0.00
151.50, 71.00, 66.00, 0.50, 0.00
152.00, 50.00, 54.00, 1.00, 1.00
152.00, 57.00, 58.00, 1.00, 1.00
152.00, 60.00, 60.00, 1.00, 1.00
152.00, 66.00, 63.00, 1.00, 0.00
152.00, 72.00, 67.00, 0.50, 0.00
152.50, 76.00, 69.00, 0.50, 0.00
153.00, 55.00, 57.00, 3.00, 1.00
153.00, 60.00, 60.00, 1.00, 1.00
153.00, 66.00, 63.00, 1.00, 0.00
153.00, 76.00, 69.00, 0.33, 0.00
153.33, 78.00, 70.00, 0.33, 0.00
153.67, 76.00, 69.00, 0.33, 0.00
154.00, 59.00, 59.00, 1.00, 1.00
154.00, 67.00, 64.00, 2.00, 0.00
154.00, 74.00, 68.00, 1.50, 0.00
155.00, 62.00, 61.00, 1.00, 1.00
155.50, 71.00, 66.00, 0.50, 0.00
156.00, 33.00, 44.00, 1.00, 1.00
156.00, 69.00, 65.00, 1.50, 0.00
157.00, 45.00, 51.00, 2.00, 1.00
157.00, 52.00, 55.00, 1.00, 1.00
157.00, 61.00, 60.00, 1.00, 0.00
157.50, 67.00, 64.00, 0.50, 0.00
158.00, 57.00, 58.00, 0.50, 1.00
158.00, 61.00, 60.00, 1.00, 0.00
158.00, 66.00, 63.00, 0.50, 0.00
158.50, 55.00, 57.00, 0.50, 1.00
158.50, 64.00, 62.00, 0.50, 0.00
159.00, 50.00, 54.00, 1.00, 1.00
159.00, 57.00, 58.00, 1.00, 1.00
159.00, 60.00, 60.00, 1.00, 0.00
159.00, 66.00, 63.00, 0.50, 0.00
159.50, 62.00, 61.00, 0.50, 0.00
160.00, 43.00, 50.00, 1.00, 1.00
160.00, 50.00, 54.00, 1.00, 1.00
160.00, 59.00, 59.00, 1.00, 0.00
160.00, 67.00, 64.00, 1.00, 0.00
161.00, 31.00, 43.00, 1.00, 1.00
161.00, 71.00, 66.00, 1.00, 0.00
162.00, 36.00, 46.00, 1.00, 1.00
162.00, 72.00, 67.00, 0.50, 0.00
162.75, 76.00, 69.00, 0.25, 0.00
163.00, 55.00, 57.00, 1.00, 1.00
163.00, 60.00, 60.00, 1.00, 1.00
163.00, 64.00, 62.00, 1.00, 1.00
163.00, 79.00, 71.00, 0.33, 0.00
163.33, 81.00, 72.00, 0.33, 0.00
163.67, 79.00, 71.00, 0.33, 0.00
164.00, 55.00, 57.00, 1.00, 1.00
164.00, 60.00, 60.00, 1.00, 1.00
164.00, 64.00, 62.00, 1.00, 1.00
164.00, 78.00, 70.00, 0.50, 0.00
164.50, 76.00, 69.00, 0.50, 0.00
165.00, 43.00, 50.00, 1.00, 1.00
165.00, 83.00, 73.00, 0.50, 0.00
165.75, 81.00, 72.00, 0.25, 0.00
166.00, 50.00, 54.00, 1.00, 1.00
166.00, 55.00, 57.00, 1.00, 1.00
166.00, 59.00, 59.00, 1.00, 1.00
166.00, 79.00, 71.00, 0.50, 0.00
166.75, 76.00, 69.00, 0.25, 0.00
167.00, 74.00, 68.00, 0.50, 0.00
167.75, 71.00, 66.00, 0.25, 0.00
168.00, 33.00, 44.00, 1.00, 1.00
168.00, 69.00, 65.00, 1.50, 0.00
169.00, 45.00, 51.00, 0.50, 1.00
169.00, 61.00, 60.00, 1.00, 0.00
169.50, 52.00, 55.00, 0.50, 1.00
169.50, 67.00, 64.00, 0.50, 0.00
170.00, 57.00, 58.00, 0.50, 1.00
170.00, 61.00, 60.00, 1.00, 0.00
170.00, 66.00, 63.00, 0.50, 0.00
170.50, 55.00, 57.00, 0.50, 1.00
170.50, 64.00, 62.00, 0.50, 0.00
171.00, 50.00, 54.00, 1.00, 1.00
171.00, 57.00, 58.00, 1.00, 1.00
171.00, 60.00, 60.00, 1.00, 0.00
171.00, 66.00, 63.00, 0.50, 0.00
171.50, 62.00, 61.00, 0.50, 0.00
172.00, 43.00, 50.00, 1.00, 1.00
172.00, 50.00, 54.00, 1.00, 1.00
172.00, 59.00, 59.00, 1.00, 0.00
172.00, 67.00, 64.00, 1.00, 0.00
173.00, 31.00, 43.00, 1.00, 1.00
173.00, 71.00, 66.00, 1.00, 0.00
174.00, 38.00, 47.00, 1.00, 1.00
174.00, 69.00, 65.00, 0.50, 0.00
174.75, 72.00, 67.00, 0.25, 0.00
175.00, 50.00, 54.00, 1.00, 1.00
175.00, 57.00, 58.00, 1.00, 1.00
175.00, 60.00, 60.00, 1.00, 1.00
175.00, 76.00, 69.00, 0.33, 0.00
175.33, 78.00, 70.00, 0.33, 0.00
175.67, 76.00, 69.00, 0.33, 0.00
176.00, 50.00, 54.00, 1.00, 1.00
176.00, 57.00, 58.00, 1.00, 1.00
176.00, 60.00, 60.00, 1.00, 1.00
176.00, 74.00, 68.00, 0.75, 0.00
176.75, 66.00, 63.00, 0.25, 0.00
177.00, 55.00, 57.00, 1.00, 1.00
177.00, 59.00, 59.00, 1.00, 1.00
177.00, 67.00, 64.00, 1.00, 0.00
178.00, 31.00, 43.00, 1.00, 1.00
178.00, 43.00, 50.00, 1.00, 1.00
178.00, 79.00, 71.00, 1.00, 0.00
178.00, 83.00, 73.00, 1.00, 0.00
178.00, 91.00, 78.00, 1.00, 0.00
