ontime, MNN, MPN, duration, channel
-1.25, 64.00, 62.00, 0.25, 0.00
-1.00, 69.00, 65.00, 0.75, 0.00
-0.25, 72.00, 67.00, 0.25, 0.00
0.00, 33.00, 44.00, 1.00, 1.00
0.00, 76.00, 69.00, 0.75, 0.00
0.75, 76.00, 69.00, 0.25, 0.00
1.00, 52.00, 55.00, 1.00, 1.00
1.00, 60.00, 60.00, 1.00, 1.00
1.00, 72.00, 67.00, 1.00, 0.00
2.00, 52.00, 55.00, 1.00, 1.00
2.00, 59.00, 59.00, 1.00, 1.00
2.00, 75.00, 68.00, 1.00, 0.00
3.00, 45.00, 51.00, 1.00, 1.00
3.00, 76.00, 69.00, 0.75, 0.00
3.75, 76.00, 69.00, 0.25, 0.00
4.00, 52.00, 55.00, 1.00, 1.00
4.00, 60.00, 60.00, 1.00, 1.00
4.00, 69.00, 65.00, 1.00, 0.00
5.00, 52.00, 55.00, 1.00, 1.00
5.00, 60.00, 60.00, 1.00, 1.00
5.00, 72.00, 67.00, 1.00, 0.00
6.00, 45.00, 51.00, 1.00, 1.00
6.00, 71.00, 66.00, 0.75, 0.00
6.75, 71.00, 66.00, 0.25, 0.00
7.00, 52.00, 55.00, 1.00, 1.00
7.00, 62.00, 61.00, 1.00, 1.00
7.00, 66.00, 63.00, 1.00, 0.00
8.00, 52.00, 55.00, 1.00, 1.00
8.00, 62.00, 61.00, 1.00, 1.00
8.00, 68.00, 64.00, 1.00, 0.00
9.00, 45.00, 51.00, 1.00, 1.00
9.00, 69.00, 65.00, 0.50, 0.00
9.75, 64.00, 62.00, 0.25, 0.00
10.00, 52.00, 55.00, 1.00, 1.00
10.00, 60.00, 60.00, 1.00, 1.00
10.00, 69.00, 65.00, 0.50, 0.00
10.75, 64.00, 62.00, 0.25, 0.00
11.00, 52.00, 55.00, 1.00, 1.00
11.00, 60.00, 60.00, 1.00, 1.00
11.00, 69.00, 65.00, 0.50, 0.00
11.75, 72.00, 67.00, 0.25, 0.00
12.00, 45.00, 51.00, 1.00, 1.00
12.00, 76.00, 69.00, 0.50, 0.00
12.75, 76.00, 69.00, 0.25, 0.00
13.00, 52.00, 55.00, 1.00, 1.00
13.00, 60.00, 60.00, 1.00, 1.00
13.00, 72.00, 67.00, 1.00, 0.00
14.00, 52.00, 55.00, 1.00, 1.00
14.00, 59.00, 59.00, 1.00, 1.00
14.00, 75.00, 68.00, 1.00, 0.00
15.00, 45.00, 51.00, 1.00, 1.00
15.00, 76.00, 69.00, 0.75, 0.00
15.75, 76.00, 69.00, 0.25, 0.00
16.00, 52.00, 55.00, 1.00, 1.00
16.00, 60.00, 60.00, 1.00, 1.00
16.00, 69.00, 65.00, 1.00, 0.00
17.00, 52.00, 55.00, 1.00, 1.00
17.00, 60.00, 60.00, 1.00, 1.00
17.00, 72.00, 67.00, 1.00, 0.00
18.00, 45.00, 51.00, 1.00, 1.00
18.00, 71.00, 66.00, 0.75, 0.00
18.75, 71.00, 66.00, 0.25, 0.00
19.00, 52.00, 55.00, 1.00, 1.00
19.00, 62.00, 61.00, 1.00, 1.00
19.00, 66.00, 63.00, 1.00, 0.00
20.00, 52.00, 55.00, 1.00, 1.00
20.00, 62.00, 61.00, 1.00, 1.00
20.00, 68.00, 64.00, 1.00, 0.00
21.00, 45.00, 51.00, 1.00, 1.00
21.00, 81.00, 72.00, 1.00, 0.00
22.00, 52.00, 55.00, 1.00, 1.00
22.00, 60.00, 60.00, 1.00, 1.00
22.75, 64.00, 62.00, 0.25, 0.00
23.00, 69.00, 65.00, 0.75, 0.00
23.75, 72.00, 67.00, 0.25, 0.00
24.00, 33.00, 44.00, 1.00, 1.00
24.00, 76.00, 69.00, 0.75, 0.00
24.75, 76.00, 69.00, 0.25, 0.00
25.00, 52.00, 55.00, 1.00, 1.00
25.00, 60.00, 60.00, 1.00, 1.00
25.00, 72.00, 67.00, 1.00, 0.00
26.00, 52.00, 55.00, 1.00, 1.00
26.00, 59.00, 59.00, 1.00, 1.00
26.00, 75.00, 68.00, 1.00, 0.00
27.00, 45.00, 51.00, 1.00, 1.00
27.00, 76.00, 69.00, 0.75, 0.00
27.75, 76.00, 69.00, 0.25, 0.00
28.00, 52.00, 55.00, 1.00, 1.00
28.00, 60.00, 60.00, 1.00, 1.00
28.00, 69.00, 65.00, 1.00, 0.00
29.00, 52.00, 55.00, 1.00, 1.00
29.00, 60.00, 60.00, 1.00, 1.00
29.00, 72.00, 67.00, 1.00, 0.00
30.00, 45.00, 51.00, 1.00, 1.00
30.00, 71.00, 66.00, 0.75, 0.00
30.75, 71.00, 66.00, 0.25, 0.00
31.00, 52.00, 55.00, 1.00, 1.00
31.00, 62.00, 61.00, 1.00, 1.00
31.00, 66.00, 63.00, 1.00, 0.00
32.00, 52.00, 55.00, 1.00, 1.00
32.00, 62.00, 61.00, 1.00, 1.00
32.00, 68.00, 64.00, 1.00, 0.00
33.00, 45.00, 51.00, 1.00, 1.00
33.00, 69.00, 65.00, 0.50, 0.00
33.75, 64.00, 62.00, 0.25, 0.00
34.00, 52.00, 55.00, 1.00, 1.00
34.00, 60.00, 60.00, 1.00, 1.00
34.00, 69.00, 65.00, 0.50, 0.00
34.75, 64.00, 62.00, 0.25, 0.00
35.00, 52.00, 55.00, 1.00, 1.00
35.00, 60.00, 60.00, 1.00, 1.00
35.00, 69.00, 65.00, 0.50, 0.00
35.75, 72.00, 67.00, 0.25, 0.00
36.00, 45.00, 51.00, 1.00, 1.00
36.00, 76.00, 69.00, 0.50, 0.00
36.75, 76.00, 69.00, 0.25, 0.00
37.00, 52.00, 55.00, 1.00, 1.00
37.00, 60.00, 60.00, 1.00, 1.00
37.00, 72.00, 67.00, 1.00, 0.00
38.00, 52.00, 55.00, 1.00, 1.00
38.00, 59.00, 59.00, 1.00, 1.00
38.00, 75.00, 68.00, 1.00, 0.00
39.00, 45.00, 51.00, 1.00, 1.00
39.00, 76.00, 69.00, 0.75, 0.00
39.75, 76.00, 69.00, 0.25, 0.00
40.00, 52.00, 55.00, 1.00, 1.00
40.00, 60.00, 60.00, 1.00, 1.00
40.00, 69.00, 65.00, 1.00, 0.00
41.00, 52.00, 55.00, 1.00, 1.00
41.00, 60.00, 60.00, 1.00, 1.00
41.00, 72.00, 67.00, 1.00, 0.00
42.00, 45.00, 51.00, 1.00, 1.00
42.00, 71.00, 66.00, 0.75, 0.00
42.75, 71.00, 66.00, 0.25, 0.00
43.00, 52.00, 55.00, 1.00, 1.00
43.00, 62.00, 61.00, 1.00, 1.00
43.00, 66.00, 63.00, 1.00, 0.00
44.00, 52.00, 55.00, 1.00, 1.00
44.00, 62.00, 61.00, 1.00, 1.00
44.00, 68.00, 64.00, 1.00, 0.00
45.00, 57.00, 58.00, 1.00, 1.00
45.00, 60.00, 60.00, 1.00, 1.00
45.00, 81.00, 72.00, 1.00, 0.00
46.75, 67.00, 64.00, 0.25, 0.00
47.00, 72.00, 67.00, 0.75, 0.00
47.75, 76.00, 69.00, 0.25, 0.00
48.00, 48.00, 53.00, 1.00, 1.00
48.00, 79.00, 71.00, 0.75, 0.00
48.75, 79.00, 71.00, 0.25, 0.00
49.00, 55.00, 57.00, 1.00, 1.00
49.00, 64.00, 62.00, 1.00, 1.00
49.00, 76.00, 69.00, 1.00, 0.00
50.00, 55.00, 57.00, 1.00, 1.00
50.00, 63.00, 61.00, 1.00, 1.00
50.00, 78.00, 70.00, 1.00, 0.00
51.00, 48.00, 53.00, 1.00, 1.00
51.00, 79.00, 71.00, 0.75, 0.00
51.75, 79.00, 71.00, 0.25, 0.00
52.00, 55.00, 57.00, 1.00, 1.00
52.00, 64.00, 62.00, 1.00, 1.00
52.00, 76.00, 69.00, 1.00, 0.00
53.00, 55.00, 57.00, 1.00, 1.00
53.00, 63.00, 61.00, 1.00, 1.00
53.00, 78.00, 70.00, 1.00, 0.00
54.00, 48.00, 53.00, 1.00, 1.00
54.00, 79.00, 71.00, 0.50, 0.00
54.75, 79.00, 71.00, 0.25, 0.00
55.00, 55.00, 57.00, 1.00, 1.00
55.00, 64.00, 62.00, 1.00, 1.00
55.00, 72.00, 67.00, 1.00, 0.00
56.00, 55.00, 57.00, 1.00, 1.00
56.00, 65.00, 63.00, 1.00, 1.00
56.00, 74.00, 68.00, 1.00, 0.00
57.00, 48.00, 53.00, 1.00, 1.00
57.00, 76.00, 69.00, 3.00, 0.00
58.00, 55.00, 57.00, 1.00, 1.00
58.00, 64.00, 62.00, 1.00, 1.00
59.00, 52.00, 55.00, 1.00, 1.00
59.00, 56.00, 57.00, 1.00, 1.00
59.00, 62.00, 61.00, 1.00, 1.00
60.00, 33.00, 44.00, 1.00, 1.00
60.00, 76.00, 69.00, 0.75, 0.00
60.75, 76.00, 69.00, 0.25, 0.00
61.00, 52.00, 55.00, 1.00, 1.00
61.00, 60.00, 60.00, 1.00, 1.00
61.00, 72.00, 67.00, 1.00, 0.00
62.00, 52.00, 55.00, 1.00, 1.00
62.00, 59.00, 59.00, 1.00, 1.00
62.00, 75.00, 68.00, 1.00, 0.00
63.00, 45.00, 51.00, 1.00, 1.00
63.00, 76.00, 69.00, 0.75, 0.00
63.75, 76.00, 69.00, 0.25, 0.00
64.00, 52.00, 55.00, 1.00, 1.00
64.00, 60.00, 60.00, 1.00, 1.00
64.00, 69.00, 65.00, 1.00, 0.00
65.00, 52.00, 55.00, 1.00, 1.00
65.00, 60.00, 60.00, 1.00, 1.00
65.00, 72.00, 67.00, 1.00, 0.00
66.00, 45.00, 51.00, 1.00, 1.00
66.00, 71.00, 66.00, 0.75, 0.00
66.75, 71.00, 66.00, 0.25, 0.00
67.00, 52.00, 55.00, 1.00, 1.00
67.00, 62.00, 61.00, 1.00, 1.00
67.00, 66.00, 63.00, 1.00, 0.00
68.00, 52.00, 55.00, 1.00, 1.00
68.00, 62.00, 61.00, 1.00, 1.00
68.00, 68.00, 64.00, 1.00, 0.00
69.00, 45.00, 51.00, 1.00, 1.00
69.00, 69.00, 65.00, 0.50, 0.00
69.75, 64.00, 62.00, 0.25, 0.00
70.00, 52.00, 55.00, 1.00, 1.00
70.00, 60.00, 60.00, 1.00, 1.00
70.00, 69.00, 65.00, 0.50, 0.00
70.75, 64.00, 62.00, 0.25, 0.00
71.00, 52.00, 55.00, 1.00, 1.00
71.00, 60.00, 60.00, 1.00, 1.00
71.00, 69.00, 65.00, 0.50, 0.00
71.75, 72.00, 67.00, 0.25, 0.00
72.00, 45.00, 51.00, 1.00, 1.00
72.00, 76.00, 69.00, 0.50, 0.00
72.75, 76.00, 69.00, 0.25, 0.00
73.00, 52.00, 55.00, 1.00, 1.00
73.00, 60.00, 60.00, 1.00, 1.00
73.00, 72.00, 67.00, 1.00, 0.00
74.00, 52.00, 55.00, 1.00, 1.00
74.00, 59.00, 59.00, 1.00, 1.00
74.00, 75.00, 68.00, 1.00, 0.00
75.00, 45.00, 51.00, 1.00, 1.00
75.00, 76.00, 69.00, 0.75, 0.00
75.75, 76.00, 69.00, 0.25, 0.00
76.00, 52.00, 55.00, 1.00, 1.00
76.00, 60.00, 60.00, 1.00, 1.00
76.00, 69.00, 65.00, 1.00, 0.00
77.00, 52.00, 55.00, 1.00, 1.00
77.00, 60.00, 60.00, 1.00, 1.00
77.00, 72.00, 67.00, 1.00, 0.00
78.00, 45.00, 51.00, 1.00, 1.00
78.00, 71.00, 66.00, 0.75, 0.00
78.75, 71.00, 66.00, 0.25, 0.00
79.00, 52.00, 55.00, 1.00, 1.00
79.00, 62.00, 61.00, 1.00, 1.00
79.00, 66.00, 63.00, 1.00, 0.00
80.00, 52.00, 55.00, 1.00, 1.00
80.00, 62.00, 61.00, 1.00, 1.00
80.00, 68.00, 64.00, 1.00, 0.00
81.00, 45.00, 51.00, 1.00, 1.00
81.00, 81.00, 72.00, 1.00, 0.00
82.00, 52.00, 55.00, 0.50, 1.00
82.00, 60.00, 60.00, 0.50, 1.00
82.75, 67.00, 64.00, 0.25, 0.00
83.00, 72.00, 67.00, 0.75, 0.00
83.75, 76.00, 69.00, 0.25, 0.00
84.00, 48.00, 53.00, 1.00, 1.00
84.00, 79.00, 71.00, 0.75, 0.00
84.75, 79.00, 71.00, 0.25, 0.00
85.00, 55.00, 57.00, 1.00, 1.00
85.00, 64.00, 62.00, 1.00, 1.00
85.00, 76.00, 69.00, 1.00, 0.00
86.00, 55.00, 57.00, 1.00, 1.00
86.00, 63.00, 61.00, 1.00, 1.00
86.00, 78.00, 70.00, 1.00, 0.00
87.00, 48.00, 53.00, 1.00, 1.00
87.00, 79.00, 71.00, 0.75, 0.00
87.75, 79.00, 71.00, 0.25, 0.00
88.00, 55.00, 57.00, 1.00, 1.00
88.00, 64.00, 62.00, 1.00, 1.00
88.00, 76.00, 69.00, 1.00, 0.00
89.00, 55.00, 57.00, 1.00, 1.00
89.00, 63.00, 61.00, 1.00, 1.00
89.00, 78.00, 70.00, 1.00, 0.00
90.00, 48.00, 53.00, 1.00, 1.00
90.00, 79.00, 71.00, 0.50, 0.00
90.75, 79.00, 71.00, 0.25, 0.00
91.00, 55.00, 57.00, 1.00, 1.00
91.00, 64.00, 62.00, 1.00, 1.00
91.00, 72.00, 67.00, 1.00, 0.00
92.00, 55.00, 57.00, 1.00, 1.00
92.00, 65.00, 63.00, 1.00, 1.00
92.00, 74.00, 68.00, 1.00, 0.00
93.00, 48.00, 53.00, 1.00, 1.00
93.00, 76.00, 69.00, 3.00, 0.00
94.00, 55.00, 57.00, 1.00, 1.00
94.00, 64.00, 62.00, 1.00, 1.00
95.00, 52.00, 55.00, 1.00, 1.00
95.00, 56.00, 57.00, 1.00, 1.00
95.00, 62.00, 61.00, 1.00, 1.00
96.00, 33.00, 44.00, 1.00, 1.00
96.00, 76.00, 69.00, 0.75, 0.00
96.75, 76.00, 69.00, 0.25, 0.00
97.00, 52.00, 55.00, 1.00, 1.00
97.00, 60.00, 60.00, 1.00, 1.00
97.00, 72.00, 67.00, 1.00, 0.00
98.00, 52.00, 55.00, 1.00, 1.00
98.00, 59.00, 59.00, 1.00, 1.00
98.00, 75.00, 68.00, 1.00, 0.00
99.00, 45.00, 51.00, 1.00, 1.00
99.00, 76.00, 69.00, 0.75, 0.00
99.75, 76.00, 69.00, 0.25, 0.00
100.00, 52.00, 55.00, 1.00, 1.00
100.00, 60.00, 60.00, 1.00, 1.00
100.00, 69.00, 65.00, 1.00, 0.00
101.00, 52.00, 55.00, 1.00, 1.00
101.00, 60.00, 60.00, 1.00, 1.00
101.00, 72.00, 67.00, 1.00, 0.00
102.00, 45.00, 51.00, 1.00, 1.00
102.00, 71.00, 66.00, 0.75, 0.00
102.75, 71.00, 66.00, 0.25, 0.00
103.00, 52.00, 55.00, 1.00, 1.00
103.00, 62.00, 61.00, 1.00, 1.00
103.00, 66.00, 63.00, 1.00, 0.00
104.00, 52.00, 55.00, 1.00, 1.00
104.00, 62.00, 61.00, 1.00, 1.00
104.00, 68.00, 64.00, 1.00, 0.00
105.00, 45.00, 51.00, 1.00, 1.00
105.00, 69.00, 65.00, 0.50, 0.00
105.75, 64.00, 62.00, 0.25, 0.00
106.00, 52.00, 55.00, 1.00, 1.00
106.00, 60.00, 60.00, 1.00, 1.00
106.00, 69.00, 65.00, 0.50, 0.00
106.75, 64.00, 62.00, 0.25, 0.00
107.00, 52.00, 55.00, 1.00, 1.00
107.00, 60.00, 60.00, 1.00, 1.00
107.00, 69.00, 65.00, 0.50, 0.00
107.75, 72.00, 67.00, 0.25, 0.00
108.00, 45.00, 51.00, 1.00, 1.00
108.00, 76.00, 69.00, 0.50, 0.00
108.75, 76.00, 69.00, 0.25, 0.00
109.00, 52.00, 55.00, 1.00, 1.00
109.00, 60.00, 60.00, 1.00, 1.00
109.00, 72.00, 67.00, 1.00, 0.00
110.00, 52.00, 55.00, 1.00, 1.00
110.00, 59.00, 59.00, 1.00, 1.00
110.00, 75.00, 68.00, 1.00, 0.00
111.00, 45.00, 51.00, 1.00, 1.00
111.00, 76.00, 69.00, 0.75, 0.00
111.75, 76.00, 69.00, 0.25, 0.00
112.00, 52.00, 55.00, 1.00, 1.00
112.00, 60.00, 60.00, 1.00, 1.00
112.00, 69.00, 65.00, 1.00, 0.00
113.00, 52.00, 55.00, 1.00, 1.00
113.00, 60.00, 60.00, 1.00, 1.00
113.00, 72.00, 67.00, 1.00, 0.00
114.00, 45.00, 51.00, 1.00, 1.00
114.00, 71.00, 66.00, 0.75, 0.00
114.75, 71.00, 66.00, 0.25, 0.00
115.00, 52.00, 55.00, 1.00, 1.00
115.00, 62.00, 61.00, 1.00, 1.00
115.00, 66.00, 63.00, 1.00, 0.00
116.00, 52.00, 55.00, 1.00, 1.00
116.00, 62.00, 61.00, 1.00, 1.00
116.00, 68.00, 64.00, 1.00, 0.00
117.00, 45.00, 51.00, 1.00, 1.00
117.00, 81.00, 72.00, 1.00, 0.00
118.00, 52.00, 55.00, 1.00, 1.00
118.00, 60.00, 60.00, 1.00, 1.00
118.75, 64.00, 62.00, 0.25, 0.00
119.00, 64.00, 62.00, 0.75, 0.00
119.75, 64.00, 62.00, 0.25, 0.00
120.00, 45.00, 51.00, 1.00, 1.00
120.00, 52.00, 55.00, 1.00, 1.00
120.00, 61.00, 60.00, 1.00, 0.00
120.00, 64.00, 62.00, 1.00, 0.00
120.00, 73.00, 67.00, 0.75, 0.00
120.75, 73.00, 67.00, 0.25, 0.00
121.00, 45.00, 51.00, 1.00, 1.00
121.00, 52.00, 55.00, 1.00, 1.00
121.00, 61.00, 60.00, 1.00, 0.00
121.00, 64.00, 62.00, 1.00, 0.00
122.00, 45.00, 51.00, 1.00, 1.00
122.00, 52.00, 55.00, 1.00, 1.00
122.00, 61.00, 60.00, 1.00, 0.00
122.00, 69.00, 65.00, 1.00, 0.00
123.00, 45.00, 51.00, 1.00, 1.00
123.00, 52.00, 55.00, 1.00, 1.00
123.00, 61.00, 60.00, 1.00, 0.00
123.00, 64.00, 62.00, 1.00, 0.00
123.00, 73.00, 67.00, 0.75, 0.00
123.75, 73.00, 67.00, 0.25, 0.00
124.00, 45.00, 51.00, 1.00, 1.00
124.00, 52.00, 55.00, 1.00, 1.00
124.00, 61.00, 60.00, 1.00, 0.00
124.00, 64.00, 62.00, 1.00, 0.00
125.00, 45.00, 51.00, 1.00, 1.00
125.00, 52.00, 55.00, 1.00, 1.00
125.00, 61.00, 60.00, 1.00, 0.00
125.00, 69.00, 65.00, 1.00, 0.00
126.00, 57.00, 58.00, 3.00, 1.00
126.00, 61.00, 60.00, 0.75, 1.00
126.00, 64.00, 62.00, 0.75, 1.00
126.00, 73.00, 67.00, 0.75, 0.00
126.00, 76.00, 69.00, 0.75, 0.00
126.75, 60.00, 59.00, 0.25, 1.00
126.75, 63.00, 61.00, 0.25, 1.00
126.75, 72.00, 66.00, 0.25, 0.00
126.75, 75.00, 68.00, 0.25, 0.00
127.00, 62.00, 61.00, 1.50, 1.00
127.00, 66.00, 63.00, 1.50, 1.00
127.00, 74.00, 68.00, 1.50, 0.00
127.00, 78.00, 70.00, 1.50, 0.00
128.50, 61.00, 60.00, 0.50, 1.00
128.50, 64.00, 62.00, 0.50, 1.00
128.50, 73.00, 67.00, 0.50, 0.00
128.50, 76.00, 69.00, 0.50, 0.00
129.00, 57.00, 58.00, 3.00, 1.00
129.00, 61.00, 60.00, 0.75, 1.00
129.00, 64.00, 62.00, 0.75, 1.00
129.00, 73.00, 67.00, 0.75, 0.00
129.00, 76.00, 69.00, 0.75, 0.00
129.75, 60.00, 59.00, 0.25, 1.00
129.75, 63.00, 61.00, 0.25, 1.00
129.75, 72.00, 66.00, 0.25, 0.00
129.75, 75.00, 68.00, 0.25, 0.00
130.00, 62.00, 61.00, 1.50, 1.00
130.00, 66.00, 63.00, 1.50, 1.00
130.00, 74.00, 68.00, 1.50, 0.00
130.00, 78.00, 70.00, 1.50, 0.00
131.50, 61.00, 60.00, 0.50, 1.00
131.50, 64.00, 62.00, 0.50, 1.00
131.50, 73.00, 67.00, 0.50, 0.00
131.50, 76.00, 69.00, 0.50, 0.00
132.00, 45.00, 51.00, 1.00, 1.00
132.00, 52.00, 55.00, 1.00, 1.00
132.00, 61.00, 60.00, 1.00, 0.00
132.00, 64.00, 62.00, 1.00, 0.00
132.00, 73.00, 67.00, 0.75, 0.00
132.75, 73.00, 67.00, 0.25, 0.00
133.00, 45.00, 51.00, 1.00, 1.00
133.00, 52.00, 55.00, 1.00, 1.00
133.00, 61.00, 60.00, 1.00, 0.00
133.00, 64.00, 62.00, 1.00, 0.00
134.00, 45.00, 51.00, 1.00, 1.00
134.00, 52.00, 55.00, 1.00, 1.00
134.00, 61.00, 60.00, 1.00, 0.00
134.00, 69.00, 65.00, 1.00, 0.00
135.00, 45.00, 51.00, 1.00, 1.00
135.00, 52.00, 55.00, 1.00, 1.00
135.00, 61.00, 60.00, 1.00, 0.00
135.00, 64.00, 62.00, 1.00, 0.00
135.00, 73.00, 67.00, 0.75, 0.00
135.75, 73.00, 67.00, 0.25, 0.00
136.00, 45.00, 51.00, 1.00, 1.00
136.00, 52.00, 55.00, 1.00, 1.00
136.00, 61.00, 60.00, 1.00, 0.00
136.00, 64.00, 62.00, 1.00, 0.00
137.00, 45.00, 51.00, 1.00, 1.00
137.00, 52.00, 55.00, 1.00, 1.00
137.00, 61.00, 60.00, 1.00, 0.00
137.00, 69.00, 65.00, 1.00, 0.00
138.00, 44.00, 50.00, 2.00, 1.00
138.00, 56.00, 57.00, 0.75, 1.00
138.00, 64.00, 62.00, 0.75, 0.00
138.00, 73.00, 67.00, 0.75, 0.00
138.75, 56.00, 57.00, 0.25, 1.00
138.75, 63.00, 61.00, 0.25, 0.00
138.75, 72.00, 66.00, 0.25, 0.00
139.00, 56.00, 57.00, 2.00, 1.00
139.00, 66.00, 63.00, 1.50, 0.00
139.00, 75.00, 68.00, 1.50, 0.00
140.00, 49.00, 53.00, 1.00, 1.00
140.50, 64.00, 62.00, 0.50, 0.00
140.50, 73.00, 67.00, 0.50, 0.00
141.00, 44.00, 50.00, 2.00, 1.00
141.00, 56.00, 57.00, 0.75, 1.00
141.00, 64.00, 62.00, 0.75, 0.00
141.00, 73.00, 67.00, 0.75, 0.00
141.75, 56.00, 57.00, 0.25, 1.00
141.75, 63.00, 61.00, 0.25, 0.00
141.75, 72.00, 66.00, 0.25, 0.00
142.00, 56.00, 57.00, 2.00, 1.00
142.00, 66.00, 63.00, 1.00, 0.00
142.00, 75.00, 68.00, 1.00, 0.00
143.00, 49.00, 53.00, 1.00, 1.00
143.00, 64.00, 62.00, 1.00, 0.00
143.00, 73.00, 67.00, 1.00, 0.00
144.00, 45.00, 51.00, 1.00, 1.00
144.00, 52.00, 55.00, 1.00, 1.00
144.00, 61.00, 60.00, 1.00, 0.00
144.00, 64.00, 62.00, 1.00, 0.00
144.00, 73.00, 67.00, 0.75, 0.00
144.75, 73.00, 67.00, 0.25, 0.00
145.00, 45.00, 51.00, 1.00, 1.00
145.00, 52.00, 55.00, 1.00, 1.00
145.00, 61.00, 60.00, 1.00, 0.00
145.00, 64.00, 62.00, 1.00, 0.00
146.00, 45.00, 51.00, 1.00, 1.00
146.00, 52.00, 55.00, 1.00, 1.00
146.00, 61.00, 60.00, 1.00, 0.00
146.00, 69.00, 65.00, 1.00, 0.00
147.00, 45.00, 51.00, 1.00, 1.00
147.00, 52.00, 55.00, 1.00, 1.00
147.00, 61.00, 60.00, 1.00, 0.00
147.00, 64.00, 62.00, 1.00, 0.00
147.00, 73.00, 67.00, 0.75, 0.00
147.75, 73.00, 67.00, 0.25, 0.00
148.00, 45.00, 51.00, 1.00, 1.00
148.00, 52.00, 55.00, 1.00, 1.00
148.00, 61.00, 60.00, 1.00, 0.00
148.00, 64.00, 62.00, 1.00, 0.00
149.00, 45.00, 51.00, 1.00, 1.00
149.00, 52.00, 55.00, 1.00, 1.00
149.00, 61.00, 60.00, 1.00, 0.00
149.00, 69.00, 65.00, 1.00, 0.00
150.00, 57.00, 58.00, 3.00, 1.00
150.00, 61.00, 60.00, 0.75, 1.00
150.00, 64.00, 62.00, 0.75, 1.00
150.00, 73.00, 67.00, 0.75, 0.00
150.00, 76.00, 69.00, 0.75, 0.00
150.75, 60.00, 59.00, 0.25, 1.00
150.75, 63.00, 61.00, 0.25, 1.00
150.75, 72.00, 66.00, 0.25, 0.00
150.75, 75.00, 68.00, 0.25, 0.00
151.00, 62.00, 61.00, 1.50, 1.00
151.00, 66.00, 63.00, 1.50, 1.00
151.00, 74.00, 68.00, 1.50, 0.00
151.00, 78.00, 70.00, 1.50, 0.00
152.50, 61.00, 60.00, 0.50, 1.00
152.50, 64.00, 62.00, 0.50, 1.00
152.50, 73.00, 67.00, 0.50, 0.00
152.50, 76.00, 69.00, 0.50, 0.00
153.00, 57.00, 58.00, 3.00, 1.00
153.00, 61.00, 60.00, 0.75, 1.00
153.00, 64.00, 62.00, 0.75, 1.00
153.00, 73.00, 67.00, 0.75, 0.00
153.00, 76.00, 69.00, 0.75, 0.00
153.75, 60.00, 59.00, 0.25, 1.00
153.75, 63.00, 61.00, 0.25, 1.00
153.75, 72.00, 66.00, 0.25, 0.00
153.75, 75.00, 68.00, 0.25, 0.00
154.00, 62.00, 61.00, 1.50, 1.00
154.00, 66.00, 63.00, 1.50, 1.00
154.00, 74.00, 68.00, 1.50, 0.00
154.00, 78.00, 70.00, 1.50, 0.00
155.50, 61.00, 60.00, 0.50, 1.00
155.50, 64.00, 62.00, 0.50, 1.00
155.50, 73.00, 67.00, 0.50, 0.00
155.50, 76.00, 69.00, 0.50, 0.00
156.00, 45.00, 51.00, 1.00, 1.00
156.00, 52.00, 55.00, 1.00, 1.00
156.00, 61.00, 60.00, 1.00, 0.00
156.00, 64.00, 62.00, 1.00, 0.00
156.00, 73.00, 67.00, 0.75, 0.00
156.75, 73.00, 67.00, 0.25, 0.00
157.00, 45.00, 51.00, 1.00, 1.00
157.00, 52.00, 55.00, 1.00, 1.00
157.00, 61.00, 60.00, 1.00, 0.00
157.00, 64.00, 62.00, 1.00, 0.00
158.00, 45.00, 51.00, 1.00, 1.00
158.00, 52.00, 55.00, 1.00, 1.00
158.00, 61.00, 60.00, 1.00, 0.00
158.00, 69.00, 65.00, 1.00, 0.00
159.00, 45.00, 51.00, 1.00, 1.00
159.00, 52.00, 55.00, 1.00, 1.00
159.00, 61.00, 60.00, 1.00, 0.00
159.00, 64.00, 62.00, 1.00, 0.00
159.00, 73.00, 67.00, 0.75, 0.00
159.75, 73.00, 67.00, 0.25, 0.00
160.00, 45.00, 51.00, 1.00, 1.00
160.00, 52.00, 55.00, 1.00, 1.00
160.00, 61.00, 60.00, 1.00, 0.00
160.00, 64.00, 62.00, 1.00, 0.00
161.00, 45.00, 51.00, 1.00, 1.00
161.00, 52.00, 55.00, 1.00, 1.00
161.00, 61.00, 60.00, 1.00, 0.00
161.00, 69.00, 65.00, 1.00, 0.00
162.00, 44.00, 50.00, 2.00, 1.00
162.00, 56.00, 57.00, 0.75, 1.00
162.00, 64.00, 62.00, 0.75, 0.00
162.00, 73.00, 67.00, 0.75, 0.00
162.75, 56.00, 57.00, 0.25, 1.00
162.75, 63.00, 61.00, 0.25, 0.00
162.75, 72.00, 66.00, 0.25, 0.00
163.00, 56.00, 57.00, 2.00, 1.00
163.00, 66.00, 63.00, 1.50, 0.00
163.00, 75.00, 68.00, 1.50, 0.00
164.00, 49.00, 53.00, 1.00, 1.00
164.50, 64.00, 62.00, 0.50, 0.00
164.50, 73.00, 67.00, 0.50, 0.00
165.00, 44.00, 50.00, 2.00, 1.00
165.00, 56.00, 57.00, 0.75, 1.00
165.00, 64.00, 62.00, 0.75, 0.00
165.00, 73.00, 67.00, 0.75, 0.00
165.75, 56.00, 57.00, 0.25, 1.00
165.75, 63.00, 61.00, 0.25, 0.00
165.75, 72.00, 66.00, 0.25, 0.00
166.00, 56.00, 57.00, 2.00, 1.00
166.00, 66.00, 63.00, 1.00, 0.00
166.00, 75.00, 68.00, 1.00, 0.00
167.00, 49.00, 53.00, 1.00, 1.00
167.00, 64.00, 62.00, 1.00, 0.00
167.00, 73.00, 67.00, 1.00, 0.00
168.00, 47.00, 52.00, 1.00, 1.00
168.00, 59.00, 59.00, 1.00, 1.00
168.00, 62.00, 61.00, 1.00, 0.00
168.00, 66.00, 63.00, 1.00, 0.00
168.00, 74.00, 68.00, 0.75, 0.00
168.75, 74.00, 68.00, 0.25, 0.00
169.00, 52.00, 55.00, 1.00, 1.00
169.00, 59.00, 59.00, 1.00, 1.00
169.00, 62.00, 61.00, 1.00, 0.00
169.00, 68.00, 64.00, 1.00, 0.00
169.00, 71.00, 66.00, 1.00, 0.00
170.00, 52.00, 55.00, 1.00, 1.00
170.00, 59.00, 59.00, 1.00, 1.00
170.00, 62.00, 61.00, 1.00, 0.00
170.00, 68.00, 64.00, 1.00, 0.00
170.00, 76.00, 69.00, 1.00, 0.00
171.00, 45.00, 51.00, 1.00, 1.00
171.00, 52.00, 55.00, 1.00, 1.00
171.00, 57.00, 58.00, 1.00, 1.00
171.00, 61.00, 60.00, 1.00, 0.00
171.00, 64.00, 62.00, 1.00, 0.00
171.00, 73.00, 67.00, 0.75, 0.00
171.75, 73.00, 67.00, 0.25, 0.00
172.00, 45.00, 51.00, 1.00, 1.00
172.00, 52.00, 55.00, 1.00, 1.00
172.00, 61.00, 60.00, 1.00, 0.00
172.00, 64.00, 62.00, 1.00, 0.00
173.00, 45.00, 51.00, 1.00, 1.00
173.00, 52.00, 55.00, 1.00, 1.00
173.00, 61.00, 60.00, 1.00, 0.00
173.00, 69.00, 65.00, 1.00, 0.00
174.00, 45.00, 51.00, 1.00, 1.00
174.00, 54.00, 56.00, 1.00, 1.00
174.00, 63.00, 61.00, 1.00, 0.00
174.00, 66.00, 63.00, 1.00, 0.00
174.00, 71.00, 66.00, 0.75, 0.00
174.75, 71.00, 66.00, 0.25, 0.00
175.00, 45.00, 51.00, 1.00, 1.00
175.00, 56.00, 57.00, 1.00, 1.00
175.00, 62.00, 61.00, 1.00, 0.00
175.00, 65.00, 63.00, 1.00, 0.00
175.00, 71.00, 66.00, 1.00, 0.00
176.00, 45.00, 51.00, 1.00, 1.00
176.00, 56.00, 57.00, 1.00, 1.00
176.00, 62.00, 61.00, 1.00, 0.00
176.00, 64.00, 62.00, 1.00, 0.00
176.00, 71.00, 66.00, 1.00, 0.00
177.00, 45.00, 51.00, 1.00, 1.00
177.00, 57.00, 58.00, 1.00, 1.00
177.00, 61.00, 60.00, 1.00, 0.00
177.00, 64.00, 62.00, 1.00, 0.00
177.00, 73.00, 67.00, 0.75, 0.00
177.75, 73.00, 67.00, 0.25, 0.00
178.00, 45.00, 51.00, 1.00, 1.00
178.00, 52.00, 55.00, 1.00, 1.00
178.00, 61.00, 60.00, 1.00, 0.00
178.00, 64.00, 62.00, 1.00, 0.00
179.00, 45.00, 51.00, 1.00, 1.00
179.00, 52.00, 55.00, 1.00, 1.00
179.00, 61.00, 60.00, 1.00, 0.00
179.00, 69.00, 65.00, 1.00, 0.00
180.00, 45.00, 51.00, 1.00, 1.00
180.00, 54.00, 56.00, 1.00, 1.00
180.00, 62.00, 61.00, 1.00, 0.00
180.00, 69.00, 65.00, 1.00, 0.00
180.00, 74.00, 68.00, 0.75, 0.00
180.75, 74.00, 68.00, 0.25, 0.00
181.00, 45.00, 51.00, 1.00, 1.00
181.00, 53.00, 56.00, 1.00, 1.00
181.00, 62.00, 61.00, 1.00, 0.00
181.00, 69.00, 65.00, 1.00, 0.00
181.00, 71.00, 66.00, 1.00, 0.00
182.00, 45.00, 51.00, 1.00, 1.00
182.00, 52.00, 55.00, 1.00, 1.00
182.00, 62.00, 61.00, 1.00, 0.00
182.00, 68.00, 64.00, 1.00, 0.00
182.00, 76.00, 69.00, 1.00, 0.00
183.00, 45.00, 51.00, 1.00, 1.00
183.00, 52.00, 55.00, 1.00, 1.00
183.00, 61.00, 60.00, 1.00, 0.00
183.00, 64.00, 62.00, 1.00, 0.00
183.00, 73.00, 67.00, 0.75, 0.00
183.75, 73.00, 67.00, 0.25, 0.00
184.00, 45.00, 51.00, 1.00, 1.00
184.00, 52.00, 55.00, 1.00, 1.00
184.00, 61.00, 60.00, 1.00, 0.00
184.00, 64.00, 62.00, 1.00, 0.00
185.00, 45.00, 51.00, 1.00, 1.00
185.00, 52.00, 55.00, 1.00, 1.00
185.00, 61.00, 60.00, 1.00, 0.00
185.00, 64.00, 62.00, 1.00, 0.00
185.00, 69.00, 65.00, 1.00, 0.00
186.00, 45.00, 51.00, 1.00, 1.00
186.00, 54.00, 56.00, 1.00, 1.00
186.00, 63.00, 61.00, 1.00, 0.00
186.00, 66.00, 63.00, 1.00, 0.00
186.00, 71.00, 66.00, 0.75, 0.00
186.75, 71.00, 66.00, 0.25, 0.00
187.00, 45.00, 51.00, 1.00, 1.00
187.00, 56.00, 57.00, 1.00, 1.00
187.00, 62.00, 61.00, 1.00, 0.00
187.00, 65.00, 63.00, 1.00, 0.00
187.00, 71.00, 66.00, 1.00, 0.00
188.00, 45.00, 51.00, 1.00, 1.00
188.00, 56.00, 57.00, 1.00, 1.00
188.00, 62.00, 61.00, 1.00, 0.00
188.00, 64.00, 62.00, 1.00, 0.00
188.00, 71.00, 66.00, 1.00, 0.00
189.00, 45.00, 51.00, 1.00, 1.00
189.00, 57.00, 58.00, 1.00, 1.00
189.00, 61.00, 60.00, 1.00, 0.00
189.00, 64.00, 62.00, 1.00, 0.00
189.00, 73.00, 67.00, 0.75, 0.00
189.75, 73.00, 67.00, 0.25, 0.00
190.00, 45.00, 51.00, 1.00, 1.00
190.00, 52.00, 55.00, 1.00, 1.00
190.00, 61.00, 60.00, 1.00, 0.00
190.00, 64.00, 62.00, 1.00, 0.00
191.00, 45.00, 51.00, 1.00, 1.00
191.00, 52.00, 55.00, 1.00, 1.00
191.00, 61.00, 60.00, 1.00, 0.00
191.00, 69.00, 65.00, 1.00, 0.00
192.00, 33.00, 44.00, 1.00, 1.00
192.00, 76.00, 69.00, 0.75, 0.00
192.75, 76.00, 69.00, 0.25, 0.00
193.00, 52.00, 55.00, 1.00, 1.00
193.00, 60.00, 60.00, 1.00, 1.00
193.00, 72.00, 67.00, 1.00, 0.00
194.00, 52.00, 55.00, 1.00, 1.00
194.00, 59.00, 59.00, 1.00, 1.00
194.00, 75.00, 68.00, 1.00, 0.00
195.00, 45.00, 51.00, 1.00, 1.00
195.00, 76.00, 69.00, 0.75, 0.00
195.75, 76.00, 69.00, 0.25, 0.00
196.00, 52.00, 55.00, 1.00, 1.00
196.00, 60.00, 60.00, 1.00, 1.00
196.00, 69.00, 65.00, 1.00, 0.00
197.00, 52.00, 55.00, 1.00, 1.00
197.00, 60.00, 60.00, 1.00, 1.00
197.00, 72.00, 67.00, 1.00, 0.00
198.00, 45.00, 51.00, 1.00, 1.00
198.00, 71.00, 66.00, 0.75, 0.00
198.75, 71.00, 66.00, 0.25, 0.00
199.00, 52.00, 55.00, 1.00, 1.00
199.00, 62.00, 61.00, 1.00, 1.00
199.00, 66.00, 63.00, 1.00, 0.00
200.00, 52.00, 55.00, 1.00, 1.00
200.00, 62.00, 61.00, 1.00, 1.00
200.00, 68.00, 64.00, 1.00, 0.00
201.00, 45.00, 51.00, 1.00, 1.00
201.00, 69.00, 65.00, 0.50, 0.00
201.75, 64.00, 62.00, 0.25, 0.00
202.00, 52.00, 55.00, 1.00, 1.00
202.00, 60.00, 60.00, 1.00, 1.00
202.00, 69.00, 65.00, 0.50, 0.00
202.75, 64.00, 62.00, 0.25, 0.00
203.00, 52.00, 55.00, 1.00, 1.00
203.00, 60.00, 60.00, 1.00, 1.00
203.00, 69.00, 65.00, 0.50, 0.00
203.75, 72.00, 67.00, 0.25, 0.00
204.00, 45.00, 51.00, 1.00, 1.00
204.00, 76.00, 69.00, 0.50, 0.00
204.75, 76.00, 69.00, 0.25, 0.00
205.00, 52.00, 55.00, 1.00, 1.00
205.00, 60.00, 60.00, 1.00, 1.00
205.00, 72.00, 67.00, 1.00, 0.00
206.00, 52.00, 55.00, 1.00, 1.00
206.00, 59.00, 59.00, 1.00, 1.00
206.00, 75.00, 68.00, 1.00, 0.00
207.00, 45.00, 51.00, 1.00, 1.00
207.00, 76.00, 69.00, 0.75, 0.00
207.75, 76.00, 69.00, 0.25, 0.00
208.00, 52.00, 55.00, 1.00, 1.00
208.00, 60.00, 60.00, 1.00, 1.00
208.00, 69.00, 65.00, 1.00, 0.00
209.00, 52.00, 55.00, 1.00, 1.00
209.00, 60.00, 60.00, 1.00, 1.00
209.00, 72.00, 67.00, 1.00, 0.00
210.00, 45.00, 51.00, 1.00, 1.00
210.00, 71.00, 66.00, 0.75, 0.00
210.75, 71.00, 66.00, 0.25, 0.00
211.00, 52.00, 55.00, 1.00, 1.00
211.00, 62.00, 61.00, 1.00, 1.00
211.00, 66.00, 63.00, 1.00, 0.00
212.00, 52.00, 55.00, 1.00, 1.00
212.00, 62.00, 61.00, 1.00, 1.00
212.00, 68.00, 64.00, 1.00, 0.00
213.00, 57.00, 58.00, 1.00, 1.00
213.00, 60.00, 60.00, 1.00, 1.00
213.00, 81.00, 72.00, 1.00, 0.00
214.75, 67.00, 64.00, 0.25, 0.00
215.00, 72.00, 67.00, 0.75, 0.00
215.75, 76.00, 69.00, 0.25, 0.00
216.00, 48.00, 53.00, 1.00, 1.00
216.00, 79.00, 71.00, 0.75, 0.00
216.75, 79.00, 71.00, 0.25, 0.00
217.00, 55.00, 57.00, 1.00, 1.00
217.00, 64.00, 62.00, 1.00, 1.00
217.00, 76.00, 69.00, 1.00, 0.00
218.00, 55.00, 57.00, 1.00, 1.00
218.00, 63.00, 61.00, 1.00, 1.00
218.00, 78.00, 70.00, 1.00, 0.00
219.00, 48.00, 53.00, 1.00, 1.00
219.00, 79.00, 71.00, 0.75, 0.00
219.75, 79.00, 71.00, 0.25, 0.00
220.00, 55.00, 57.00, 1.00, 1.00
220.00, 64.00, 62.00, 1.00, 1.00
220.00, 76.00, 69.00, 1.00, 0.00
221.00, 55.00, 57.00, 1.00, 1.00
221.00, 63.00, 61.00, 1.00, 1.00
221.00, 78.00, 70.00, 1.00, 0.00
222.00, 48.00, 53.00, 1.00, 1.00
222.00, 79.00, 71.00, 0.50, 0.00
222.75, 79.00, 71.00, 0.25, 0.00
223.00, 55.00, 57.00, 1.00, 1.00
223.00, 64.00, 62.00, 1.00, 1.00
223.00, 72.00, 67.00, 1.00, 0.00
224.00, 55.00, 57.00, 1.00, 1.00
224.00, 65.00, 63.00, 1.00, 1.00
224.00, 74.00, 68.00, 1.00, 0.00
225.00, 48.00, 53.00, 1.00, 1.00
225.00, 76.00, 69.00, 3.00, 0.00
226.00, 55.00, 57.00, 1.00, 1.00
226.00, 64.00, 62.00, 1.00, 1.00
227.00, 52.00, 55.00, 1.00, 1.00
227.00, 56.00, 57.00, 1.00, 1.00
227.00, 62.00, 61.00, 1.00, 1.00
228.00, 33.00, 44.00, 1.00, 1.00
228.00, 76.00, 69.00, 0.75, 0.00
228.75, 76.00, 69.00, 0.25, 0.00
229.00, 52.00, 55.00, 1.00, 1.00
229.00, 60.00, 60.00, 1.00, 1.00
229.00, 72.00, 67.00, 1.00, 0.00
230.00, 52.00, 55.00, 1.00, 1.00
230.00, 59.00, 59.00, 1.00, 1.00
230.00, 75.00, 68.00, 1.00, 0.00
231.00, 45.00, 51.00, 1.00, 1.00
231.00, 76.00, 69.00, 0.75, 0.00
231.75, 76.00, 69.00, 0.25, 0.00
232.00, 52.00, 55.00, 1.00, 1.00
232.00, 60.00, 60.00, 1.00, 1.00
232.00, 69.00, 65.00, 1.00, 0.00
233.00, 52.00, 55.00, 1.00, 1.00
233.00, 60.00, 60.00, 1.00, 1.00
233.00, 72.00, 67.00, 1.00, 0.00
234.00, 45.00, 51.00, 1.00, 1.00
234.00, 71.00, 66.00, 0.75, 0.00
234.75, 71.00, 66.00, 0.25, 0.00
235.00, 52.00, 55.00, 1.00, 1.00
235.00, 62.00, 61.00, 1.00, 1.00
235.00, 66.00, 63.00, 1.00, 0.00
236.00, 52.00, 55.00, 1.00, 1.00
236.00, 62.00, 61.00, 1.00, 1.00
236.00, 68.00, 64.00, 1.00, 0.00
237.00, 45.00, 51.00, 1.00, 1.00
237.00, 69.00, 65.00, 0.50, 0.00
237.75, 64.00, 62.00, 0.25, 0.00
238.00, 52.00, 55.00, 1.00, 1.00
238.00, 60.00, 60.00, 1.00, 1.00
238.00, 69.00, 65.00, 0.50, 0.00
238.75, 64.00, 62.00, 0.25, 0.00
239.00, 52.00, 55.00, 1.00, 1.00
239.00, 60.00, 60.00, 1.00, 1.00
239.00, 69.00, 65.00, 0.50, 0.00
239.75, 72.00, 67.00, 0.25, 0.00
240.00, 45.00, 51.00, 1.00, 1.00
240.00, 76.00, 69.00, 0.50, 0.00
240.75, 76.00, 69.00, 0.25, 0.00
241.00, 52.00, 55.00, 1.00, 1.00
241.00, 60.00, 60.00, 1.00, 1.00
241.00, 72.00, 67.00, 1.00, 0.00
242.00, 52.00, 55.00, 1.00, 1.00
242.00, 59.00, 59.00, 1.00, 1.00
242.00, 75.00, 68.00, 1.00, 0.00
243.00, 45.00, 51.00, 1.00, 1.00
243.00, 76.00, 69.00, 0.75, 0.00
243.75, 76.00, 69.00, 0.25, 0.00
244.00, 52.00, 55.00, 1.00, 1.00
244.00, 60.00, 60.00, 1.00, 1.00
244.00, 69.00, 65.00, 1.00, 0.00
245.00, 52.00, 55.00, 1.00, 1.00
245.00, 60.00, 60.00, 1.00, 1.00
245.00, 72.00, 67.00, 1.00, 0.00
246.00, 45.00, 51.00, 1.00, 1.00
246.00, 71.00, 66.00, 0.75, 0.00
246.75, 71.00, 66.00, 0.25, 0.00
247.00, 52.00, 55.00, 1.00, 1.00
247.00, 62.00, 61.00, 1.00, 1.00
247.00, 66.00, 63.00, 1.00, 0.00
248.00, 52.00, 55.00, 1.00, 1.00
248.00, 62.00, 61.00, 1.00, 1.00
248.00, 68.00, 64.00, 1.00, 0.00
249.00, 45.00, 51.00, 1.00, 1.00
249.00, 81.00, 72.00, 1.00, 0.00
250.00, 52.00, 55.00, 1.00, 1.00
250.00, 60.00, 60.00, 1.00, 1.00
