ontime, MNN, MPN, duration, channel
-0.50, 63.00, 62.00, 0.50, 0.00
0.00, 56.00, 58.00, 1.00, 1.00
0.00, 60.00, 60.00, 1.00, 1.00
0.00, 63.00, 62.00, 1.00, 1.00
0.00, 68.00, 65.00, 0.33, 0.00
0.33, 70.00, 66.00, 0.33, 0.00
0.67, 68.00, 65.00, 0.33, 0.00
1.00, 56.00, 58.00, 1.00, 1.00
1.00, 61.00, 61.00, 1.00, 1.00
1.00, 64.00, 63.00, 1.00, 1.00
1.00, 67.00, 64.00, 0.50, 0.00
1.50, 68.00, 65.00, 0.50, 0.00
2.00, 56.00, 58.00, 1.00, 1.00
2.00, 61.00, 61.00, 1.00, 1.00
2.00, 64.00, 63.00, 1.00, 1.00
2.00, 70.00, 66.00, 0.50, 0.00
2.50, 72.00, 67.00, 0.50, 0.00
3.00, 55.00, 57.00, 1.00, 1.00
3.00, 58.00, 59.00, 1.00, 1.00
3.00, 64.00, 63.00, 1.00, 1.00
3.00, 73.00, 68.00, 0.33, 0.00
3.33, 75.00, 69.00, 0.33, 0.00
3.67, 73.00, 68.00, 0.33, 0.00
4.00, 56.00, 58.00, 1.00, 1.00
4.00, 60.00, 60.00, 1.00, 1.00
4.00, 63.00, 62.00, 1.00, 1.00
4.00, 72.00, 67.00, 0.50, 0.00
4.50, 73.00, 68.00, 0.50, 0.00
5.00, 55.00, 57.00, 1.00, 1.00
5.00, 58.00, 59.00, 1.00, 1.00
5.00, 63.00, 62.00, 1.00, 1.00
5.00, 75.00, 69.00, 1.00, 0.00
6.00, 53.00, 56.00, 0.50, 1.00
6.00, 56.00, 58.00, 0.50, 1.00
6.00, 61.00, 61.00, 0.50, 1.00
6.00, 65.00, 63.00, 0.50, 1.00
6.00, 80.00, 72.00, 0.50, 0.00
6.75, 73.00, 68.00, 0.25, 0.00
7.00, 51.00, 55.00, 1.00, 1.00
7.00, 56.00, 58.00, 1.00, 1.00
7.00, 63.00, 62.00, 1.00, 1.00
7.00, 72.00, 67.00, 0.50, 0.00
7.50, 75.00, 69.00, 0.50, 0.00
8.00, 51.00, 55.00, 1.00, 1.00
8.00, 60.00, 60.00, 1.00, 1.00
8.00, 63.00, 62.00, 1.00, 1.00
8.00, 68.00, 65.00, 0.50, 0.00
8.50, 69.00, 65.00, 0.50, 0.00
9.00, 51.00, 55.00, 1.00, 1.00
9.00, 61.00, 61.00, 1.00, 1.00
9.00, 63.00, 62.00, 1.00, 1.00
9.00, 70.00, 66.00, 0.50, 0.00
9.50, 73.00, 68.00, 0.50, 0.00
10.00, 51.00, 55.00, 1.00, 1.00
10.00, 61.00, 61.00, 1.00, 1.00
10.00, 63.00, 62.00, 1.00, 1.00
10.00, 65.00, 63.00, 0.50, 0.00
10.50, 67.00, 64.00, 0.50, 0.00
11.00, 56.00, 58.00, 1.00, 1.00
11.00, 60.00, 60.00, 1.00, 1.00
11.00, 63.00, 62.00, 1.00, 1.00
11.00, 68.00, 65.00, 1.33, 0.00
12.00, 56.00, 58.00, 1.00, 1.00
12.00, 60.00, 60.00, 1.00, 1.00
12.00, 63.00, 62.00, 1.00, 1.00
12.33, 70.00, 66.00, 0.33, 0.00
12.67, 68.00, 65.00, 0.33, 0.00
13.00, 56.00, 58.00, 1.00, 1.00
13.00, 61.00, 61.00, 1.00, 1.00
13.00, 64.00, 63.00, 1.00, 1.00
13.00, 67.00, 64.00, 0.50, 0.00
13.50, 68.00, 65.00, 0.50, 0.00
14.00, 56.00, 58.00, 1.00, 1.00
14.00, 61.00, 61.00, 1.00, 1.00
14.00, 64.00, 63.00, 1.00, 1.00
14.00, 70.00, 66.00, 0.50, 0.00
14.50, 72.00, 67.00, 0.50, 0.00
15.00, 55.00, 57.00, 1.00, 1.00
15.00, 58.00, 59.00, 1.00, 1.00
15.00, 64.00, 63.00, 1.00, 1.00
15.00, 73.00, 68.00, 0.33, 0.00
15.33, 75.00, 69.00, 0.33, 0.00
15.67, 73.00, 68.00, 0.33, 0.00
16.00, 56.00, 58.00, 1.00, 1.00
16.00, 60.00, 60.00, 1.00, 1.00
16.00, 63.00, 62.00, 1.00, 1.00
16.00, 72.00, 67.00, 0.50, 0.00
16.50, 73.00, 68.00, 0.50, 0.00
17.00, 55.00, 57.00, 1.00, 1.00
17.00, 58.00, 59.00, 1.00, 1.00
17.00, 63.00, 62.00, 1.00, 1.00
17.00, 74.00, 68.00, 0.50, 0.00
17.50, 75.00, 69.00, 0.50, 0.00
18.00, 53.00, 56.00, 0.50, 1.00
18.00, 56.00, 58.00, 0.50, 1.00
18.00, 61.00, 61.00, 0.50, 1.00
18.00, 65.00, 63.00, 0.50, 1.00
18.00, 80.00, 72.00, 0.50, 0.00
18.75, 73.00, 68.00, 0.25, 0.00
19.00, 51.00, 55.00, 1.00, 1.00
19.00, 56.00, 58.00, 1.00, 1.00
19.00, 63.00, 62.00, 1.00, 1.00
19.00, 72.00, 67.00, 0.50, 0.00
19.50, 75.00, 69.00, 0.50, 0.00
20.00, 51.00, 55.00, 1.00, 1.00
20.00, 60.00, 60.00, 1.00, 1.00
20.00, 63.00, 62.00, 1.00, 1.00
20.00, 68.00, 65.00, 0.50, 0.00
20.50, 69.00, 65.00, 0.50, 0.00
21.00, 51.00, 55.00, 1.00, 1.00
21.00, 61.00, 61.00, 1.00, 1.00
21.00, 63.00, 62.00, 1.00, 1.00
21.00, 70.00, 66.00, 0.50, 0.00
21.50, 73.00, 68.00, 0.50, 0.00
22.00, 51.00, 55.00, 1.00, 1.00
22.00, 61.00, 61.00, 1.00, 1.00
22.00, 63.00, 62.00, 1.00, 1.00
22.00, 65.00, 63.00, 0.50, 0.00
22.50, 67.00, 64.00, 0.50, 0.00
23.00, 56.00, 58.00, 1.00, 1.00
23.00, 60.00, 60.00, 1.00, 1.00
23.00, 63.00, 62.00, 1.00, 1.00
23.00, 68.00, 65.00, 0.50, 0.00
23.75, 71.00, 66.00, 0.25, 0.00
24.00, 48.00, 53.00, 1.00, 1.00
24.00, 72.00, 67.00, 1.00, 0.00
25.00, 55.00, 57.00, 1.00, 1.00
25.00, 60.00, 60.00, 1.00, 1.00
25.00, 64.00, 62.00, 1.00, 1.00
25.00, 84.00, 74.00, 0.50, 0.00
25.75, 82.00, 73.00, 0.25, 0.00
26.00, 53.00, 56.00, 1.00, 1.00
26.00, 60.00, 60.00, 1.00, 1.00
26.00, 65.00, 63.00, 1.00, 1.00
26.00, 80.00, 72.00, 1.50, 0.00
27.00, 55.00, 57.00, 1.00, 1.00
27.00, 59.00, 59.00, 1.00, 1.00
27.00, 65.00, 63.00, 1.00, 1.00
27.50, 79.00, 71.00, 0.50, 0.00
28.00, 55.00, 57.00, 1.00, 1.00
28.00, 59.00, 59.00, 1.00, 1.00
28.00, 65.00, 63.00, 1.00, 1.00
28.00, 80.00, 72.00, 0.50, 0.00
28.50, 79.00, 71.00, 0.50, 0.00
29.00, 55.00, 57.00, 1.00, 1.00
29.00, 59.00, 59.00, 1.00, 1.00
29.00, 65.00, 63.00, 1.00, 1.00
29.00, 74.00, 68.00, 1.00, 0.00
30.00, 56.00, 58.00, 1.00, 1.00
30.00, 60.00, 60.00, 1.00, 1.00
30.00, 63.00, 62.00, 1.00, 1.00
30.00, 72.00, 67.00, 0.50, 0.00
30.50, 72.00, 67.00, 0.50, 0.00
31.00, 55.00, 57.00, 1.00, 1.00
31.00, 60.00, 60.00, 1.00, 1.00
31.00, 64.00, 62.00, 1.00, 1.00
31.00, 84.00, 74.00, 0.50, 0.00
31.75, 82.00, 73.00, 0.25, 0.00
32.00, 53.00, 56.00, 1.00, 1.00
32.00, 60.00, 60.00, 1.00, 1.00
32.00, 65.00, 63.00, 1.00, 1.00
32.00, 80.00, 72.00, 1.50, 0.00
33.00, 55.00, 57.00, 1.00, 1.00
33.00, 59.00, 59.00, 1.00, 1.00
33.00, 65.00, 63.00, 1.00, 1.00
33.50, 79.00, 71.00, 0.50, 0.00
34.00, 55.00, 57.00, 1.00, 1.00
34.00, 59.00, 59.00, 1.00, 1.00
34.00, 65.00, 63.00, 1.00, 1.00
34.00, 80.00, 72.00, 0.50, 0.00
34.75, 79.00, 71.00, 0.25, 0.00
35.00, 55.00, 57.00, 1.00, 1.00
35.00, 59.00, 59.00, 1.00, 1.00
35.00, 65.00, 63.00, 1.00, 1.00
35.00, 74.00, 68.00, 1.00, 0.00
36.00, 56.00, 58.00, 1.00, 1.00
36.00, 60.00, 60.00, 1.00, 1.00
36.00, 63.00, 62.00, 1.00, 1.00
36.00, 72.00, 67.00, 1.00, 0.00
37.00, 53.00, 56.00, 1.00, 1.00
37.00, 56.00, 58.00, 1.00, 1.00
37.00, 61.00, 61.00, 1.00, 1.00
37.00, 73.00, 68.00, 0.75, 0.00
37.75, 77.00, 70.00, 0.25, 0.00
38.00, 53.00, 56.00, 1.00, 1.00
38.00, 56.00, 58.00, 1.00, 1.00
38.00, 62.00, 61.00, 1.00, 1.00
38.00, 72.00, 67.00, 1.00, 0.00
39.00, 55.00, 57.00, 1.00, 1.00
39.00, 62.00, 61.00, 1.00, 1.00
39.00, 65.00, 63.00, 1.00, 1.00
39.00, 71.00, 66.00, 0.50, 0.00
39.75, 67.00, 64.00, 0.25, 0.00
40.00, 55.00, 57.00, 1.00, 1.00
40.00, 62.00, 61.00, 1.00, 1.00
40.00, 65.00, 63.00, 1.00, 1.00
40.00, 71.00, 66.00, 0.50, 0.00
40.50, 74.00, 68.00, 0.50, 0.00
41.00, 60.00, 60.00, 1.00, 1.00
41.00, 63.00, 62.00, 1.00, 1.00
41.00, 72.00, 67.00, 2.00, 0.00
42.00, 56.00, 58.00, 1.00, 1.00
42.00, 60.00, 60.00, 1.00, 1.00
42.00, 63.00, 62.00, 1.00, 1.00
43.00, 53.00, 56.00, 1.00, 1.00
43.00, 56.00, 58.00, 1.00, 1.00
43.00, 61.00, 61.00, 1.00, 1.00
43.00, 73.00, 68.00, 0.75, 0.00
43.75, 77.00, 70.00, 0.25, 0.00
44.00, 53.00, 56.00, 1.00, 1.00
44.00, 56.00, 58.00, 1.00, 1.00
44.00, 62.00, 61.00, 2.00, 1.00
44.00, 72.00, 67.00, 2.50, 0.00
45.00, 55.00, 57.00, 1.00, 1.00
45.00, 58.00, 59.00, 1.00, 1.00
46.00, 55.00, 57.00, 1.00, 1.00
46.00, 58.00, 59.00, 1.00, 1.00
46.00, 63.00, 62.00, 1.00, 1.00
46.50, 70.00, 66.00, 0.50, 0.00
47.00, 55.00, 57.00, 1.00, 1.00
47.00, 61.00, 61.00, 1.00, 1.00
47.00, 64.00, 63.00, 1.00, 1.00
47.00, 72.00, 67.00, 0.75, 0.00
47.75, 70.00, 66.00, 0.25, 0.00
48.00, 56.00, 58.00, 1.00, 1.00
48.00, 60.00, 60.00, 1.00, 1.00
48.00, 63.00, 62.00, 1.00, 1.00
48.00, 68.00, 65.00, 0.33, 0.00
48.33, 70.00, 66.00, 0.33, 0.00
48.67, 68.00, 65.00, 0.33, 0.00
49.00, 56.00, 58.00, 1.00, 1.00
49.00, 61.00, 61.00, 1.00, 1.00
49.00, 64.00, 63.00, 1.00, 1.00
49.00, 67.00, 64.00, 0.50, 0.00
49.50, 68.00, 65.00, 0.50, 0.00
50.00, 56.00, 58.00, 1.00, 1.00
50.00, 61.00, 61.00, 1.00, 1.00
50.00, 64.00, 63.00, 1.00, 1.00
50.00, 70.00, 66.00, 0.50, 0.00
50.50, 72.00, 67.00, 0.50, 0.00
51.00, 55.00, 57.00, 1.00, 1.00
51.00, 58.00, 59.00, 1.00, 1.00
51.00, 64.00, 63.00, 1.00, 1.00
51.00, 73.00, 68.00, 0.33, 0.00
51.33, 75.00, 69.00, 0.33, 0.00
51.67, 73.00, 68.00, 0.33, 0.00
52.00, 56.00, 58.00, 1.00, 1.00
52.00, 60.00, 60.00, 1.00, 1.00
52.00, 63.00, 62.00, 1.00, 1.00
52.00, 72.00, 67.00, 0.50, 0.00
52.50, 73.00, 68.00, 0.50, 0.00
53.00, 55.00, 57.00, 1.00, 1.00
53.00, 58.00, 59.00, 1.00, 1.00
53.00, 63.00, 62.00, 1.00, 1.00
53.00, 75.00, 69.00, 1.00, 0.00
54.00, 53.00, 56.00, 0.50, 1.00
54.00, 56.00, 58.00, 0.50, 1.00
54.00, 61.00, 61.00, 0.50, 1.00
54.00, 65.00, 63.00, 0.50, 1.00
54.00, 80.00, 72.00, 0.50, 0.00
54.75, 73.00, 68.00, 0.25, 0.00
55.00, 51.00, 55.00, 1.00, 1.00
55.00, 56.00, 58.00, 1.00, 1.00
55.00, 63.00, 62.00, 1.00, 1.00
55.00, 72.00, 67.00, 0.50, 0.00
55.50, 75.00, 69.00, 0.50, 0.00
56.00, 51.00, 55.00, 1.00, 1.00
56.00, 60.00, 60.00, 1.00, 1.00
56.00, 63.00, 62.00, 1.00, 1.00
56.00, 68.00, 65.00, 0.50, 0.00
56.50, 69.00, 65.00, 0.50, 0.00
57.00, 51.00, 55.00, 1.00, 1.00
57.00, 61.00, 61.00, 1.00, 1.00
57.00, 63.00, 62.00, 1.00, 1.00
57.00, 70.00, 66.00, 0.50, 0.00
57.50, 73.00, 68.00, 0.50, 0.00
58.00, 51.00, 55.00, 1.00, 1.00
58.00, 61.00, 61.00, 1.00, 1.00
58.00, 63.00, 62.00, 1.00, 1.00
58.00, 65.00, 63.00, 0.50, 0.00
58.50, 67.00, 64.00, 0.50, 0.00
59.00, 56.00, 58.00, 1.00, 1.00
59.00, 60.00, 60.00, 1.00, 1.00
59.00, 63.00, 62.00, 1.00, 1.00
59.00, 68.00, 65.00, 1.33, 0.00
60.00, 56.00, 58.00, 1.00, 1.00
60.00, 60.00, 60.00, 1.00, 1.00
60.00, 63.00, 62.00, 1.00, 1.00
60.33, 70.00, 66.00, 0.33, 0.00
60.67, 68.00, 65.00, 0.33, 0.00
61.00, 56.00, 58.00, 1.00, 1.00
61.00, 61.00, 61.00, 1.00, 1.00
61.00, 64.00, 63.00, 1.00, 1.00
61.00, 67.00, 64.00, 0.50, 0.00
61.75, 68.00, 65.00, 0.25, 0.00
62.00, 56.00, 58.00, 1.00, 1.00
62.00, 61.00, 61.00, 1.00, 1.00
62.00, 64.00, 63.00, 1.00, 1.00
62.00, 70.00, 66.00, 0.50, 0.00
62.50, 72.00, 67.00, 0.50, 0.00
63.00, 55.00, 57.00, 1.00, 1.00
63.00, 58.00, 59.00, 1.00, 1.00
63.00, 64.00, 63.00, 1.00, 1.00
63.00, 73.00, 68.00, 0.33, 0.00
63.33, 75.00, 69.00, 0.33, 0.00
63.67, 73.00, 68.00, 0.33, 0.00
64.00, 56.00, 58.00, 1.00, 1.00
64.00, 60.00, 60.00, 1.00, 1.00
64.00, 63.00, 62.00, 1.00, 1.00
64.00, 72.00, 67.00, 0.50, 0.00
64.75, 73.00, 68.00, 0.25, 0.00
65.00, 55.00, 57.00, 1.00, 1.00
65.00, 58.00, 59.00, 1.00, 1.00
65.00, 63.00, 62.00, 1.00, 1.00
65.00, 74.00, 68.00, 0.50, 0.00
65.50, 75.00, 69.00, 0.50, 0.00
66.00, 53.00, 56.00, 0.50, 1.00
66.00, 56.00, 58.00, 0.50, 1.00
66.00, 61.00, 61.00, 0.50, 1.00
66.00, 65.00, 63.00, 0.50, 1.00
66.00, 80.00, 72.00, 0.50, 0.00
66.75, 73.00, 68.00, 0.25, 0.00
67.00, 51.00, 55.00, 1.00, 1.00
67.00, 56.00, 58.00, 1.00, 1.00
67.00, 63.00, 62.00, 1.00, 1.00
67.00, 72.00, 67.00, 0.50, 0.00
67.50, 75.00, 69.00, 0.50, 0.00
68.00, 51.00, 55.00, 1.00, 1.00
68.00, 60.00, 60.00, 1.00, 1.00
68.00, 63.00, 62.00, 1.00, 1.00
68.00, 68.00, 65.00, 0.50, 0.00
68.50, 69.00, 65.00, 0.50, 0.00
69.00, 51.00, 55.00, 1.00, 1.00
69.00, 61.00, 61.00, 1.00, 1.00
69.00, 63.00, 62.00, 1.00, 1.00
69.00, 70.00, 66.00, 0.50, 0.00
69.50, 73.00, 68.00, 0.50, 0.00
70.00, 51.00, 55.00, 1.00, 1.00
70.00, 61.00, 61.00, 1.00, 1.00
70.00, 63.00, 62.00, 1.00, 1.00
70.00, 65.00, 63.00, 0.50, 0.00
70.50, 67.00, 64.00, 0.50, 0.00
71.00, 56.00, 58.00, 1.00, 1.00
71.00, 60.00, 60.00, 1.00, 1.00
71.00, 63.00, 62.00, 1.00, 1.00
71.00, 68.00, 65.00, 1.00, 0.00
72.00, 48.00, 53.00, 1.00, 1.00
72.00, 72.00, 67.00, 1.00, 0.00
73.00, 55.00, 57.00, 1.00, 1.00
73.00, 60.00, 60.00, 1.00, 1.00
73.00, 64.00, 62.00, 1.00, 1.00
73.00, 84.00, 74.00, 0.50, 0.00
73.75, 82.00, 73.00, 0.25, 0.00
74.00, 53.00, 56.00, 1.00, 1.00
74.00, 60.00, 60.00, 1.00, 1.00
74.00, 65.00, 63.00, 1.00, 1.00
74.00, 80.00, 72.00, 1.50, 0.00
75.00, 55.00, 57.00, 1.00, 1.00
75.00, 59.00, 59.00, 1.00, 1.00
75.00, 65.00, 63.00, 1.00, 1.00
75.50, 79.00, 71.00, 0.50, 0.00
76.00, 55.00, 57.00, 1.00, 1.00
76.00, 59.00, 59.00, 1.00, 1.00
76.00, 65.00, 63.00, 1.00, 1.00
76.00, 80.00, 72.00, 0.50, 0.00
76.50, 79.00, 71.00, 0.50, 0.00
77.00, 55.00, 57.00, 1.00, 1.00
77.00, 59.00, 59.00, 1.00, 1.00
77.00, 65.00, 63.00, 1.00, 1.00
77.00, 74.00, 68.00, 1.00, 0.00
78.00, 56.00, 58.00, 1.00, 1.00
78.00, 60.00, 60.00, 1.00, 1.00
78.00, 63.00, 62.00, 1.00, 1.00
78.00, 72.00, 67.00, 0.50, 0.00
78.50, 72.00, 67.00, 0.50, 0.00
79.00, 55.00, 57.00, 1.00, 1.00
79.00, 60.00, 60.00, 1.00, 1.00
79.00, 64.00, 62.00, 1.00, 1.00
79.00, 84.00, 74.00, 0.50, 0.00
79.75, 82.00, 73.00, 0.25, 0.00
80.00, 53.00, 56.00, 1.00, 1.00
80.00, 60.00, 60.00, 1.00, 1.00
80.00, 65.00, 63.00, 1.00, 1.00
80.00, 80.00, 72.00, 1.50, 0.00
81.00, 55.00, 57.00, 1.00, 1.00
81.00, 59.00, 59.00, 1.00, 1.00
81.00, 65.00, 63.00, 1.00, 1.00
81.50, 79.00, 71.00, 0.50, 0.00
82.00, 55.00, 57.00, 1.00, 1.00
82.00, 59.00, 59.00, 1.00, 1.00
82.00, 65.00, 63.00, 1.00, 1.00
82.00, 80.00, 72.00, 0.50, 0.00
82.75, 79.00, 71.00, 0.25, 0.00
83.00, 55.00, 57.00, 1.00, 1.00
83.00, 59.00, 59.00, 1.00, 1.00
83.00, 65.00, 63.00, 1.00, 1.00
83.00, 74.00, 68.00, 1.00, 0.00
84.00, 56.00, 58.00, 1.00, 1.00
84.00, 60.00, 60.00, 1.00, 1.00
84.00, 63.00, 62.00, 1.00, 1.00
84.00, 72.00, 67.00, 1.00, 0.00
85.00, 53.00, 56.00, 1.00, 1.00
85.00, 56.00, 58.00, 1.00, 1.00
85.00, 61.00, 61.00, 1.00, 1.00
85.00, 73.00, 68.00, 0.75, 0.00
85.75, 77.00, 70.00, 0.25, 0.00
86.00, 53.00, 56.00, 1.00, 1.00
86.00, 56.00, 58.00, 1.00, 1.00
86.00, 62.00, 61.00, 1.00, 1.00
86.00, 72.00, 67.00, 1.00, 0.00
87.00, 55.00, 57.00, 1.00, 1.00
87.00, 62.00, 61.00, 1.00, 1.00
87.00, 65.00, 63.00, 1.00, 1.00
87.00, 71.00, 66.00, 0.50, 0.00
87.75, 67.00, 64.00, 0.25, 0.00
88.00, 55.00, 57.00, 1.00, 1.00
88.00, 62.00, 61.00, 1.00, 1.00
88.00, 65.00, 63.00, 1.00, 1.00
88.00, 71.00, 66.00, 0.50, 0.00
88.50, 74.00, 68.00, 0.50, 0.00
89.00, 60.00, 60.00, 1.00, 1.00
89.00, 63.00, 62.00, 1.00, 1.00
89.00, 72.00, 67.00, 2.00, 0.00
90.00, 56.00, 58.00, 1.00, 1.00
90.00, 60.00, 60.00, 1.00, 1.00
90.00, 63.00, 62.00, 1.00, 1.00
91.00, 53.00, 56.00, 1.00, 1.00
91.00, 56.00, 58.00, 1.00, 1.00
91.00, 61.00, 61.00, 1.00, 1.00
91.00, 73.00, 68.00, 0.75, 0.00
91.75, 77.00, 70.00, 0.25, 0.00
92.00, 53.00, 56.00, 1.00, 1.00
92.00, 56.00, 58.00, 1.00, 1.00
92.00, 62.00, 61.00, 2.00, 1.00
92.00, 72.00, 67.00, 2.50, 0.00
93.00, 55.00, 57.00, 1.00, 1.00
93.00, 58.00, 59.00, 1.00, 1.00
94.00, 55.00, 57.00, 1.00, 1.00
94.00, 58.00, 59.00, 1.00, 1.00
94.00, 63.00, 62.00, 1.00, 1.00
94.50, 70.00, 66.00, 0.50, 0.00
95.00, 55.00, 57.00, 1.00, 1.00
95.00, 61.00, 61.00, 1.00, 1.00
95.00, 64.00, 63.00, 1.00, 1.00
95.00, 72.00, 67.00, 0.75, 0.00
95.75, 70.00, 66.00, 0.25, 0.00
96.00, 56.00, 58.00, 1.00, 1.00
96.00, 60.00, 60.00, 1.00, 1.00
96.00, 63.00, 62.00, 1.00, 1.00
96.00, 68.00, 65.00, 0.33, 0.00
96.33, 70.00, 66.00, 0.33, 0.00
96.67, 68.00, 65.00, 0.33, 0.00
97.00, 56.00, 58.00, 1.00, 1.00
97.00, 61.00, 61.00, 1.00, 1.00
97.00, 64.00, 63.00, 1.00, 1.00
97.00, 67.00, 64.00, 0.50, 0.00
97.50, 68.00, 65.00, 0.50, 0.00
98.00, 56.00, 58.00, 1.00, 1.00
98.00, 61.00, 61.00, 1.00, 1.00
98.00, 64.00, 63.00, 1.00, 1.00
98.00, 70.00, 66.00, 0.50, 0.00
98.50, 72.00, 67.00, 0.50, 0.00
99.00, 55.00, 57.00, 1.00, 1.00
99.00, 58.00, 59.00, 1.00, 1.00
99.00, 64.00, 63.00, 1.00, 1.00
99.00, 73.00, 68.00, 0.33, 0.00
99.33, 75.00, 69.00, 0.33, 0.00
99.67, 73.00, 68.00, 0.33, 0.00
100.00, 56.00, 58.00, 1.00, 1.00
100.00, 60.00, 60.00, 1.00, 1.00
100.00, 63.00, 62.00, 1.00, 1.00
100.00, 72.00, 67.00, 0.50, 0.00
100.50, 73.00, 68.00, 0.50, 0.00
101.00, 55.00, 57.00, 1.00, 1.00
101.00, 58.00, 59.00, 1.00, 1.00
101.00, 63.00, 62.00, 1.00, 1.00
101.00, 75.00, 69.00, 1.00, 0.00
102.00, 53.00, 56.00, 0.50, 1.00
102.00, 56.00, 58.00, 0.50, 1.00
102.00, 61.00, 61.00, 0.50, 1.00
102.00, 65.00, 63.00, 0.50, 1.00
102.00, 80.00, 72.00, 0.50, 0.00
102.75, 73.00, 68.00, 0.25, 0.00
103.00, 51.00, 55.00, 1.00, 1.00
103.00, 56.00, 58.00, 1.00, 1.00
103.00, 63.00, 62.00, 1.00, 1.00
103.00, 72.00, 67.00, 0.50, 0.00
103.50, 75.00, 69.00, 0.50, 0.00
104.00, 51.00, 55.00, 1.00, 1.00
104.00, 60.00, 60.00, 1.00, 1.00
104.00, 63.00, 62.00, 1.00, 1.00
104.00, 68.00, 65.00, 0.50, 0.00
104.50, 69.00, 65.00, 0.50, 0.00
105.00, 51.00, 55.00, 1.00, 1.00
105.00, 61.00, 61.00, 1.00, 1.00
105.00, 63.00, 62.00, 1.00, 1.00
105.00, 70.00, 66.00, 0.50, 0.00
105.50, 73.00, 68.00, 0.50, 0.00
106.00, 51.00, 55.00, 1.00, 1.00
106.00, 61.00, 61.00, 1.00, 1.00
106.00, 63.00, 62.00, 1.00, 1.00
106.00, 65.00, 63.00, 0.50, 0.00
106.50, 67.00, 64.00, 0.50, 0.00
107.00, 56.00, 58.00, 1.00, 1.00
107.00, 60.00, 60.00, 1.00, 1.00
107.00, 63.00, 62.00, 1.00, 1.00
107.00, 68.00, 65.00, 1.33, 0.00
108.00, 56.00, 58.00, 1.00, 1.00
108.00, 60.00, 60.00, 1.00, 1.00
108.00, 63.00, 62.00, 1.00, 1.00
108.33, 70.00, 66.00, 0.33, 0.00
108.67, 68.00, 65.00, 0.33, 0.00
109.00, 56.00, 58.00, 1.00, 1.00
109.00, 61.00, 61.00, 1.00, 1.00
109.00, 64.00, 63.00, 1.00, 1.00
109.00, 67.00, 64.00, 0.50, 0.00
109.75, 68.00, 65.00, 0.25, 0.00
110.00, 56.00, 58.00, 1.00, 1.00
110.00, 61.00, 61.00, 1.00, 1.00
110.00, 64.00, 63.00, 1.00, 1.00
110.00, 70.00, 66.00, 0.50, 0.00
110.50, 72.00, 67.00, 0.50, 0.00
111.00, 55.00, 57.00, 1.00, 1.00
111.00, 58.00, 59.00, 1.00, 1.00
111.00, 64.00, 63.00, 1.00, 1.00
111.00, 73.00, 68.00, 0.33, 0.00
111.33, 75.00, 69.00, 0.33, 0.00
111.67, 73.00, 68.00, 0.33, 0.00
112.00, 56.00, 58.00, 1.00, 1.00
112.00, 60.00, 60.00, 1.00, 1.00
112.00, 63.00, 62.00, 1.00, 1.00
112.00, 72.00, 67.00, 0.50, 0.00
112.75, 73.00, 68.00, 0.25, 0.00
113.00, 55.00, 57.00, 1.00, 1.00
113.00, 58.00, 59.00, 1.00, 1.00
113.00, 63.00, 62.00, 1.00, 1.00
113.00, 74.00, 68.00, 0.50, 0.00
113.50, 75.00, 69.00, 0.50, 0.00
114.00, 53.00, 56.00, 0.50, 1.00
114.00, 56.00, 58.00, 0.50, 1.00
114.00, 61.00, 61.00, 0.50, 1.00
114.00, 65.00, 63.00, 0.50, 1.00
114.00, 80.00, 72.00, 0.50, 0.00
114.75, 73.00, 68.00, 0.25, 0.00
115.00, 51.00, 55.00, 1.00, 1.00
115.00, 56.00, 58.00, 1.00, 1.00
115.00, 63.00, 62.00, 1.00, 1.00
115.00, 72.00, 67.00, 0.50, 0.00
115.50, 75.00, 69.00, 0.50, 0.00
116.00, 51.00, 55.00, 1.00, 1.00
116.00, 60.00, 60.00, 1.00, 1.00
116.00, 63.00, 62.00, 1.00, 1.00
116.00, 68.00, 65.00, 0.50, 0.00
116.50, 69.00, 65.00, 0.50, 0.00
117.00, 51.00, 55.00, 1.00, 1.00
117.00, 61.00, 61.00, 1.00, 1.00
117.00, 63.00, 62.00, 1.00, 1.00
117.00, 70.00, 66.00, 0.50, 0.00
117.50, 73.00, 68.00, 0.50, 0.00
118.00, 51.00, 55.00, 1.00, 1.00
118.00, 61.00, 61.00, 1.00, 1.00
118.00, 63.00, 62.00, 1.00, 1.00
118.00, 65.00, 63.00, 0.50, 0.00
118.50, 67.00, 64.00, 0.50, 0.00
119.00, 56.00, 58.00, 1.00, 1.00
119.00, 60.00, 60.00, 1.00, 1.00
119.00, 63.00, 62.00, 1.00, 1.00
119.00, 68.00, 65.00, 1.00, 0.00
120.00, 49.00, 54.00, 1.00, 1.00
120.00, 56.00, 58.00, 1.00, 1.00
120.00, 60.00, 60.00, 1.00, 1.00
120.00, 66.00, 64.00, 1.00, 0.00
120.00, 78.00, 71.00, 0.50, 0.00
120.50, 77.00, 70.00, 0.50, 0.00
121.00, 49.00, 54.00, 1.00, 1.00
121.00, 56.00, 58.00, 1.00, 1.00
121.00, 60.00, 60.00, 1.00, 1.00
121.00, 66.00, 64.00, 1.00, 0.00
121.00, 75.00, 69.00, 0.50, 0.00
121.50, 77.00, 70.00, 0.50, 0.00
122.00, 49.00, 54.00, 1.00, 1.00
122.00, 56.00, 58.00, 1.00, 1.00
122.00, 61.00, 61.00, 1.00, 1.00
122.00, 65.00, 63.00, 1.00, 0.00
122.00, 73.00, 68.00, 1.00, 0.00
123.00, 49.00, 54.00, 1.00, 1.00
123.00, 58.00, 59.00, 1.00, 1.00
123.00, 63.00, 62.00, 1.00, 1.00
123.00, 67.00, 64.00, 1.00, 0.00
123.00, 70.00, 66.00, 0.50, 0.00
123.50, 75.00, 69.00, 0.50, 0.00
124.00, 49.00, 54.00, 1.00, 1.00
124.00, 57.00, 59.00, 1.00, 1.00
124.00, 63.00, 62.00, 1.00, 1.00
124.00, 66.00, 64.00, 1.00, 0.00
124.00, 70.00, 66.00, 0.50, 0.00
124.50, 72.00, 67.00, 0.50, 0.00
125.00, 49.00, 54.00, 1.00, 1.00
125.00, 56.00, 58.00, 1.00, 1.00
125.00, 63.00, 62.00, 1.00, 1.00
125.00, 66.00, 64.00, 1.00, 0.00
125.00, 68.00, 65.00, 1.00, 0.00
126.00, 49.00, 54.00, 1.00, 1.00
126.00, 56.00, 58.00, 1.00, 1.00
126.00, 60.00, 60.00, 1.00, 1.00
126.00, 66.00, 64.00, 1.00, 0.00
126.00, 78.00, 71.00, 0.50, 0.00
126.50, 77.00, 70.00, 0.50, 0.00
127.00, 49.00, 54.00, 1.00, 1.00
127.00, 56.00, 58.00, 1.00, 1.00
127.00, 60.00, 60.00, 1.00, 1.00
127.00, 66.00, 64.00, 1.00, 0.00
127.00, 75.00, 69.00, 0.50, 0.00
127.50, 77.00, 70.00, 0.50, 0.00
128.00, 49.00, 54.00, 1.00, 1.00
128.00, 56.00, 58.00, 1.00, 1.00
128.00, 61.00, 61.00, 1.00, 1.00
128.00, 65.00, 63.00, 1.00, 0.00
128.00, 73.00, 68.00, 1.00, 0.00
129.00, 49.00, 54.00, 1.00, 1.00
129.00, 58.00, 59.00, 1.00, 1.00
129.00, 63.00, 62.00, 1.00, 1.00
129.00, 67.00, 64.00, 1.00, 0.00
129.00, 70.00, 66.00, 0.50, 0.00
129.50, 75.00, 69.00, 0.50, 0.00
130.00, 49.00, 54.00, 1.00, 1.00
130.00, 56.00, 58.00, 1.00, 1.00
130.00, 63.00, 62.00, 1.00, 1.00
130.00, 66.00, 64.00, 1.00, 0.00
130.00, 68.00, 65.00, 0.50, 0.00
130.50, 72.00, 67.00, 0.50, 0.00
131.00, 49.00, 54.00, 1.00, 1.00
131.00, 56.00, 58.00, 1.00, 1.00
131.00, 61.00, 61.00, 1.00, 1.00
131.00, 65.00, 63.00, 1.00, 0.00
131.00, 73.00, 68.00, 1.00, 0.00
132.00, 49.00, 54.00, 1.00, 1.00
132.00, 56.00, 58.00, 1.00, 1.00
132.00, 60.00, 60.00, 1.00, 1.00
132.00, 66.00, 64.00, 1.00, 0.00
132.00, 78.00, 71.00, 0.50, 0.00
132.50, 77.00, 70.00, 0.50, 0.00
133.00, 49.00, 54.00, 1.00, 1.00
133.00, 56.00, 58.00, 1.00, 1.00
133.00, 60.00, 60.00, 1.00, 1.00
133.00, 66.00, 64.00, 1.00, 0.00
133.00, 75.00, 69.00, 0.50, 0.00
133.50, 77.00, 70.00, 0.50, 0.00
134.00, 49.00, 54.00, 1.00, 1.00
134.00, 56.00, 58.00, 1.00, 1.00
134.00, 61.00, 61.00, 1.00, 1.00
134.00, 65.00, 63.00, 1.00, 0.00
134.00, 73.00, 68.00, 0.50, 0.00
134.50, 68.00, 65.00, 0.50, 0.00
135.00, 49.00, 54.00, 1.00, 1.00
135.00, 58.00, 59.00, 1.00, 1.00
135.00, 63.00, 62.00, 1.00, 1.00
135.00, 67.00, 64.00, 1.00, 0.00
135.00, 70.00, 66.00, 0.50, 0.00
135.50, 75.00, 69.00, 0.50, 0.00
136.00, 49.00, 54.00, 1.00, 1.00
136.00, 57.00, 59.00, 1.00, 1.00
136.00, 63.00, 62.00, 1.00, 1.00
136.00, 66.00, 64.00, 1.00, 0.00
136.00, 70.00, 66.00, 0.50, 0.00
136.50, 72.00, 67.00, 0.50, 0.00
137.00, 49.00, 54.00, 1.00, 1.00
137.00, 56.00, 58.00, 1.00, 1.00
137.00, 63.00, 62.00, 1.00, 1.00
137.00, 66.00, 64.00, 1.00, 0.00
137.00, 68.00, 65.00, 0.50, 0.00
137.50, 80.00, 72.00, 0.50, 0.00
138.00, 49.00, 54.00, 1.00, 1.00
138.00, 56.00, 58.00, 1.00, 1.00
138.00, 60.00, 60.00, 1.00, 1.00
138.00, 66.00, 64.00, 1.00, 0.00
138.00, 78.00, 71.00, 0.50, 0.00
138.50, 77.00, 70.00, 0.50, 0.00
139.00, 49.00, 54.00, 1.00, 1.00
139.00, 56.00, 58.00, 1.00, 1.00
139.00, 60.00, 60.00, 1.00, 1.00
139.00, 66.00, 64.00, 1.00, 0.00
139.00, 75.00, 69.00, 0.50, 0.00
139.50, 77.00, 70.00, 0.50, 0.00
140.00, 49.00, 54.00, 1.00, 1.00
140.00, 56.00, 58.00, 1.00, 1.00
140.00, 61.00, 61.00, 1.00, 1.00
140.00, 65.00, 63.00, 1.00, 0.00
140.00, 73.00, 68.00, 0.50, 0.00
140.50, 68.00, 65.00, 0.50, 0.00
141.00, 49.00, 54.00, 1.00, 1.00
141.00, 58.00, 59.00, 1.00, 1.00
141.00, 63.00, 62.00, 1.00, 1.00
141.00, 67.00, 64.00, 1.00, 0.00
141.00, 70.00, 66.00, 0.50, 0.00
141.50, 75.00, 69.00, 0.50, 0.00
142.00, 49.00, 54.00, 1.00, 1.00
142.00, 56.00, 58.00, 1.00, 1.00
142.00, 63.00, 62.00, 1.00, 1.00
142.00, 66.00, 64.00, 1.00, 0.00
142.00, 68.00, 65.00, 0.50, 0.00
142.50, 72.00, 67.00, 0.50, 0.00
143.00, 49.00, 54.00, 1.00, 1.00
143.00, 56.00, 58.00, 1.00, 1.00
143.00, 65.00, 63.00, 1.00, 0.00
143.00, 73.00, 68.00, 1.00, 0.00
144.00, 45.00, 51.00, 2.00, 1.00
144.00, 57.00, 58.00, 2.00, 1.00
144.00, 64.00, 62.00, 2.00, 0.00
144.00, 73.00, 67.00, 0.50, 0.00
144.00, 76.00, 69.00, 0.50, 0.00
144.50, 71.00, 66.00, 0.50, 0.00
144.50, 74.00, 68.00, 0.50, 0.00
145.00, 69.00, 65.00, 1.00, 0.00
145.00, 73.00, 67.00, 1.00, 0.00
146.00, 50.00, 54.00, 1.00, 1.00
146.00, 57.00, 58.00, 1.00, 1.00
146.00, 66.00, 63.00, 1.00, 0.00
146.00, 69.00, 65.00, 1.00, 0.00
146.00, 78.00, 70.00, 1.00, 0.00
147.00, 45.00, 51.00, 3.00, 1.00
147.00, 57.00, 58.00, 3.00, 1.00
147.00, 64.00, 62.00, 3.00, 0.00
147.00, 73.00, 67.00, 2.00, 0.00
147.00, 76.00, 69.00, 2.00, 0.00
149.00, 69.00, 65.00, 1.00, 0.00
149.00, 73.00, 67.00, 1.00, 0.00
150.00, 57.00, 58.00, 2.00, 1.00
150.00, 64.00, 62.00, 2.00, 0.00
150.00, 73.00, 67.00, 0.50, 0.00
150.00, 76.00, 69.00, 0.50, 0.00
150.50, 71.00, 66.00, 0.50, 0.00
150.50, 74.00, 68.00, 0.50, 0.00
151.00, 69.00, 65.00, 1.00, 0.00
151.00, 73.00, 67.00, 1.00, 0.00
152.00, 50.00, 54.00, 1.00, 1.00
152.00, 57.00, 58.00, 1.00, 1.00
152.00, 66.00, 63.00, 1.00, 0.00
152.00, 69.00, 65.00, 1.00, 0.00
152.00, 78.00, 70.00, 1.00, 0.00
153.00, 45.00, 51.00, 2.00, 1.00
153.00, 57.00, 58.00, 2.00, 1.00
153.00, 64.00, 62.00, 3.00, 0.00
153.00, 69.00, 65.00, 2.00, 0.00
153.00, 73.00, 67.00, 2.00, 0.00
153.00, 76.00, 69.00, 3.00, 0.00
155.00, 55.00, 57.00, 1.00, 1.00
155.00, 61.00, 61.00, 1.00, 1.00
155.00, 64.00, 63.00, 1.00, 1.00
155.00, 70.00, 66.00, 1.00, 0.00
156.00, 56.00, 58.00, 1.00, 1.00
156.00, 60.00, 60.00, 1.00, 1.00
156.00, 63.00, 62.00, 1.00, 1.00
156.00, 68.00, 65.00, 0.33, 0.00
156.33, 70.00, 66.00, 0.33, 0.00
156.67, 68.00, 65.00, 0.33, 0.00
157.00, 56.00, 58.00, 1.00, 1.00
157.00, 61.00, 61.00, 1.00, 1.00
157.00, 64.00, 63.00, 1.00, 1.00
157.00, 67.00, 64.00, 0.50, 0.00
157.50, 68.00, 65.00, 0.50, 0.00
158.00, 56.00, 58.00, 1.00, 1.00
158.00, 61.00, 61.00, 1.00, 1.00
158.00, 64.00, 63.00, 1.00, 1.00
158.00, 70.00, 66.00, 0.50, 0.00
158.50, 72.00, 67.00, 0.50, 0.00
159.00, 55.00, 57.00, 1.00, 1.00
159.00, 58.00, 59.00, 1.00, 1.00
159.00, 64.00, 63.00, 1.00, 1.00
159.00, 73.00, 68.00, 0.33, 0.00
159.33, 75.00, 69.00, 0.33, 0.00
159.67, 73.00, 68.00, 0.33, 0.00
160.00, 56.00, 58.00, 1.00, 1.00
160.00, 60.00, 60.00, 1.00, 1.00
160.00, 63.00, 62.00, 1.00, 1.00
160.00, 72.00, 67.00, 0.50, 0.00
160.50, 73.00, 68.00, 0.50, 0.00
161.00, 55.00, 57.00, 1.00, 1.00
161.00, 58.00, 59.00, 1.00, 1.00
161.00, 63.00, 62.00, 1.00, 1.00
161.00, 75.00, 69.00, 1.00, 0.00
162.00, 53.00, 56.00, 0.50, 1.00
162.00, 56.00, 58.00, 0.50, 1.00
162.00, 61.00, 61.00, 0.50, 1.00
162.00, 65.00, 63.00, 0.50, 1.00
162.00, 80.00, 72.00, 0.50, 0.00
162.75, 73.00, 68.00, 0.25, 0.00
163.00, 51.00, 55.00, 1.00, 1.00
163.00, 56.00, 58.00, 1.00, 1.00
163.00, 63.00, 62.00, 1.00, 1.00
163.00, 72.00, 67.00, 0.50, 0.00
163.50, 75.00, 69.00, 0.50, 0.00
164.00, 51.00, 55.00, 1.00, 1.00
164.00, 60.00, 60.00, 1.00, 1.00
164.00, 63.00, 62.00, 1.00, 1.00
164.00, 68.00, 65.00, 0.50, 0.00
164.50, 69.00, 65.00, 0.50, 0.00
165.00, 51.00, 55.00, 1.00, 1.00
165.00, 61.00, 61.00, 1.00, 1.00
165.00, 63.00, 62.00, 1.00, 1.00
165.00, 70.00, 66.00, 0.50, 0.00
165.50, 73.00, 68.00, 0.50, 0.00
166.00, 51.00, 55.00, 1.00, 1.00
166.00, 61.00, 61.00, 1.00, 1.00
166.00, 63.00, 62.00, 1.00, 1.00
166.00, 65.00, 63.00, 0.50, 0.00
166.50, 67.00, 64.00, 0.50, 0.00
167.00, 56.00, 58.00, 1.00, 1.00
167.00, 60.00, 60.00, 1.00, 1.00
167.00, 63.00, 62.00, 1.00, 1.00
167.00, 68.00, 65.00, 1.33, 0.00
168.00, 56.00, 58.00, 1.00, 1.00
168.00, 60.00, 60.00, 1.00, 1.00
168.00, 63.00, 62.00, 1.00, 1.00
168.33, 70.00, 66.00, 0.33, 0.00
168.67, 68.00, 65.00, 0.33, 0.00
169.00, 56.00, 58.00, 1.00, 1.00
169.00, 61.00, 61.00, 1.00, 1.00
169.00, 64.00, 63.00, 1.00, 1.00
169.00, 67.00, 64.00, 0.50, 0.00
169.50, 68.00, 65.00, 0.50, 0.00
170.00, 56.00, 58.00, 1.00, 1.00
170.00, 61.00, 61.00, 1.00, 1.00
170.00, 64.00, 63.00, 1.00, 1.00
170.00, 70.00, 66.00, 0.50, 0.00
170.50, 72.00, 67.00, 0.50, 0.00
171.00, 55.00, 57.00, 1.00, 1.00
171.00, 58.00, 59.00, 1.00, 1.00
171.00, 64.00, 63.00, 1.00, 1.00
171.00, 73.00, 68.00, 0.33, 0.00
171.33, 75.00, 69.00, 0.33, 0.00
171.67, 73.00, 68.00, 0.33, 0.00
172.00, 56.00, 58.00, 1.00, 1.00
172.00, 60.00, 60.00, 1.00, 1.00
172.00, 63.00, 62.00, 1.00, 1.00
172.00, 72.00, 67.00, 0.50, 0.00
172.75, 73.00, 68.00, 0.25, 0.00
173.00, 55.00, 57.00, 1.00, 1.00
173.00, 58.00, 59.00, 1.00, 1.00
173.00, 63.00, 62.00, 1.00, 1.00
173.00, 74.00, 68.00, 0.50, 0.00
173.50, 75.00, 69.00, 0.50, 0.00
174.00, 53.00, 56.00, 0.50, 1.00
174.00, 56.00, 58.00, 0.50, 1.00
174.00, 61.00, 61.00, 0.50, 1.00
174.00, 65.00, 63.00, 0.50, 1.00
174.00, 80.00, 72.00, 0.50, 0.00
174.75, 73.00, 68.00, 0.25, 0.00
175.00, 51.00, 55.00, 1.00, 1.00
175.00, 56.00, 58.00, 1.00, 1.00
175.00, 63.00, 62.00, 1.00, 1.00
175.00, 72.00, 67.00, 0.50, 0.00
175.50, 75.00, 69.00, 0.50, 0.00
176.00, 51.00, 55.00, 1.00, 1.00
176.00, 60.00, 60.00, 1.00, 1.00
176.00, 63.00, 62.00, 1.00, 1.00
176.00, 68.00, 65.00, 0.50, 0.00
176.50, 69.00, 65.00, 0.50, 0.00
177.00, 51.00, 55.00, 1.00, 1.00
177.00, 61.00, 61.00, 1.00, 1.00
177.00, 63.00, 62.00, 1.00, 1.00
177.00, 70.00, 66.00, 0.50, 0.00
177.50, 73.00, 68.00, 0.50, 0.00
178.00, 51.00, 55.00, 1.00, 1.00
178.00, 61.00, 61.00, 1.00, 1.00
178.00, 63.00, 62.00, 1.00, 1.00
178.00, 65.00, 63.00, 0.50, 0.00
178.50, 67.00, 64.00, 0.50, 0.00
179.00, 56.00, 58.00, 1.00, 1.00
179.00, 60.00, 60.00, 1.00, 1.00
179.00, 63.00, 62.00, 1.00, 1.00
179.00, 68.00, 65.00, 1.00, 0.00
