(2 50 54 2 0)
(4 57 58 3 0)
(7 55 57 1 0)
(8 53 56 4 0)
(12 55 57 4 0)
(16 57 58 4 0)
(20 50 54 2 0)
(22 53 56 3 0)
(22 57 58 2 1)
(24 62 61 3 1)
(25 47 52 1 0)
(26 52 55 2 0)
(27 62 61 1 1)
(28 45 51 1 0)
(28 60 60 4 1)
(29 52 55 1 0)
(30 57 58 1 0)
(31 55 57 1 0)
(32 53 56 1 0)
(32 62 61 4 1)
(33 50 54 1 0)
(34 58 59 1 0)
(35 57 58 1 0)
(36 55 57 1 0)
(36 64 62 4 1)
(37 52 55 1 0)
(38 49 53 1 0)
(39 50 54 1/2 0)
(79/2 52 55 1/2 0)
(40 53 56 1 0)
(40 57 58 2 1)
(41 50 54 1 0)
(42 48 53 1 0)
(42 62 61 2 2)
(42 62 61 4 1)
(43 46 52 1 0)
(44 45 51 1 0)
(44 69 65 3 2)
(45 43 50 1 0)
(46 45 51 2 0)
(46 61 60 2 1)
(47 67 64 1 2)
(48 38 47 3 0)
(48 62 61 1 1)
(48 65 63 4 2)
(49 57 58 1 1)
(50 58 59 3 1)
(51 50 54 1 0)
(52 52 55 3 0)
(52 67 64 4 2)
(53 55 57 1 1)
(54 60 60 3 1)
(55 50 54 1/2 0)
(111/2 52 55 1/2 0)
(56 53 56 2 0)
(56 69 65 4 2)
(57 57 58 1 1)
(58 54 56 2 0)
(58 62 61 1 1)
(59 60 60 2 1)
(60 55 57 3 0)
(60 62 61 6 2)
(61 58 59 1 1)
(62 57 58 3 1)
(62 69 65 2 3)
(63 54 56 1/2 0)
(127/2 52 55 1/2 0)
(64 54 56 2 0)
(64 74 68 3 3)
(65 59 59 1/2 1)
(131/2 60 60 1/2 1)
(66 56 57 2 0)
(66 59 59 2 1)
(66 64 62 3 2)
(67 74 68 1 3)
(68 57 58 2 0)
(68 57 58 3 1)
(68 72 67 4 3)
(69 60 60 1 2)
(70 65 63 3 2)
(71 57 58 1 1)
(72 58 59 3 1)
(72 74 68 4 3)
(73 62 61 1 2)
(74 67 64 3 2)
(75 59 59 1 1)
(76 60 60 2 1)
(76 76 69 4 3)
(77 64 62 1 2)
(78 61 60 2 1)
(78 69 65 1 2)
(79 67 64 2 2)
(80 62 61 1 1)
(80 69 65 3 3)
(81 57 58 1 1)
(81 65 63 1/2 2)
(163/2 64 62 1/2 2)
(82 50 54 2 0)
(82 62 61 2 1)
(82 65 63 2 2)
(83 71 66 1 3)
(84 45 51 3 0)
(84 60 60 2 1)
(84 64 62 1 2)
(84 72 67 3 3)
(85 62 61 1/2 2)
(171/2 64 62 1/2 2)
(86 65 63 3 2)
(87 47 52 1 0)
(87 74 68 1 3)
(88 48 53 4 0)
(88 67 64 2 3)
(89 63 62 2 2)
(90 66 63 2 3)
(91 62 61 3/2 2)
(92 46 52 4 0)
(92 67 64 2 3)
(185/2 64 62 1/2 2)
(93 65 63 2 2)
(94 50 54 2 1)
(94 68 64 2 3)
(95 64 62 1/2 2)
(191/2 62 61 1/2 2)
(96 45 51 4 0)
(96 57 58 3 1)
(96 60 60 1 2)
(96 69 65 1/2 3)
(193/2 72 67 1 3)
(97 62 61 1 2)
(195/2 71 66 1/2 3)
(98 64 62 2 2)
(98 72 67 3 3)
(99 55 57 1 1)
(100 50 54 4 0)
(100 53 56 4 1)
(100 62 61 3 2)
(101 71 66 1/2 3)
(203/2 69 65 1/2 3)
(102 71 66 2 3)
(103 64 62 1/2 2)
(207/2 65 63 1/2 2)
(104 48 53 1 0)
(104 55 57 4 1)
(104 64 62 1 2)
(104 72 67 1 3)
(105 50 54 1 0)
(105 62 61 1 2)
(105 70 66 1 3)
(106 51 55 3 0)
(106 60 60 3 2)
(106 69 65 1 3)
(107 67 64 1 3)
(108 57 58 4 1)
(108 66 63 3 3)
(109 45 51 1 0)
(109 62 61 1/2 2)
(219/2 63 62 1/2 2)
(110 50 54 1 0)
(110 62 61 3 2)
(111 48 53 1 0)
(111 67 64 1/2 3)
(223/2 69 65 1/2 3)
(112 47 52 2 0)
(112 50 54 3 1)
(112 67 64 3 3)
(113 64 62 1/2 2)
(227/2 66 63 1/2 2)
(114 46 52 4 0)
(114 67 64 3 2)
(115 48 53 1/2 1)
(115 69 65 1/2 3)
(231/2 50 54 1/2 1)
(231/2 70 66 1/2 3)
(116 52 55 1 1)
(116 72 67 5 3)
(117 50 54 1/2 1)
(117 66 63 1/2 2)
(235/2 52 55 1/2 1)
(235/2 67 64 1/2 2)
(118 45 51 2 0)
(118 54 56 1 1)
(118 69 65 2 2)
(119 52 55 1/2 1)
(239/2 54 56 1/2 1)
(120 43 50 2 0)
(120 55 57 1 1)
(120 62 61 3 2)
(121 50 54 1 1)
(121 70 66 1/2 3)
(243/2 69 65 1/2 3)
(122 55 57 2 1)
(122 70 66 2 3)
(123 43 50 1 0)
(123 64 62 1 2)
(124 50 54 3 0)
(124 53 56 1 1)
(124 65 63 4 2)
(124 69 65 1 3)
(125 55 57 1/2 1)
(125 71 66 1/2 3)
(251/2 57 58 1/2 1)
(251/2 73 67 1/2 3)
(126 58 59 4 1)
(126 74 68 3 3)
(127 52 55 1/2 0)
(255/2 53 56 1/2 0)
(128 55 57 3 0)
(128 64 62 4 2)
(129 76 69 1/2 3)
(259/2 74 68 1/2 3)
(130 57 58 4 1)
(130 73 67 2 3)
(131 54 56 1/2 0)
(263/2 52 55 1/2 0)
(132 54 56 1 0)
(132 62 61 4 2)
(132 74 68 1 3)
(133 50 54 1 0)
(133 72 67 2 3)
(134 55 57 1 1)
(134 55 57 4 0)
(135 67 64 1/2 1)
(135 71 66 1 3)
(271/2 65 63 1/2 1)
(136 64 62 1 1)
(136 69 65 7 2)
(136 73 67 2 3)
(137 62 61 1/2 1)
(275/2 64 62 1/2 1)
(138 53 56 1 0)
(138 65 63 2 1)
(138 74 68 4 3)
(139 55 57 1 0)
(140 57 58 2 0)
(140 64 62 1 1)
(141 62 61 1 1)
(142 45 51 2 0)
(142 64 62 2 1)
(142 73 67 2 3)
(143 67 64 2 2)
(144 50 54 3 0)
(144 62 61 1 1)
(144 74 68 2 3)
(145 57 58 1/2 1)
(145 65 63 1/2 2)
(291/2 55 57 1/2 1)
(291/2 64 62 1/2 2)
(146 57 58 3 1)
(146 65 63 2 2)
(146 69 65 2 3)
(147 48 53 1 0)
(148 46 52 1 0)
(148 74 68 3 3)
(149 45 51 1 0)
(149 55 57 1/2 1)
(299/2 53 56 1/2 1)
(150 46 52 2 0)
(150 55 57 3 1)
(150 62 61 2 2)
(151 74 68 1 3)
(152 45 51 4 0)
(152 69 65 3 2)
(152 72 67 4 3)
(153 48 53 1 1)
(154 53 56 1 1)
(155 52 55 1 1)
(155 67 64 1 2)
(156 46 52 1 0)
(156 50 54 1 1)
(156 65 63 4 2)
(156 74 68 4 3)
(157 53 56 1 0)
(157 57 58 1 1)
(158 58 59 1 0)
(158 62 61 1 1)
(159 57 58 1 0)
(159 60 60 1 1)
(160 55 57 1 0)
(160 58 59 1 1)
(160 67 64 4 2)
(160 76 69 4 3)
(161 53 56 1 0)
(161 57 58 1/2 1)
(323/2 55 57 1/2 1)
(162 52 55 1 0)
(162 60 60 3 1)
(163 50 54 1/2 0)
(327/2 48 53 1/2 0)
(164 53 56 2 0)
(164 69 65 1 3)
(164 69 65 4 2)
(165 62 61 1 1)
(165 71 66 1 3)
(166 54 56 2 0)
(166 63 62 1/2 1)
(166 72 67 5 3)
(333/2 60 60 1/2 1)
(167 59 59 1/2 1)
(335/2 57 58 1/2 1)
(168 55 57 2 0)
(168 55 57 9 1)
(168 62 61 1 2)
(169 64 62 1 2)
(170 43 50 2 0)
(170 65 63 3 2)
(171 71 66 1 3)
(172 48 53 3 0)
(172 72 67 1 3)
(173 64 62 1/2 2)
(173 67 64 1 3)
(347/2 62 61 1/2 2)
(174 64 62 3 2)
(174 72 67 5 3)
(175 46 52 1 0)
(176 45 51 4 0)
(177 53 56 1/2 1)
(177 60 60 1 2)
(355/2 55 57 1/2 1)
(178 57 58 3 1)
(178 65 63 3 2)
(179 69 65 1 3)
(180 46 52 4 0)
(180 74 68 5 3)
(181 55 57 1/2 1)
(181 62 61 1 2)
(363/2 57 58 1/2 1)
(182 58 59 4 1)
(182 67 64 1 2)
(183 65 63 1 2)
(184 48 53 4 0)
(184 64 62 1 2)
(185 62 61 1 2)
(185 67 64 1 3)
(186 57 58 1 1)
(186 63 62 4 2)
(186 72 67 1 3)
(187 55 57 1 1)
(187 70 66 1 3)
(188 41 49 2 0)
(188 53 56 2 1)
(188 69 65 1 3)
(189 67 64 1 3)
(190 42 49 2 0)
(190 62 61 1 2)
(190 69 65 4 3)
(191 60 60 1 2)
(192 43 50 1 0)
(192 59 59 1 2)
(193 41 49 1 0)
(193 57 58 1 2)
(194 40 48 1 0)
(194 58 59 4 2)
(194 67 64 1 3)
(195 38 47 1 0)
(195 65 63 1 3)
(196 36 46 1 0)
(196 64 62 1 3)
(197 43 50 1 0)
(197 62 61 1 3)
(198 48 53 1 0)
(198 57 58 1 2)
(198 63 62 4 3)
(199 46 52 1 0)
(199 55 57 1 2)
(200 45 51 1 0)
(200 54 56 1 2)
(201 43 50 1 0)
(201 57 58 1 2)
(202 42 49 1 0)
(202 62 61 1 2)
(202 62 61 5 3)
(203 38 47 1 0)
(203 60 60 1 2)
(204 43 50 1 0)
(204 58 59 1 2)
(205 50 54 1 0)
(205 57 58 1 2)
(206 55 57 1 0)
(206 58 59 2 2)
(207 53 56 1 0)
(207 62 61 1 3)
(208 52 55 1 0)
(208 59 59 2 2)
(208 67 64 1 3)
(209 50 54 1 0)
(209 65 63 1 3)
(210 48 53 1 0)
(210 60 60 3 2)
(210 64 62 1 3)
(211 46 52 1 0)
(211 67 64 1 3)
(212 45 51 1 0)
(212 72 67 3 3)
(213 48 53 1 0)
(213 64 62 1 2)
(214 53 56 1 0)
(214 69 65 3 2)
(215 52 55 1 0)
(215 72 67 1 3)
(216 50 54 1 0)
(216 77 70 1 3)
(217 52 55 1 0)
(217 67 64 1 2)
(217 76 69 1 3)
(218 53 56 3 0)
(218 62 61 2 1)
(218 65 63 3/2 2)
(218 74 68 1 3)
(219 72 67 1 3)
(439/2 64 62 1/2 2)
(220 55 57 3 1)
(220 62 61 1 2)
(220 71 66 2 3)
(221 52 55 2 0)
(221 64 62 1/2 2)
(443/2 65 63 1/2 2)
(222 67 64 2 2)
(222 73 67 2 3)
(223 51 55 1 0)
(223 57 58 1 1)
(224 50 54 1 0)
(224 58 59 4 1)
(224 66 63 1 2)
(224 74 68 3 3)
(225 52 55 1/2 0)
(225 67 64 1/2 2)
(451/2 54 56 1/2 0)
(451/2 69 65 1/2 2)
(226 55 57 3 0)
(226 70 66 1 2)
(227 69 65 1/2 2)
(227 73 67 1/2 3)
(455/2 70 66 1/2 2)
(455/2 74 68 1/2 3)
(228 57 58 4 1)
(228 72 67 3 2)
(228 76 69 1 3)
(229 48 53 1 0)
(229 81 72 2 3)
(230 53 56 3 0)
(231 70 66 1/2 2)
(231 74 68 2 3)
(463/2 69 65 1/2 2)
(232 55 57 4 1)
(232 70 66 3 2)
(233 51 55 1/2 0)
(233 79 71 2 3)
(467/2 50 54 1/2 0)
(234 51 55 2 0)
(235 69 65 1/2 2)
(235 72 67 2 3)
(471/2 67 64 1/2 2)
(236 50 54 2 0)
(236 62 61 3 1)
(236 66 63 2 2)
(237 71 66 2 3)
(238 67 64 3 2)
(239 64 62 1/2 1)
(239 70 66 1 3)
(479/2 62 61 1/2 1)
(240 61 60 1 1)
(240 69 65 2 3)
(241 57 58 1 1)
(241 65 63 1/2 2)
(483/2 64 62 1/2 2)
(242 50 54 2 0)
(242 62 61 3 1)
(242 65 63 1 2)
(243 67 64 1/2 2)
(487/2 65 63 1/2 2)
(244 57 58 3 0)
(244 64 62 3 2)
(245 61 60 1/2 1)
(491/2 59 59 1/2 1)
(246 61 60 1 1)
(246 69 65 2 3)
(247 55 57 1 0)
(247 62 61 1/2 1)
(247 65 63 1/2 2)
(495/2 64 62 1/2 1)
(495/2 67 64 1/2 2)
(248 53 56 4 0)
(248 62 61 2 1)
(248 69 65 1 2)
(248 74 68 3 3)
(249 67 64 1 2)
(250 57 58 2 1)
(250 65 63 1 2)
(251 63 62 1 2)
(251 72 67 1 3)
(252 55 57 4 0)
(252 62 61 1 2)
(252 70 66 4 3)
(253 58 59 1 1)
(253 67 64 1/2 2)
(507/2 66 63 1/2 2)
(254 63 62 1 1)
(254 67 64 4 2)
(255 62 61 1 1)
(256 57 58 4 0)
(256 60 60 1 1)
(256 72 67 4 3)
(257 62 61 1/2 1)
(515/2 63 62 1/2 1)
(258 62 61 1 1)
(258 65 63 3 2)
(259 60 60 1 1)
(260 50 54 4 0)
(260 59 59 1 1)
(260 74 68 4 3)
(261 57 58 1 1)
(261 67 64 1/2 2)
(523/2 69 65 1/2 2)
(262 58 59 4 1)
(262 67 64 1 2)
(263 65 63 1 2)
(264 48 53 8 0)
(264 64 62 1 2)
(264 67 64 2 3)
(265 60 60 1 2)
(266 57 58 2 1)
(266 65 63 3 2)
(266 69 65 1 3)
(267 70 66 1 3)
(268 55 57 1 1)
(268 72 67 1 3)
(269 58 59 1 1)
(269 64 62 1/2 2)
(269 67 64 1 3)
(539/2 62 61 1/2 2)
(270 57 58 1 1)
(270 63 62 4 2)
(270 72 67 1 3)
(271 55 57 1 1)
(271 70 66 1 3)
(272 50 54 3 0)
(272 53 56 2 1)
(272 69 65 1 3)
(273 65 63 1 3)
(274 62 61 2 2)
(274 70 66 4 3)
(275 51 55 1 0)
(276 53 56 1 0)
(276 60 60 4 2)
(277 48 53 1 0)
(278 53 56 1 0)
(278 69 65 2 3)
(279 51 55 1 0)
(280 50 54 1 0)
(280 65 63 4 2)
(280 70 66 2 3)
(281 48 53 1/2 0)
(563/2 46 52 1/2 0)
(282 48 53 1 0)
(282 68 65 3 3)
(283 50 54 1 0)
(284 51 55 1 0)
(284 58 59 3 2)
(285 46 52 1 0)
(285 67 64 1/2 3)
(571/2 65 63 1/2 3)
(286 51 55 3 0)
(286 58 59 2 1)
(286 67 64 1 3)
(287 60 60 1 2)
(287 69 65 1 3)
(288 53 56 3 1)
(288 62 61 4 2)
(288 70 66 1 3)
(289 50 54 1/2 0)
(289 65 63 1 3)
(579/2 48 53 1/2 0)
(290 50 54 1 0)
(290 70 66 2 3)
(291 52 55 1 0)
(291 55 57 1 1)
(292 53 56 2 0)
(292 57 58 4 1)
(292 60 60 4 2)
(292 69 65 1/2 3)
(585/2 70 66 1/2 3)
(293 72 67 1/2 3)
(587/2 74 68 1/2 3)
(294 48 53 1 0)
(294 75 69 1/2 3)
(589/2 69 65 1/2 3)
(295 50 54 1 0)
(295 67 64 1/2 3)
(591/2 66 63 1/2 3)
(296 51 55 1 0)
(296 55 57 4 1)
(296 58 59 4 2)
(296 67 64 3 3)
(297 46 52 1 0)
(298 51 55 3 0)
(299 69 65 1/2 3)
(599/2 70 66 1/2 3)
(300 53 56 4 1)
(300 65 63 3 2)
(300 69 65 1 3)
(301 50 54 2 0)
(301 70 66 1/2 3)
(603/2 72 67 1/2 3)
(302 70 66 3 3)
(303 48 53 1/2 0)
(303 63 62 1/2 2)
(607/2 50 54 1/2 0)
(607/2 65 63 1/2 2)
(304 52 55 1 0)
(304 60 60 3 1)
(304 67 64 3 2)
(305 54 56 1/2 0)
(305 69 65 1/2 3)
(611/2 55 57 1/2 0)
(611/2 70 66 1/2 3)
(306 57 58 1 0)
(306 72 67 3 3)
(307 55 57 1 0)
(307 62 61 1/2 1)
(307 66 63 1/2 2)
(615/2 63 62 1/2 1)
(615/2 67 64 1/2 2)
(308 54 56 1 0)
(308 62 61 3 1)
(308 69 65 3 2)
(309 50 54 1 0)
(309 74 68 1/2 3)
(619/2 72 67 1/2 3)
(310 55 57 4 0)
(310 70 66 2 3)
(311 63 62 1/2 1)
(311 67 64 1/2 2)
(623/2 62 61 1/2 1)
(623/2 65 63 1/2 2)
(312 60 60 1 1)
(312 63 62 2 2)
(312 69 65 2 3)
(313 57 58 1 1)
(314 54 56 2 0)
(314 62 61 1 1)
(314 62 61 4 2)
(314 81 72 2 3)
(315 60 60 2 1)
(316 55 57 3 0)
(316 74 68 3 3)
(317 58 59 1/2 1)
(635/2 57 58 1/2 1)
(318 58 59 2 1)
(318 67 64 2 2)
(319 49 53 1 0)
(319 76 69 1 3)
(320 50 54 1 0)
(320 57 58 2 1)
(320 65 63 2 2)
(320 77 70 4 3)
(321 52 55 1 0)
(322 53 56 1 0)
(322 62 61 2 2)
(322 62 61 3 1)
(323 55 57 1 0)
(324 57 58 3 0)
(324 69 65 3 2)
(324 76 69 4 3)
(325 61 60 1/2 1)
(651/2 59 59 1/2 1)
(326 61 60 2 1)
(327 58 59 1/2 0)
(327 67 64 1 2)
(655/2 57 58 1/2 0)
(328 58 59 1 0)
(328 62 61 3 1)
(328 65 63 4 2)
(328 74 68 4 3)
(329 53 56 1 0)
(330 58 59 3 0)
(331 61 60 1/2 1)
(663/2 62 61 1/2 1)
(332 63 62 3 1)
(332 67 64 4 2)
(332 79 71 6 3)
(333 55 57 1 0)
(334 60 60 1 0)
(335 58 59 1 0)
(335 62 61 1 1)
(336 57 58 1 0)
(336 60 60 1 1)
(336 69 65 4 2)
(337 55 57 1 0)
(337 62 61 1/2 1)
(675/2 63 62 1/2 1)
(338 57 58 2 0)
(338 62 61 1 1)
(338 78 70 2 3)
(339 60 60 1 1)
(340 55 57 2 0)
(340 58 59 1 1)
(340 62 61 2 2)
(340 79 71 1 3)
(341 57 58 1 1)
(341 77 70 1/2 3)
(683/2 75 69 1/2 3)
(342 58 59 1 1)
(342 74 68 1 3)
(343 60 60 1 1)
(343 75 69 1 3)
(344 62 61 1 1)
(344 70 66 1 2)
(344 77 70 3 3)
(345 60 60 1 1)
(345 69 65 1/2 2)
(691/2 67 64 1/2 2)
(346 62 61 1 1)
(346 65 63 1 2)
(347 63 62 1 1)
(347 67 64 1 2)
(347 75 69 1/2 3)
(695/2 74 68 1/2 3)
(348 65 63 1 1)
(348 69 65 1 2)
(348 72 67 1 3)
(349 63 62 1/2 1)
(349 70 66 1 2)
(349 74 68 1 3)
(699/2 62 61 1/2 1)
(350 60 60 1 1)
(350 72 67 1 2)
(350 75 69 1 3)
(351 62 61 1 1)
(351 70 66 1/2 2)
(351 77 70 1 3)
(703/2 69 65 1/2 2)
(352 63 62 1 1)
(352 67 64 1 2)
(352 79 71 1 3)
(353 62 61 1/2 1)
(353 69 65 1 2)
(353 77 70 1/2 3)
(707/2 60 60 1/2 1)
(707/2 75 69 1/2 3)
(354 46 52 2 0)
(354 58 59 1 1)
(354 70 66 3 2)
(354 74 68 1 3)
(355 53 56 3/2 1)
(355 75 69 1/2 3)
(711/2 74 68 1/2 3)
(356 53 56 3 0)
(356 72 67 3 3)
(713/2 55 57 1/2 1)
(357 57 58 1/2 1)
(357 69 65 1/2 2)
(715/2 58 59 1/2 1)
(715/2 67 64 1/2 2)
(358 60 60 2 1)
(358 69 65 3 2)
(359 51 55 1 0)
(359 74 68 1/2 3)
(719/2 75 69 1/2 3)
(360 50 54 4 0)
(360 53 56 3 1)
(360 77 70 5 3)
(361 70 66 1/2 2)
(723/2 72 67 1/2 2)
(362 70 66 1 2)
(363 53 56 1 1)
(363 69 65 1 2)
(364 51 55 4 0)
(364 55 57 4 1)
(364 67 64 1 2)
(365 66 63 1 2)
(365 75 69 1/2 3)
(731/2 74 68 1/2 3)
(366 67 64 2 2)
(366 72 67 1 3)
(367 70 66 1 3)
(368 53 56 4 0)
(368 57 58 4 1)
(368 69 65 1 3)
(368 74 68 3 2)
(369 81 72 1/2 3)
(739/2 79 71 1/2 3)
(370 77 70 1 3)
(371 72 67 1 2)
(371 75 69 2 3)
(372 46 52 1 0)
(372 58 59 4 1)
(372 70 66 4 2)
(373 48 53 1/2 0)
(373 74 68 2 3)
(747/2 50 54 1/2 0)
(374 51 55 3 0)
(375 72 67 1/2 3)
(751/2 70 66 1/2 3)
(376 53 56 1 1)
(376 69 65 1 2)
(376 72 67 4 3)
(377 53 56 1/2 0)
(377 60 60 1 1)
(377 67 64 1 2)
(755/2 55 57 1/2 0)
(378 53 56 1 0)
(378 65 63 3 1)
(378 69 65 2 2)
(379 51 55 1 0)
(380 50 54 1 0)
(380 70 66 5 3)
(380 74 68 4 2)
(381 51 55 1/2 0)
(381 63 62 1 1)
(763/2 53 56 1/2 0)
(382 55 57 1 0)
(382 62 61 2 1)
(383 53 56 1 0)
(384 52 55 1 0)
(384 67 64 3 2)
(385 54 56 1/2 0)
(385 69 65 1/2 3)
(771/2 55 57 1/2 0)
(771/2 70 66 1/2 3)
(386 57 58 1 0)
(386 57 58 2 1)
(386 72 67 3 3)
(387 55 57 1 0)
(387 66 63 1/2 2)
(775/2 67 64 1/2 2)
(388 54 56 1 0)
(388 62 61 3 1)
(388 69 65 1 2)
(389 52 55 1 0)
(389 72 67 1/2 2)
(389 81 72 1 3)
(779/2 70 66 1/2 2)
(390 54 56 2 0)
(390 69 65 1/2 2)
(390 74 68 3 3)
(781/2 67 64 1/2 2)
(391 60 60 1 1)
(391 69 65 2 2)
(392 55 57 3 0)
(392 59 59 4 1)
(393 67 64 1 2)
(393 76 69 1 3)
(394 62 61 2 2)
(394 77 70 4 3)
(395 56 57 1 0)
(396 57 58 1 0)
(396 61 60 4 1)
(396 69 65 3 2)
(397 58 59 1/2 0)
(795/2 57 58 1/2 0)
(398 55 57 1 0)
(398 76 69 3 3)
(399 57 58 1 0)
(399 67 64 1 2)
(400 58 59 1 0)
(400 62 61 4 1)
(400 65 63 4 2)
(401 53 56 1 0)
(401 74 68 1/2 3)
(803/2 73 67 1/2 3)
(402 58 59 1 0)
(402 74 68 4 3)
(403 50 54 1 0)
(404 51 55 2 0)
(404 55 57 1 1)
(404 67 64 4 2)
(405 57 58 1 1)
(406 52 55 2 0)
(406 58 59 1 1)
(406 79 71 4 3)
(407 60 60 1/2 1)
(815/2 58 59 1/2 1)
(408 53 56 3 0)
(408 57 58 1 1)
(408 69 65 4 2)
(409 59 59 1/2 1)
(819/2 61 60 1/2 1)
(410 62 61 1 1)
(410 77 70 4 3)
(411 52 55 1/2 0)
(411 60 60 1 1)
(823/2 53 56 1/2 0)
(412 55 57 5 0)
(412 58 59 4 1)
(412 62 61 1 2)
(413 67 64 1/2 2)
(827/2 65 63 1/2 2)
(414 67 64 1/2 2)
(414 76 69 1 3)
(829/2 69 65 1/2 2)
(415 70 66 1 2)
(415 74 68 1 3)
(416 57 58 9 1)
(416 64 62 1 2)
(416 73 67 2 3)
(417 53 56 1/2 0)
(417 69 65 2 2)
(835/2 52 55 1/2 0)
(418 53 56 1 0)
(418 74 68 4 3)
(419 50 54 1 0)
(419 67 64 1/2 2)
(839/2 65 63 1/2 2)
(420 57 58 3 0)
(420 64 62 1 2)
(421 62 61 1 2)
(422 64 62 2 2)
(422 73 67 2 3)
(423 55 57 1 0)
(424 53 56 4 0)
(424 62 61 1 2)
(424 74 68 1 3)
(425 62 61 1/2 1)
(425 65 63 1/2 2)
(425 69 65 1 3)
(851/2 61 60 1/2 1)
(851/2 64 62 1/2 2)
(426 62 61 3 1)
(426 65 63 1/2 2)
(426 74 68 1 3)
(853/2 67 64 1/2 2)
(427 69 65 2 2)
(427 72 67 1 3)
(428 55 57 4 0)
(428 70 66 9/2 3)
(429 58 59 1 1)
(429 67 64 1/2 2)
(859/2 66 63 1/2 2)
(430 63 62 1 1)
(430 67 64 1 2)
(431 62 61 2 1)
(431 70 66 1 2)
(432 57 58 4 0)
(432 64 62 2 2)
(865/2 69 65 1/2 3)
(433 61 60 1/2 1)
(433 76 69 1 3)
(867/2 59 59 1/2 1)
(434 61 60 2 1)
(434 81 72 1 3)
(435 76 69 2 2)
(435 79 71 2 3)
(436 50 54 5/2 0)
(436 62 61 2 1)
(437 69 65 1 2)
(437 77 70 1/2 3)
(875/2 76 69 1/2 3)
(438 57 58 3 1)
(438 74 68 3 2)
(438 77 70 1 3)
(877/2 48 53 1/2 0)
(439 46 52 1/2 0)
(439 74 68 1 3)
(879/2 45 51 1/2 0)
(440 43 50 5/2 0)
(440 82 73 4 3)
(441 50 54 1 1)
(441 76 69 1/2 2)
(883/2 77 70 1/2 2)
(442 55 57 3 1)
(442 76 69 1 2)
(885/2 45 51 1/2 0)
(443 46 52 1/2 0)
(443 74 68 1 2)
(887/2 43 50 1/2 0)
(444 45 51 8 0)
(444 73 67 1 2)
(444 76 69 2 3)
(445 53 56 1/2 1)
(445 69 65 2 2)
(891/2 52 55 1/2 1)
(446 53 56 1 1)
(446 74 68 4 3)
(447 50 54 1 1)
(447 67 64 1/2 2)
(895/2 65 63 1/2 2)
(448 52 55 1 1)
(448 67 64 1 2)
(449 53 56 1/2 1)
(449 64 62 3/2 2)
(899/2 55 57 1/2 1)
(450 57 58 3 1)
(450 73 67 2 3)
(901/2 65 63 1/2 2)
(451 67 64 2 2)
(452 50 54 5 0)
(452 74 68 1 3)
(453 62 61 1 1)
(453 65 63 1/2 2)
(453 69 65 2 3)
(907/2 67 64 1/2 2)
(454 58 59 2 1)
(454 65 63 1/2 2)
(909/2 64 62 1/2 2)
(455 62 61 1/2 2)
(455 67 64 1 3)
(911/2 61 60 1/2 2)
(456 57 58 1 1)
(456 62 61 1/2 2)
(456 65 63 1 3)
(913/2 57 58 1/2 2)
(457 62 61 1/2 2)
(915/2 64 62 1/2 2)
(458 65 63 1/2 2)
(917/2 64 62 1/2 2)
(459 62 61 1/2 2)
(919/2 65 63 1/2 2)
(460 64 62 1/2 2)
(921/2 57 58 1/2 2)
(461 64 62 1/2 2)
(923/2 65 63 1/2 2)
(462 67 64 1/2 2)
(925/2 65 63 1/4 2)
(1851/4 64 62 1/4 2)
(463 65 63 1/2 2)
(927/2 67 64 1/2 2)
(464 69 65 1/2 2)
(929/2 67 64 1/2 2)
(465 65 63 1/2 2)
(931/2 67 64 1/2 2)
(466 69 65 5/2 2)
(937/2 67 64 1/4 2)
(1875/4 66 63 1/4 2)
(469 67 64 1/2 2)
(939/2 69 65 1/2 2)
(470 70 66 5/2 2)
(945/2 69 65 1/2 2)
(473 67 64 1/2 2)
(947/2 65 63 1/2 2)
(474 64 62 1/2 2)
(949/2 62 61 1/2 2)
(475 64 62 1/2 2)
(951/2 67 64 1/2 2)
(476 65 63 1/2 2)
(953/2 64 62 1/2 2)
(477 62 61 1/2 2)
(955/2 60 60 1/2 2)
(478 59 59 1/2 2)
(957/2 57 58 1/2 2)
(479 59 59 1/2 2)
(959/2 62 61 1/2 2)
(480 60 60 1/2 2)
(961/2 59 59 1/2 2)
(481 57 58 1/2 2)
(481 72 67 1/2 3)
(963/2 56 57 1/2 2)
(963/2 74 68 1/2 3)
(482 57 58 1 2)
(482 72 67 1/2 3)
(965/2 71 66 1/2 3)
(483 59 59 1 2)
(483 69 65 1/2 3)
(967/2 68 64 1/2 3)
(484 60 60 3/2 2)
(484 69 65 1/2 3)
(969/2 64 62 1/2 3)
(485 69 65 1/2 3)
(971/2 62 61 1/2 2)
(971/2 71 66 1/2 3)
(486 64 62 1 2)
(486 72 67 1/2 3)
(973/2 71 66 1/2 3)
(487 66 63 1 2)
(487 69 65 1/2 3)
(975/2 72 67 1/2 3)
(488 67 64 1 2)
(488 71 66 1/2 3)
(977/2 64 62 1/2 3)
(489 68 64 2 2)
(489 71 66 1/2 3)
(979/2 72 67 1/2 3)
(490 74 68 1/2 3)
(981/2 72 67 1/4 3)
(1963/4 71 66 1/4 3)
(491 69 65 3/2 2)
(491 72 67 1/2 3)
(983/2 74 68 1/2 3)
(492 76 69 1/2 3)
(985/2 65 63 1/2 2)
(985/2 74 68 1/2 3)
(493 64 62 1/2 2)
(493 72 67 1/2 3)
(987/2 62 61 1/2 2)
(987/2 74 68 1/2 3)
(494 60 60 1/2 2)
(494 76 69 5/2 3)
(989/2 59 59 1/2 2)
(495 57 58 1/2 2)
(991/2 55 57 1/2 2)
(496 53 56 1/2 2)
(993/2 67 64 1/2 2)
(993/2 74 68 1/4 3)
(1987/4 73 67 1/4 3)
(497 65 63 1/2 2)
(497 74 68 1/2 3)
(995/2 64 62 1/2 2)
(995/2 76 69 1/2 3)
(498 62 61 1/2 2)
(498 77 70 5/2 3)
(997/2 60 60 1/2 2)
(499 59 59 1/2 2)
(999/2 57 58 1/2 2)
(500 56 57 1 2)
(1001/2 76 69 1/2 3)
(501 57 58 2 2)
(501 74 68 1/2 3)
(1003/2 72 67 1/2 3)
(502 71 66 1/2 3)
(1005/2 69 65 1/2 3)
(503 56 57 1 2)
(503 71 66 1/2 3)
(1007/2 74 68 1/2 3)
(504 57 58 1 2)
(504 72 67 1/2 3)
(1009/2 81 72 1/2 3)
(505 59 59 1 2)
(505 79 71 1/2 3)
(1011/2 77 70 1/2 3)
(506 60 60 1 2)
(506 76 69 1/2 3)
(1013/2 74 68 1/2 3)
(507 61 60 1 2)
(507 76 69 1/2 3)
(1015/2 79 71 1/2 3)
(508 62 61 1 2)
(508 77 70 1/2 3)
(1017/2 76 69 1/2 3)
(509 53 56 1/2 0)
(509 69 65 2 2)
(509 74 68 1/2 3)
(1019/2 55 57 1/2 0)
(1019/2 73 67 1/2 3)
(510 53 56 1/2 0)
(510 74 68 1 3)
(1021/2 52 55 1/2 0)
(511 50 54 1/2 0)
(511 67 64 2 2)
(511 76 69 1 3)
(1023/2 49 53 1/2 0)
(512 50 54 1/2 0)
(512 69 65 3 3)
(1025/2 45 51 1/2 0)
(513 50 54 1/2 0)
(513 65 63 1/2 2)
(1027/2 52 55 1/2 0)
(1027/2 64 62 1/2 2)
(514 53 56 1/2 0)
(514 62 61 1 2)
(1029/2 52 55 1/2 0)
(515 50 54 1/2 0)
(515 67 64 3/2 2)
(515 71 66 1 3)
(1031/2 53 56 1/2 0)
(516 52 55 1/2 0)
(516 72 67 1 3)
(1033/2 45 51 1/2 0)
(1033/2 65 63 1/2 2)
(517 52 55 1/2 0)
(517 67 64 1/2 2)
(517 73 67 2 3)
(1035/2 53 56 1/2 0)
(1035/2 69 65 1/2 2)
(518 55 57 1/2 0)
(518 70 66 1/2 2)
(1037/2 53 56 1/4 0)
(1037/2 69 65 1/4 2)
(2075/4 52 55 1/4 0)
(2075/4 67 64 1/4 2)
(519 53 56 1/2 0)
(519 69 65 1/2 2)
(519 74 68 1/2 3)
(1039/2 55 57 1/2 0)
(1039/2 70 66 1/2 2)
(1039/2 76 69 1/2 3)
(520 57 58 1/2 0)
(520 61 60 1 2)
(520 77 70 1/2 3)
(1041/2 55 57 1/2 0)
(1041/2 82 73 1/2 3)
(521 53 56 1/2 0)
(521 62 61 3/2 2)
(521 81 72 1/2 3)
(1043/2 55 57 1/2 0)
(1043/2 79 71 1/2 3)
(522 57 58 5/2 0)
(522 77 70 1/2 3)
(1045/2 61 60 1/2 2)
(1045/2 76 69 1/2 3)
(523 65 63 1/2 2)
(523 74 68 1/2 3)
(1047/2 64 62 1/2 2)
(1047/2 72 67 1/2 3)
(524 62 61 5/2 2)
(524 70 66 1/2 3)
(1049/2 55 57 1/4 0)
(1049/2 84 74 1/2 3)
(2099/4 54 56 1/4 0)
(525 55 57 1/2 0)
(525 82 73 1/2 3)
(1051/2 57 58 1/2 0)
(1051/2 81 72 1/2 3)
(526 58 59 5/2 0)
(526 79 71 1/2 3)
(1053/2 69 65 1/2 2)
(1053/2 77 70 1/2 3)
(527 67 64 1/2 2)
(527 76 69 1/2 3)
(1055/2 65 63 1/2 2)
(1055/2 74 68 1/2 3)
(528 64 62 1 2)
(528 73 67 1 3)
(1057/2 57 58 1/2 0)
(529 55 57 1/2 0)
(529 69 65 1 2)
(529 74 68 2 3)
(1059/2 53 56 1/2 0)
(530 52 55 1/2 0)
(530 67 64 1 2)
(1061/2 50 54 1/2 0)
(531 52 55 1/2 0)
(531 70 66 1 2)
(531 73 67 1 3)
(1063/2 55 57 1/2 0)
(532 53 56 1/2 0)
(532 69 65 3 2)
(532 74 68 1 3)
(1065/2 52 55 1/2 0)
(533 50 54 1/2 0)
(533 76 69 1 3)
(1067/2 48 53 1/2 0)
(534 47 52 1/2 0)
(534 77 70 2 3)
(1069/2 45 51 1/2 0)
(535 47 52 1/2 0)
(535 68 64 1 2)
(1071/2 50 54 1/2 0)
(536 48 53 2 0)
(536 69 65 2 2)
(536 76 69 1 3)
(537 60 60 1/2 1)
(537 81 72 1 3)
(1075/2 62 61 1/2 1)
(538 60 60 1/2 1)
(538 76 69 1 3)
(1077/2 59 59 1/2 1)
(539 52 55 1 0)
(539 57 58 1/2 1)
(539 64 62 1 2)
(539 74 68 2 3)
(1079/2 56 57 1/2 1)
(540 45 51 2 0)
(540 57 58 1/2 1)
(540 64 62 2 2)
(1081/2 52 55 1/2 1)
(541 57 58 1/2 1)
(541 72 67 1/2 3)
(1083/2 59 59 1/2 1)
(1083/2 74 68 1/2 3)
(542 60 60 1/2 1)
(542 76 69 1 3)
(1085/2 59 59 1/2 1)
(543 57 58 1/2 1)
(543 57 58 2 0)
(543 69 65 1 2)
(543 77 70 2 3)
(1087/2 60 60 1/2 1)
(544 59 59 1/2 1)
(544 74 68 3/2 2)
(1089/2 52 55 1/2 1)
(545 56 57 2 0)
(545 59 59 1/2 1)
(545 76 69 5/2 3)
(1091/2 60 60 1/2 1)
(1091/2 72 67 1/2 2)
(546 62 61 1/2 1)
(546 71 66 1 2)
(1093/2 60 60 1/4 1)
(2187/4 59 59 1/4 1)
(547 57 58 3/2 0)
(547 60 60 1/2 1)
(547 69 65 1/2 2)
(1095/2 62 61 1/2 1)
(1095/2 68 64 1/2 2)
(1095/2 71 66 1/2 3)
(548 64 62 1/2 1)
(548 69 65 1 2)
(548 72 67 1 3)
(1097/2 53 56 1/2 0)
(1097/2 62 61 1/2 1)
(549 52 55 1/2 0)
(549 60 60 1/2 1)
(1099/2 50 54 1/2 0)
(1099/2 62 61 1/2 1)
(550 48 53 1/2 0)
(550 64 62 5/2 1)
(1101/2 47 52 1/2 0)
(551 45 51 1/2 0)
(551 72 67 1 2)
(1103/2 43 50 1/2 0)
(552 41 49 1/2 0)
(552 69 65 3 2)
(1105/2 55 57 1/2 0)
(1105/2 62 61 1/4 1)
(2211/4 61 60 1/4 1)
(553 53 56 1/2 0)
(553 62 61 1/2 1)
(1107/2 52 55 1/2 0)
(1107/2 64 62 1/2 1)
(554 50 54 1/2 0)
(554 65 63 5/2 1)
(1109/2 48 53 1/2 0)
(555 47 52 1/2 0)
(555 68 64 1/2 2)
(1111/2 45 51 1/2 0)
(1111/2 69 65 1/2 2)
(556 44 50 1 0)
(556 71 66 1/2 2)
(1113/2 64 62 1/2 1)
(1113/2 76 69 1/2 2)
(557 45 51 1 0)
(557 62 61 1/2 1)
(557 69 65 2 2)
(1115/2 60 60 1/2 1)
(558 52 55 1 0)
(558 59 59 1/2 1)
(1117/2 57 58 1/2 1)
(559 40 48 1 0)
(559 59 59 1/2 1)
(559 68 64 1 2)
(1119/2 62 61 1/2 1)
(560 45 51 1/2 0)
(560 60 60 2 1)
(560 69 65 1 2)
(1121/2 57 58 1/2 0)
(561 55 57 1/2 0)
(1123/2 53 56 1/2 0)
(562 52 55 1/2 0)
(562 61 60 2 1)
(1125/2 50 54 1/2 0)
(563 52 55 1/2 0)
(1127/2 55 57 1/2 0)
(564 53 56 1 0)
(564 62 61 3 1)
(1129/2 81 72 1/2 3)
(565 55 57 1 0)
(565 79 71 1/2 3)
(1131/2 77 70 1/2 3)
(566 57 58 2 0)
(566 76 69 1/2 3)
(1133/2 74 68 1/2 3)
(567 60 60 3/2 1)
(567 76 69 1/2 3)
(1135/2 79 71 1/2 3)
(568 50 54 2 0)
(568 78 70 1 3)
(1137/2 58 59 1/2 1)
(1137/2 74 68 1/2 2)
(569 57 58 1/2 1)
(569 72 67 1/2 2)
(569 79 71 2 3)
(1139/2 55 57 1/2 1)
(1139/2 70 66 1/2 2)
(570 62 61 5/2 1)
(570 69 65 1/2 2)
(1141/2 67 64 1/2 2)
(571 50 54 1 0)
(571 69 65 1/2 2)
(571 77 70 3/2 3)
(1143/2 72 67 1/2 2)
(572 55 57 2 0)
(572 71 66 1 2)
(1145/2 64 62 1/2 1)
(1145/2 79 71 1/2 3)
(573 62 61 1/2 1)
(573 72 67 2 2)
(573 77 70 1/2 3)
(1147/2 60 60 1/2 1)
(1147/2 76 69 1/2 3)
(574 67 64 1 1)
(574 74 68 1/2 3)
(1149/2 72 67 1/2 3)
(575 55 57 1 0)
(575 70 66 3/2 2)
(575 74 68 1/2 3)
(1151/2 77 70 1/2 3)
(576 48 53 2 0)
(576 76 69 1 3)
(1153/2 60 60 1/2 1)
(1153/2 67 64 1/2 2)
(577 58 59 1/2 1)
(577 69 65 1 2)
(577 77 70 2 3)
(1155/2 57 58 1/2 1)
(578 55 57 1/2 1)
(578 70 66 1 2)
(1157/2 53 56 1/2 1)
(579 48 53 1 0)
(579 55 57 1/2 1)
(579 67 64 3/2 2)
(579 76 69 1/2 3)
(1159/2 58 59 1/2 1)
(1159/2 74 68 1/2 3)
(580 49 53 1 0)
(580 57 58 3/2 1)
(580 76 69 1 3)
(1161/2 69 65 1/2 2)
(581 50 54 2 0)
(581 67 64 1/2 2)
(1163/2 57 58 1/2 1)
(1163/2 65 63 1/2 2)
(582 55 57 1/2 1)
(582 64 62 1/2 2)
(1165/2 53 56 1/2 1)
(1165/2 62 61 1/2 2)
(583 49 53 1 0)
(583 52 55 1 1)
(583 64 62 1/2 2)
(1167/2 67 64 1/2 2)
(584 50 54 1 1)
(584 50 54 3 0)
(584 65 63 1/2 2)
(1169/2 69 65 1/2 2)
(585 57 58 1 1)
(585 62 61 1 2)
(585 77 70 1/2 3)
(1171/2 79 71 1/2 3)
(586 58 59 2 1)
(586 77 70 1/2 3)
(1173/2 76 69 1/2 3)
(587 52 55 1 0)
(587 74 68 1/2 3)
(1175/2 73 67 1/2 3)
(588 53 56 2 0)
(588 57 58 1 1)
(588 74 68 1/2 3)
(1177/2 69 65 1/2 3)
(589 59 59 1/2 1)
(589 74 68 1/2 3)
(1179/2 61 60 1/2 1)
(1179/2 76 69 1/2 3)
(590 50 54 2 0)
(590 62 61 3 1)
(590 77 70 1/2 3)
(1181/2 76 69 1/2 3)
(591 74 68 1/2 3)
(1183/2 77 70 1/2 3)
(592 57 58 3 0)
(592 76 69 1/2 3)
(1185/2 69 65 1/2 3)
(593 61 60 1/2 1)
(593 76 69 1/2 3)
(1187/2 62 61 1/2 1)
(1187/2 77 70 1/2 3)
(594 64 62 5/2 1)
(594 79 71 1/2 3)
(1189/2 77 70 1/4 3)
(2379/4 76 69 1/4 3)
(595 55 57 1 0)
(595 77 70 1/2 3)
(1191/2 79 71 1/2 3)
(596 53 56 4 0)
(596 81 72 1/2 3)
(1193/2 57 58 1/2 1)
(1193/2 79 71 1/2 3)
(597 62 61 3/2 1)
(597 77 70 1/2 3)
(1195/2 79 71 1/2 3)
(598 81 72 5/2 3)
(1197/2 60 60 1/2 1)
(599 58 59 1/2 1)
(1199/2 57 58 1/2 1)
(600 55 57 4 0)
(600 58 59 1/2 1)
(1201/2 62 61 1/2 1)
(1201/2 79 71 1/4 3)
(2403/4 78 70 1/4 3)
(601 63 62 3/2 1)
(601 79 71 1/2 3)
(1203/2 81 72 1/2 3)
(602 82 73 5/2 3)
(1205/2 62 61 1/2 1)
(603 61 60 1/2 1)
(1207/2 62 61 1/2 1)
(604 57 58 4 0)
(604 61 60 1 1)
(1209/2 81 72 1/2 3)
(605 62 61 2 1)
(605 79 71 1/2 3)
(1211/2 77 70 1/2 3)
(606 76 69 1/2 3)
(1213/2 74 68 1/2 3)
(607 60 60 2 1)
(607 76 69 1/2 3)
(1215/2 79 71 1/2 3)
(608 50 54 2 0)
(608 77 70 1/2 3)
(1217/2 76 69 1/2 3)
(609 59 59 1/2 1)
(609 74 68 1/2 3)
(1219/2 57 58 1/2 1)
(1219/2 72 67 1/2 3)
(610 52 55 2 0)
(610 56 57 1/2 1)
(610 71 66 1/2 3)
(1221/2 54 56 1/2 1)
(1221/2 69 65 1/2 3)
(611 56 57 1/2 1)
(611 71 66 1/2 3)
(1223/2 59 59 1/2 1)
(1223/2 74 68 1/2 3)
(612 45 51 1 0)
(612 57 58 1/2 1)
(612 72 67 1 3)
(1225/2 64 62 1/2 1)
(613 62 61 1/2 1)
(613 71 66 1/2 3)
(1227/2 60 60 1/2 1)
(1227/2 69 65 1/2 3)
(614 59 59 1/2 1)
(614 68 64 1/2 3)
(1229/2 57 58 1/2 1)
(1229/2 66 63 1/2 3)
(615 59 59 1/2 1)
(615 68 64 1/2 3)
(1231/2 62 61 1/2 1)
(1231/2 71 66 1/2 3)
(616 60 60 1 1)
(616 64 62 1 3)
(1233/2 52 55 1/2 0)
(617 50 54 1/2 0)
(617 64 62 1 1)
(617 69 65 2 3)
(1235/2 48 53 1/2 0)
(618 47 52 1/2 0)
(618 62 61 1 1)
(1237/2 45 51 1/2 0)
(619 47 52 1/2 0)
(619 65 63 1 1)
(619 68 64 1 3)
(1239/2 50 54 1/2 0)
(620 48 53 1/2 0)
(620 64 62 1 1)
(620 69 65 1 3)
(1241/2 47 52 1/2 0)
(621 45 51 1/2 0)
(621 72 67 1/2 2)
(621 76 69 2 3)
(1243/2 44 50 1/2 0)
(1243/2 74 68 1/2 2)
(622 45 51 1 0)
(622 72 67 1/2 2)
(1245/2 71 66 1/2 2)
(623 47 52 1 0)
(623 69 65 1/2 2)
(623 74 68 2 3)
(1247/2 68 64 1/2 2)
(624 48 53 1 0)
(624 69 65 1/2 2)
(1249/2 64 62 1/2 2)
(625 53 56 2 0)
(625 69 65 1/2 2)
(625 72 67 1/2 3)
(1251/2 71 66 1/2 2)
(1251/2 74 68 1/2 3)
(626 57 58 2 1)
(626 72 67 1/2 2)
(626 76 69 1 3)
(1253/2 71 66 1/2 2)
(627 54 56 1 0)
(627 69 65 1/2 2)
(627 75 68 1 3)
(1255/2 72 67 1/2 2)
(628 55 57 1 0)
(628 64 62 7/2 1)
(628 71 66 1/2 2)
(628 76 69 1 3)
(1257/2 64 62 1/2 2)
(629 56 57 2 0)
(629 71 66 1/2 2)
(1259/2 72 67 1/2 2)
(630 74 68 1/2 2)
(1261/2 72 67 1/4 2)
(2523/4 71 66 1/4 2)
(631 57 58 3/2 0)
(631 72 67 1/2 2)
(1263/2 62 61 1/2 1)
(1263/2 74 68 1/2 2)
(632 60 60 4 1)
(632 76 69 1/2 2)
(1265/2 52 55 1/2 0)
(1265/2 74 68 1/2 2)
(633 57 58 1/2 0)
(633 72 67 1/2 2)
(1267/2 59 59 1/2 0)
(1267/2 74 68 1/2 2)
(634 60 60 1/2 0)
(634 76 69 5/2 2)
(1269/2 59 59 1/2 0)
(635 57 58 1/2 0)
(1271/2 55 57 1/2 0)
(636 54 56 1/2 0)
(636 62 61 4 1)
(1273/2 57 58 1/2 0)
(1273/2 74 68 1/4 2)
(2547/4 73 67 1/4 2)
(637 59 59 1/2 0)
(637 74 68 1/2 2)
(1275/2 61 60 1/2 0)
(1275/2 76 69 1/2 2)
(638 62 61 1/2 0)
(638 77 70 5/2 2)
(1277/2 60 60 1/2 0)
(639 59 59 1/2 0)
(1279/2 57 58 1/2 0)
(640 56 57 1 0)
(640 64 62 4 1)
(1281/2 76 69 1/2 2)
(641 57 58 2 0)
(641 74 68 1/2 2)
(1283/2 72 67 1/2 2)
(642 71 66 1/2 2)
(1285/2 69 65 1/2 2)
(643 56 57 1 0)
(643 71 66 1/2 2)
(1287/2 74 68 1/2 2)
(644 57 58 1/2 1)
(644 57 58 1 0)
(644 72 67 9/2 2)
(1289/2 69 65 1/2 1)
(645 59 59 1 0)
(645 67 64 1/2 1)
(1291/2 65 63 1/2 1)
(646 60 60 1 0)
(646 64 62 1/2 1)
(1293/2 62 61 1/2 1)
(647 57 58 1 0)
(647 64 62 1/2 1)
(1295/2 67 64 1/2 1)
(648 50 54 1 0)
(648 65 63 9/2 1)
(1297/2 74 68 1/2 2)
(649 52 55 1 0)
(649 72 67 1/2 2)
(1299/2 70 66 1/2 2)
(650 53 56 1 0)
(650 69 65 1/2 2)
(1301/2 67 64 1/2 2)
(651 50 54 1 0)
(651 69 65 1/2 2)
(1303/2 72 67 1/2 2)
(652 55 57 1 0)
(652 70 66 9/2 2)
(1305/2 67 64 1/2 1)
(653 57 58 1 0)
(653 65 63 1/2 1)
(1307/2 64 62 1/2 1)
(654 58 59 1 0)
(654 62 61 1/2 1)
(1309/2 60 60 1/2 1)
(655 55 57 1 0)
(655 62 61 1/2 1)
(1311/2 65 63 1/2 1)
(656 48 53 1 0)
(656 64 62 1 1)
(1313/2 72 67 1/2 2)
(657 50 54 1 0)
(657 70 66 1/2 2)
(1315/2 69 65 1/2 2)
(658 52 55 1 0)
(658 67 64 1/2 2)
(1317/2 65 63 1/2 2)
(659 48 53 1 0)
(659 67 64 1/2 2)
(1319/2 70 66 1/2 2)
(660 53 56 1 0)
(660 69 65 1/2 2)
(1321/2 70 66 1/2 2)
(661 55 57 1 0)
(661 69 65 1/2 2)
(1323/2 67 64 1/2 2)
(662 57 58 1 0)
(662 65 63 1/2 2)
(1325/2 64 62 1/2 2)
(663 53 56 1 0)
(663 65 63 1/2 2)
(1327/2 69 65 1/2 2)
(664 46 52 2 0)
(664 62 61 1/2 2)
(1329/2 64 62 1/2 2)
(665 57 58 1/2 1)
(665 65 63 3/2 2)
(1331/2 58 59 1/2 1)
(666 48 53 2 0)
(666 57 58 1/2 1)
(1333/2 55 57 1/2 1)
(1333/2 64 62 1/2 2)
(667 53 56 1/2 1)
(667 70 66 2 2)
(1335/2 52 55 1/2 1)
(668 41 49 2 0)
(668 53 56 1/2 1)
(1337/2 48 53 1/2 1)
(669 53 56 1/2 1)
(669 69 65 1/2 2)
(1339/2 55 57 1/2 1)
(1339/2 67 64 1/2 2)
(670 57 58 1/2 1)
(670 65 63 1/2 2)
(1341/2 55 57 1/2 1)
(1341/2 69 65 1/2 2)
(671 53 56 1/2 1)
(671 53 56 1 0)
(671 62 61 3/2 2)
(1343/2 57 58 1/2 1)
(672 52 55 1 0)
(672 55 57 1/2 1)
(1345/2 48 53 1/2 1)
(1345/2 67 64 1/2 2)
(673 51 55 1 0)
(673 55 57 1/2 1)
(673 60 60 1 2)
(1347/2 57 58 1/2 1)
(674 50 54 2 0)
(674 58 59 1/2 1)
(674 62 61 2 2)
(674 65 63 2 3)
(1349/2 57 58 1/4 1)
(2699/4 55 57 1/4 1)
(675 57 58 1/2 1)
(1351/2 58 59 1/2 1)
(676 57 58 5/2 0)
(676 60 60 1/2 1)
(676 64 62 1 2)
(676 72 67 3 3)
(1353/2 58 59 1/2 1)
(677 57 58 1/2 1)
(677 65 63 1/2 2)
(1355/2 58 59 1/2 1)
(1355/2 67 64 1/2 2)
(678 60 60 5/2 1)
(678 69 65 1 2)
(1357/2 55 57 1/2 0)
(679 53 56 1/2 0)
(679 67 64 2 2)
(679 70 66 1 3)
(1359/2 52 55 1/2 0)
(680 53 56 5/2 0)
(680 69 65 4 3)
(1361/2 58 59 1/4 1)
(2723/4 57 58 1/4 1)
(681 58 59 1/2 1)
(681 65 63 1/2 2)
(1363/2 60 60 1/2 1)
(1363/2 64 62 1/2 2)
(682 62 61 5/2 1)
(682 65 63 5/2 2)
(1365/2 50 54 1/2 0)
(683 52 55 1/2 0)
(1367/2 53 56 1/2 0)
(684 55 57 1 0)
(684 70 66 4 3)
(1369/2 60 60 1/2 1)
(1369/2 63 62 1/2 2)
(685 50 54 1 0)
(685 58 59 1/2 1)
(685 65 63 3/2 2)
(1371/2 57 58 1/2 1)
(686 51 55 5/2 0)
(686 55 57 1/2 1)
(1373/2 53 56 1/2 1)
(1373/2 62 61 1/2 2)
(687 55 57 1/2 1)
(687 63 62 1/2 2)
(1375/2 58 59 1/2 1)
(1375/2 67 64 1/2 2)
(688 57 58 9/2 1)
(688 60 60 3/2 2)
(688 72 67 4 3)
(1377/2 53 56 1/2 0)
(689 51 55 1/2 0)
(1379/2 50 54 1/2 0)
(1379/2 62 61 1/2 2)
(690 48 53 1/2 0)
(690 63 62 3 2)
(1381/2 46 52 1/2 0)
(691 48 53 1/2 0)
(1383/2 51 55 1/2 0)
(692 50 54 5/2 0)
(692 65 63 5/2 3)
(1385/2 53 56 1/2 1)
(693 55 57 1/2 1)
(693 62 61 1/2 2)
(1387/2 57 58 1/2 1)
(1387/2 60 60 1/2 2)
(694 58 59 5/2 1)
(694 62 61 5/2 2)
(1389/2 50 54 1/2 0)
(1389/2 66 63 1/2 3)
(695 52 55 1/2 0)
(695 67 64 1/2 3)
(1391/2 54 56 1/2 0)
(1391/2 69 65 1/2 3)
(696 55 57 5/2 0)
(696 70 66 5/2 3)
(1393/2 60 60 1/2 1)
(1393/2 62 61 1/2 2)
(697 58 59 1/2 1)
(697 64 62 1/2 2)
(1395/2 57 58 1/2 1)
(1395/2 66 63 1/2 2)
(698 55 57 3 1)
(698 67 64 5/2 2)
(1397/2 53 56 1/2 0)
(1397/2 71 66 1/2 3)
(699 51 55 1/2 0)
(699 72 67 1/2 3)
(1399/2 50 54 1/2 0)
(1399/2 74 68 1/2 3)
(700 48 53 2 0)
(700 75 69 5 3)
(1401/2 74 68 1/2 2)
(701 55 57 1 1)
(701 72 67 1/2 2)
(1403/2 70 66 1/2 2)
(702 60 60 5/2 1)
(702 69 65 1/2 2)
(1405/2 67 64 1/2 2)
(703 48 53 1 0)
(703 69 65 1/2 2)
(1407/2 72 67 1/2 2)
(704 50 54 2 0)
(704 66 63 3 2)
(1409/2 63 62 1/2 1)
(705 62 61 1/2 1)
(705 69 65 1 3)
(1411/2 60 60 1/2 1)
(706 58 59 1/2 1)
(706 74 68 4 3)
(1413/2 57 58 1/2 1)
(707 50 54 1 0)
(707 58 59 1/2 1)
(707 66 63 1 2)
(1415/2 62 61 1/2 1)
(708 51 55 1 0)
(708 55 57 1 1)
(708 67 64 1/2 2)
(1417/2 69 65 1/2 2)
(709 52 55 2 0)
(709 58 59 1/2 1)
(709 67 64 1/2 2)
(1419/2 57 58 1/2 1)
(1419/2 65 63 1/2 2)
(710 55 57 1/2 1)
(710 64 62 1/2 2)
(710 73 67 2 3)
(1421/2 53 56 1/2 1)
(1421/2 62 61 1/2 2)
(711 45 51 1 0)
(711 52 55 1 1)
(711 64 62 1/2 2)
(1423/2 67 64 1/2 2)
(712 50 54 1/2 1)
(712 50 54 1 0)
(712 66 63 1 2)
(712 74 68 2 3)
(1425/2 62 61 1/2 1)
(713 60 60 1/2 1)
(713 67 64 2 2)
(1427/2 58 59 1/2 1)
(714 57 58 1/2 1)
(714 72 67 3 3)
(1429/2 55 57 1/2 1)
(715 57 58 1/2 1)
(715 66 63 1/2 2)
(1431/2 60 60 1/2 1)
(1431/2 69 65 1/2 2)
(716 58 59 1/2 1)
(716 62 61 1/2 2)
(1433/2 63 62 1/2 1)
(1433/2 66 63 1/2 2)
(717 46 52 1/2 0)
(717 62 61 2 1)
(717 67 64 1/2 2)
(717 70 66 1/2 3)
(1435/2 48 53 1/2 0)
(1435/2 66 63 1/2 2)
(1435/2 69 65 1/2 3)
(718 46 52 1/2 0)
(718 67 64 1 2)
(718 70 66 1 3)
(1437/2 45 51 1/2 0)
(719 43 50 1/2 0)
(719 72 67 2 2)
(719 75 69 1 3)
(1439/2 42 49 1/2 0)
(720 43 50 1/2 0)
(720 74 68 1 3)
(1441/2 38 47 1/2 0)
(721 43 50 1/2 0)
(721 70 66 1 2)
(721 76 69 1/2 3)
(1443/2 45 51 1/2 0)
(1443/2 78 70 1/2 3)
(722 46 52 1/2 0)
(722 79 71 3 3)
(1445/2 45 51 1/2 0)
(1445/2 77 70 1/2 2)
(723 43 50 1/2 0)
(723 75 69 1/2 2)
(1447/2 46 52 1/2 0)
(1447/2 74 68 1/2 2)
(724 45 51 1/2 0)
(724 72 67 1/2 2)
(1449/2 38 47 1/2 0)
(1449/2 71 66 1/2 2)
(725 45 51 1/2 0)
(725 72 67 1/2 2)
(725 77 70 3/2 3)
(1451/2 47 52 1/2 0)
(1451/2 74 68 1/2 2)
(726 48 53 1/2 0)
(726 67 64 2 2)
(1453/2 47 52 1/4 0)
(1453/2 75 69 1/2 3)
(2907/4 45 51 1/4 0)
(727 47 52 1/2 0)
(727 53 56 3/2 1)
(727 74 68 1/2 3)
(1455/2 48 53 1/2 0)
(1455/2 72 67 1/2 3)
(728 50 54 1/2 0)
(728 71 66 1/2 3)
(728 74 68 3 2)
(1457/2 48 53 1/2 0)
(1457/2 51 55 1/2 1)
(1457/2 69 65 1/2 3)
(729 47 52 1/2 0)
(729 50 54 1/2 1)
(729 67 64 1 3)
(1459/2 48 53 1/2 0)
(1459/2 51 55 1/2 1)
(730 50 54 5/2 0)
(730 53 56 1/2 1)
(730 74 68 2 3)
(1461/2 55 57 1/2 1)
(731 56 58 1/2 1)
(731 72 67 1 2)
(1463/2 53 56 1/2 1)
(732 55 57 5/2 1)
(732 71 66 4 2)
(732 79 71 3 3)
(1465/2 48 53 1/4 0)
(2931/4 47 52 1/4 0)
(733 48 53 1/2 0)
(1467/2 50 54 1/2 0)
(734 51 55 5/2 0)
(1469/2 55 57 1/2 1)
(735 59 59 1/2 1)
(735 77 70 1 3)
(1471/2 62 61 1/2 1)
(736 67 64 1/2 1)
(736 72 67 4 2)
(736 75 69 4 3)
(1473/2 50 54 1/2 0)
(1473/2 70 66 1/2 1)
(737 48 53 1/2 0)
(737 68 65 1/2 1)
(1475/2 46 52 1/2 0)
(1475/2 67 64 1/2 1)
(738 45 51 1/2 0)
(738 66 63 3/2 1)
(1477/2 43 50 1/2 0)
(739 45 51 1/2 0)
(1479/2 48 53 1/2 0)
(1479/2 67 64 1/2 1)
(740 47 52 1 0)
(740 68 65 1/2 1)
(740 74 68 4 2)
(740 77 70 4 3)
(1481/2 55 57 1/2 1)
(741 48 53 2 0)
(741 53 56 1/2 1)
(1483/2 51 55 1/2 1)
(742 50 54 1/2 1)
(1485/2 48 53 1/2 1)
(743 46 52 3/2 0)
(743 50 54 1/2 1)
(1487/2 53 56 1/2 1)
(744 52 55 4 1)
(744 67 64 1 2)
(744 79 71 4 3)
(1489/2 48 53 1/2 0)
(745 46 52 1/2 0)
(745 69 65 1 2)
(1491/2 45 51 1/2 0)
(746 43 50 1/2 0)
(746 70 66 3 2)
(1493/2 42 49 1/2 0)
(747 43 50 1/2 0)
(1495/2 46 52 1/2 0)
(748 45 51 1/2 0)
(748 54 56 1 1)
(748 72 67 9/2 3)
(1497/2 50 54 1/2 0)
(749 48 53 1/2 0)
(749 69 65 1/2 2)
(1499/2 46 52 1/2 0)
(1499/2 67 64 1/2 2)
(750 45 51 1/2 0)
(750 66 63 1/2 2)
(1501/2 43 50 1/2 0)
(1501/2 64 62 1/2 2)
(751 45 51 1/2 0)
(751 66 63 1/2 2)
(1503/2 48 53 1/2 0)
(1503/2 69 65 1/2 2)
(752 46 52 2 0)
(752 62 61 2 2)
(1505/2 50 54 1/2 1)
(1505/2 66 63 1/2 3)
(753 52 55 1/2 1)
(753 67 64 1/2 3)
(1507/2 54 56 1/2 1)
(1507/2 69 65 1/2 3)
(754 55 57 5/2 1)
(754 70 66 1/2 3)
(1509/2 72 67 1/2 3)
(755 43 50 1 0)
(755 70 66 1/2 3)
(1511/2 67 64 1/2 3)
(756 48 53 2 0)
(756 75 69 9/2 3)
(1513/2 55 57 1/2 1)
(1513/2 74 68 1/2 2)
(757 57 58 1/2 1)
(757 72 67 1/2 2)
(1515/2 58 59 1/2 1)
(1515/2 70 66 1/2 2)
(758 60 60 1/2 1)
(758 69 65 1/2 2)
(1517/2 62 61 1/2 1)
(1517/2 67 64 1/2 2)
(759 48 53 3/2 0)
(759 60 60 1/2 1)
(759 69 65 1/2 2)
(1519/2 58 59 1/2 1)
(1519/2 72 67 1/2 2)
(760 57 58 1 1)
(760 66 63 4 2)
(1521/2 45 51 1/2 0)
(1521/2 75 69 1/2 3)
(761 46 52 1/2 0)
(761 74 68 1/2 3)
(1523/2 48 53 1/2 0)
(1523/2 72 67 1/2 3)
(762 50 54 1/2 0)
(762 70 66 1/2 3)
(1525/2 51 55 1/2 0)
(1525/2 69 65 1/2 3)
(763 50 54 1/2 0)
(763 70 66 1/2 3)
(1527/2 46 52 1/2 0)
(1527/2 74 68 1/2 3)
(764 51 55 1 0)
(764 67 64 1/2 2)
(764 67 64 3/2 3)
(1529/2 65 63 1/2 2)
(765 48 53 1 0)
(765 58 59 1 1)
(765 63 62 1 2)
(1531/2 69 65 1/2 3)
(766 50 54 2 0)
(766 57 58 1/2 1)
(766 62 61 1 2)
(766 66 63 3/2 3)
(1533/2 55 57 1/2 1)
(767 57 58 1 1)
(767 60 60 2 2)
(1535/2 67 64 1/2 3)
(768 43 50 2 0)
(768 55 57 2 1)
(768 67 64 2 3)
(769 58 59 1 2)
(770 58 59 2 1)
(772 57 58 2 1)
(774 60 60 2 1)
(776 59 59 3/2 1)
(1555/2 61 60 1/2 1)
(778 62 61 7/2 1)
(778 65 63 2 2)
(780 64 62 2 2)
(1563/2 61 60 1/4 1)
(3127/4 59 59 1/4 1)
(782 61 60 2 1)
(782 67 64 2 2)
(784 62 61 2 1)
(784 66 63 3/2 2)
(1571/2 68 64 1/2 2)
(786 69 65 7/2 2)
(787 63 61 1 1)
(788 64 62 1 1)
(789 59 59 1 1)
(1579/2 68 64 1/4 2)
(3159/4 66 63 1/4 2)
(790 64 62 1 1)
(790 68 64 2 2)
(791 62 61 1 1)
(792 60 60 2 1)
(792 69 65 1 2)
(793 64 62 1 2)
(794 69 65 1 2)
(795 61 60 1 1)
(795 67 64 1 2)
(796 62 61 1 1)
(796 65 63 2 2)
(797 57 58 1 1)
(798 62 61 1 1)
(799 60 60 1 1)
(799 66 63 1 2)
(800 58 59 3/2 1)
(800 67 64 1 2)
(801 62 61 1 2)
(1603/2 57 58 1/2 1)
(802 55 57 1/2 1)
(802 67 64 1 2)
(802 70 66 2 3)
(1605/2 57 58 1/2 1)
(803 58 59 1/2 1)
(803 65 63 1 2)
(1607/2 55 57 1/2 1)
(804 60 60 1/2 1)
(804 64 62 1 2)
(804 69 65 2 3)
(1609/2 58 59 1/2 1)
(805 57 58 1/2 1)
(805 66 63 1/2 2)
(1611/2 55 57 1/2 1)
(1611/2 67 64 1/2 2)
(806 54 56 1/2 1)
(806 69 65 3 2)
(806 72 67 2 3)
(1613/2 52 55 1/2 1)
(807 54 56 1/2 1)
(1615/2 50 54 1/2 1)
(808 55 57 1 1)
(808 71 66 3/2 3)
(809 52 55 1 1)
(809 67 64 1 2)
(1619/2 73 67 1/2 3)
(810 53 56 1 1)
(810 53 56 2 0)
(810 69 65 1 2)
(810 74 68 7/2 3)
(811 55 57 1/2 1)
(811 62 61 1 2)
(1623/2 57 58 1/2 1)
(812 52 55 2 0)
(812 58 59 1/2 1)
(812 67 64 3/2 2)
(1625/2 57 58 1/2 1)
(813 55 57 1/2 1)
(1627/2 57 58 1/2 1)
(1627/2 65 63 1/2 2)
(1627/2 73 67 1/4 3)
(3255/4 71 66 1/4 3)
(814 55 57 2 0)
(814 58 59 1/2 1)
(814 64 62 2 2)
(814 73 67 2 3)
(1629/2 52 55 1/2 1)
(815 57 58 2 1)
(816 54 56 3/2 0)
(816 62 61 1 2)
(816 74 68 1 3)
(817 62 61 2 1)
(1635/2 56 57 1/2 0)
(818 57 58 7/2 0)
(819 60 60 1 1)
(819 75 68 1 3)
(820 59 59 1 1)
(820 76 69 1 3)
(821 64 62 4 1)
(821 71 66 1 3)
(1643/2 56 57 1/4 0)
(3287/4 54 56 1/4 0)
(822 56 57 2 0)
(822 76 69 1 3)
(823 71 66 2 2)
(823 74 68 1 3)
(824 57 58 2 0)
(824 72 67 2 3)
(825 64 62 1 2)
(826 69 65 1 2)
(826 73 67 2 3)
(827 57 58 1 0)
(827 67 64 1 2)
(828 58 59 1 0)
(828 65 63 3 2)
(828 74 68 1 3)
(829 53 56 1 0)
(829 69 65 1 3)
(830 58 59 1 0)
(830 74 68 3 3)
(831 57 58 1 0)
(831 67 64 1/2 2)
(1663/2 65 63 1/2 2)
(832 56 57 1 0)
(832 64 62 5/2 2)
(833 52 55 1 0)
(833 72 67 1/2 3)
(1667/2 71 66 1/2 3)
(834 57 58 1 0)
(834 72 67 3 3)
(1669/2 62 61 1/2 2)
(835 55 57 1 0)
(835 63 62 1/2 2)
(1671/2 60 60 1/2 2)
(836 54 56 1 0)
(836 62 61 3 2)
(837 50 54 1 0)
(837 70 66 1/2 3)
(1675/2 69 65 1/2 3)
(838 55 57 4 0)
(838 58 59 2 1)
(838 70 66 1 3)
(839 64 62 1/2 2)
(839 67 64 1 3)
(1679/2 62 61 1/2 2)
(840 57 58 2 1)
(840 61 60 1 2)
(840 69 65 1 3)
(841 64 62 1 2)
(841 81 72 2 3)
(842 54 56 2 0)
(842 60 60 2 1)
(842 69 65 5/2 2)
(843 74 68 2 3)
(844 55 57 2 0)
(844 59 59 3/2 1)
(1689/2 62 61 1/2 2)
(845 67 64 1 2)
(845 76 69 1 3)
(1691/2 61 60 1/2 1)
(846 62 61 7/2 1)
(846 77 70 2 3)
(847 56 57 1 0)
(848 57 58 1 0)
(848 76 69 5/2 3)
(849 52 55 1 0)
(1699/2 61 60 1/4 1)
(3399/4 59 59 1/4 1)
(850 57 58 1 0)
(850 61 60 2 1)
(850 64 62 2 2)
(1701/2 73 67 1/2 3)
(851 55 57 1 0)
(851 74 68 1/2 3)
(1703/2 76 69 1/2 3)
(852 53 56 1 0)
(852 62 61 3/2 1)
(852 65 63 2 2)
(852 69 65 3 3)
(853 50 54 1 0)
(1707/2 60 60 1/2 1)
(854 55 57 5/2 0)
(854 59 59 1 1)
(854 62 61 2 2)
(855 57 58 1 1)
(855 67 64 1/2 3)
(1711/2 66 63 1/2 3)
(856 58 59 5/2 1)
(856 63 62 3/2 2)
(856 67 64 6 3)
(1713/2 57 58 1/2 0)
(857 55 57 1/2 0)
(1715/2 53 56 1/2 0)
(1715/2 62 61 1/2 2)
(858 52 55 2 0)
(858 61 60 4 2)
(1717/2 57 58 1/2 1)
(859 58 59 1/2 1)
(1719/2 55 57 1/2 1)
(860 53 56 1/2 0)
(860 57 58 5/2 1)
(1721/2 55 57 1/2 0)
(861 53 56 1/2 0)
(1723/2 52 55 1/2 0)
(862 50 54 2 0)
(862 62 61 3 2)
(862 65 63 1/2 3)
(1725/2 58 59 1/2 1)
(1725/2 64 62 1/2 3)
(863 57 58 1/2 1)
(863 65 63 1 3)
(1727/2 56 57 1/2 1)
(864 45 51 1 0)
(864 57 58 1 1)
(864 64 62 1 3)
(865 57 58 2 0)
(865 61 60 1 2)
(866 62 61 1 2)
(866 70 66 2 3)
(867 55 57 1 0)
(867 58 59 1 1)
(867 64 62 1 2)
(868 53 56 2 0)
(868 60 60 1 1)
(868 65 63 1 2)
(868 69 65 2 3)
(869 62 61 1 1)
(869 64 62 1/2 2)
(1739/2 65 63 1/2 2)
(870 52 55 2 0)
(870 64 62 1 1)
(870 67 64 5/2 2)
(870 72 67 2 3)
(871 65 63 1/2 1)
(1743/2 64 62 1/2 1)
(872 55 57 2 0)
(872 62 61 5/2 1)
(872 71 66 3/2 3)
(1745/2 66 63 1/2 2)
(873 67 64 1/2 2)
(1747/2 70 66 1/2 2)
(1747/2 73 67 1/2 3)
(874 54 56 3/2 0)
(874 69 65 4 2)
(874 74 68 7/2 3)
(1749/2 61 60 1/2 1)
(875 62 61 1/2 1)
(1751/2 56 57 1/2 0)
(1751/2 65 63 1/2 1)
(876 57 58 11/2 0)
(876 64 62 1/2 1)
(1753/2 62 61 1/2 1)
(877 64 62 2 1)
(1755/2 73 67 1/4 3)
(3511/4 71 66 1/4 3)
(878 67 64 1 2)
(878 73 67 1/2 3)
(1757/2 75 68 1/2 3)
(879 59 59 1 1)
(879 66 63 1 2)
(879 75 68 1 3)
(880 59 59 4 1)
(880 64 62 5 2)
(880 76 69 1 3)
(881 71 66 1 3)
(1763/2 56 57 1/4 0)
(3527/4 54 56 1/4 0)
(882 56 57 2 0)
(882 76 69 1 3)
(883 74 68 1 3)
(884 57 58 1 0)
(884 57 58 3/2 1)
(884 72 67 2 3)
(885 64 62 1 2)
(1771/2 55 57 1/4 1)
(3543/4 53 56 1/4 1)
(886 45 51 2 0)
(886 52 55 3/2 1)
(886 69 65 1 2)
(886 73 67 2 3)
(887 67 64 3/2 2)
(1775/2 50 54 1/4 1)
(3551/4 52 55 1/4 1)
(888 46 52 2 0)
(888 50 54 1 1)
(888 74 68 5/2 3)
(1777/2 66 63 1/2 2)
(889 52 55 1/2 1)
(889 67 64 1/2 2)
(1779/2 54 56 1/2 1)
(1779/2 69 65 1/2 2)
(890 43 50 2 0)
(890 55 57 1 1)
(890 70 66 1 2)
(1781/2 77 70 1/2 3)
(891 53 56 1 1)
(891 71 66 1 2)
(891 75 69 1/2 3)
(1783/2 74 68 1/2 3)
(892 44 51 3/2 0)
(892 51 55 1/2 1)
(892 72 67 1/2 3)
(892 72 67 7/2 2)
(1785/2 50 54 1/2 1)
(1785/2 79 71 1/2 3)
(893 48 53 1 1)
(893 77 70 1/2 3)
(1787/2 43 50 1/2 0)
(1787/2 75 69 1/2 3)
(894 42 49 4 0)
(894 50 54 1 1)
(894 74 68 1/2 3)
(1789/2 72 67 1/2 3)
(895 51 55 3/2 1)
(895 73 68 3/2 3)
(1791/2 70 66 1/2 2)
(896 69 65 3/2 2)
(1793/2 50 54 1/2 1)
(1793/2 71 66 1/2 3)
(897 51 55 3/2 1)
(897 72 67 2 3)
(1795/2 68 65 1/2 2)
(898 43 50 2 0)
(898 67 64 4 2)
(1797/2 50 54 1/2 1)
(899 53 56 2 1)
(899 71 66 1 3)
(900 48 53 2 0)
(900 72 67 3/2 3)
(901 52 55 2 1)
(1803/2 70 66 1/4 3)
(3607/4 69 65 1/4 3)
(902 67 64 1/2 3)
(902 70 66 2 2)
(1805/2 64 62 1/2 3)
(903 49 53 1 0)
(903 55 57 2 1)
(903 76 69 3/2 3)
(904 50 54 2 0)
(904 69 65 2 2)
(1809/2 74 68 1/4 3)
(3619/4 73 67 1/4 3)
(905 54 56 3/2 1)
(905 74 68 1/2 3)
(1811/2 72 67 1/4 3)
(3623/4 71 66 1/4 3)
(906 69 65 1 3)
(906 72 67 2 2)
(1813/2 56 57 1/2 1)
(907 51 54 1 0)
(907 57 58 7/2 1)
(908 52 55 1/2 0)
(908 71 66 3/2 2)
(1817/2 50 54 1/4 0)
(3635/4 52 55 1/4 0)
(909 53 56 3/2 0)
(1819/2 73 67 1/2 2)
(910 74 68 7/2 2)
(1821/2 47 52 1/2 0)
(1821/2 56 57 1/4 1)
(3643/4 54 56 1/4 1)
(911 52 55 1/2 0)
(911 56 57 2 1)
(1823/2 50 54 1/2 0)
(912 49 53 1/2 0)
(1825/2 47 52 1/2 0)
(913 45 51 1 0)
(1827/2 52 55 1/2 1)
(1827/2 73 67 1/4 2)
(3655/4 71 66 1/4 2)
(914 57 58 1/2 1)
(914 73 67 2 2)
(1829/2 58 59 1/4 1)
(3659/4 57 58 1/4 1)
(915 45 51 1 0)
(915 55 57 1/2 1)
(915 81 72 3/2 3)
(1831/2 57 58 1/2 1)
(916 50 54 9/2 0)
(916 58 59 1/2 1)
(916 74 68 1/2 2)
(1833/2 62 61 1/2 1)
(1833/2 76 69 1/4 2)
(1833/2 79 71 1/4 3)
(3667/4 77 70 1/4 2)
(3667/4 81 72 1/4 3)
(917 55 57 1/2 1)
(917 79 71 2 2)
(917 82 73 3/2 3)
(1835/2 57 58 1/2 1)
(918 58 59 1/2 1)
(1837/2 55 57 1/2 1)
(1837/2 76 69 1/2 3)
(919 52 55 1/2 1)
(919 73 67 1 2)
(919 81 72 1/2 3)
(1839/2 53 56 1/4 1)
(1839/2 79 71 1/2 3)
(3679/4 55 57 1/4 1)
(920 57 58 1 1)
(920 74 68 1/2 2)
(920 77 70 1/2 3)
(1841/2 52 55 1/4 0)
(1841/2 69 65 1/2 2)
(1841/2 76 69 1/4 3)
(3683/4 53 56 1/4 0)
(3683/4 74 68 1/4 3)
(921 52 55 1/2 0)
(921 55 57 2 1)
(921 70 66 1 2)
(921 73 67 1/2 3)
(1843/2 50 54 1/2 0)
(1843/2 74 68 1/2 3)
(922 49 53 1/2 0)
(922 69 65 5/2 2)
(922 76 69 1/2 3)
(1845/2 45 51 1/2 0)
(1845/2 74 68 1/4 3)
(3691/4 76 69 1/4 3)
(923 50 54 1/2 0)
(923 53 56 3/2 1)
(923 77 70 1/2 3)
(1847/2 48 53 1/2 0)
(1847/2 76 69 1/2 3)
(924 46 52 1 0)
(924 74 68 3/2 3)
(1849/2 52 55 1/4 1)
(1849/2 67 64 1/2 2)
(3699/4 50 54 1/4 1)
(925 45 51 1 0)
(925 57 58 2 1)
(925 65 63 1/2 2)
(1851/2 64 62 1/2 2)
(1851/2 73 67 1/2 3)
(926 46 52 2 0)
(926 62 61 1 2)
(926 74 68 1/2 3)
(1853/2 76 69 1/4 3)
(3707/4 77 70 1/4 3)
(927 55 57 1 1)
(927 76 69 1/2 3)
(1855/2 74 68 1/2 3)
(928 45 51 1 0)
(928 57 58 1 1)
(928 73 67 1 3)
(1857/2 64 62 1/2 2)
(929 65 63 1/2 2)
(1859/2 67 64 1/2 2)
(930 65 63 1/2 2)
(1861/2 64 62 1/2 2)
(1861/2 76 69 1/2 3)
(931 62 61 1/2 2)
(931 77 70 1/2 3)
(1863/2 61 60 1/2 2)
(1863/2 79 71 1/2 3)
(932 62 61 1/2 2)
(932 77 70 1/2 3)
(1865/2 57 58 1/2 2)
(1865/2 76 69 1/2 3)
(933 62 61 1/2 2)
(933 74 68 1/2 3)
(1867/2 64 62 1/2 2)
(1867/2 73 67 1/2 3)
(934 50 54 2 0)
(934 65 63 1/2 2)
(934 74 68 3 3)
(1869/2 64 62 1/2 2)
(935 62 61 1/2 2)
(1871/2 65 63 1/2 2)
(936 57 58 3 0)
(936 64 62 1/2 2)
(1873/2 57 58 1/2 2)
(937 64 62 1/2 2)
(937 73 67 1/2 3)
(1875/2 65 63 1/2 2)
(1875/2 74 68 1/2 3)
(938 58 59 2 1)
(938 67 64 1/2 2)
(938 76 69 3 3)
(1877/2 65 63 1/4 2)
(3755/4 64 62 1/4 2)
(939 55 57 1 0)
(939 65 63 1/2 2)
(1879/2 67 64 1/2 2)
(940 53 56 4 0)
(940 57 58 2 1)
(940 69 65 1/2 2)
(1881/2 67 64 1/2 2)
(941 65 63 1/2 2)
(941 74 68 1/2 3)
(1883/2 67 64 1/2 2)
(1883/2 76 69 1/2 3)
(942 60 60 2 1)
(942 69 65 5/2 2)
(942 77 70 1/2 3)
(1885/2 79 71 1/2 3)
(943 81 72 1/2 3)
(1887/2 77 70 1/2 3)
(944 55 57 4 0)
(944 59 59 3/2 1)
(944 74 68 1 3)
(1889/2 67 64 1/4 2)
(3779/4 66 63 1/4 2)
(945 67 64 1/2 2)
(945 76 69 1/2 3)
(1891/2 61 60 1/2 1)
(1891/2 69 65 1/2 2)
(1891/2 78 70 1/2 3)
(946 62 61 7/2 1)
(946 70 66 5/2 2)
(946 79 71 1/2 3)
(1893/2 81 72 1/2 3)
(947 82 73 1/2 3)
(1895/2 79 71 1/2 3)
(948 57 58 4 0)
(948 76 69 1 3)
(1897/2 69 65 1/2 2)
(949 67 64 1/2 2)
(1899/2 61 60 1/4 1)
(1899/2 65 63 1/2 2)
(3799/4 59 59 1/4 1)
(950 61 60 2 1)
(950 64 62 1/2 2)
(1901/2 62 61 1/2 2)
(951 64 62 1/2 2)
(1903/2 67 64 1/2 2)
(952 50 54 1 0)
(952 62 61 1/2 1)
(952 65 63 1 2)
(1905/2 64 62 1/2 1)
(953 62 61 1/2 1)
(1907/2 60 60 1/2 1)
(954 59 59 1/2 1)
(1909/2 57 58 1/2 1)
(955 59 59 1/2 1)
(1911/2 62 61 1/2 1)
