(0 51 55 1 0)
(0 51 55 1 1)
(0 51 55 1 5)
(0 51 55 1 9)
(0 55 57 1 6)
(0 55 57 1 7)
(0 55 57 1 8)
(0 63 62 1 1)
(0 63 62 1 6)
(0 63 62 1 7)
(0 63 62 1 8)
(0 63 62 1 10)
(0 67 64 1 2)
(0 67 64 1 12)
(0 70 66 1 8)
(0 75 69 1 2)
(0 75 69 1 3)
(0 75 69 1 7)
(0 75 69 1 10)
(0 75 69 1 11)
(0 75 69 1 12)
(0 79 71 1 3)
(0 79 71 1 8)
(0 82 73 1 4)
(0 87 76 1 4)
(3 51 55 1 0)
(3 51 55 1 1)
(3 51 55 1 5)
(3 51 55 1 9)
(3 55 57 1 6)
(3 55 57 1 7)
(3 55 57 1 8)
(3 63 62 1 1)
(3 63 62 1 6)
(3 63 62 1 7)
(3 63 62 1 8)
(3 63 62 1 10)
(3 67 64 1 2)
(3 67 64 1 12)
(3 70 66 1 8)
(3 75 69 1 2)
(3 75 69 1 3)
(3 75 69 1 7)
(3 75 69 1 10)
(3 75 69 1 11)
(3 75 69 1 12)
(3 79 71 1 3)
(3 79 71 1 8)
(3 82 73 1 4)
(3 87 76 1 4)
(6 51 55 2 5)
(6 58 59 1/2 6)
(6 67 64 1/2 7)
(13/2 58 59 1/2 6)
(13/2 67 64 1/2 7)
(7 58 59 1/2 6)
(7 67 64 1/2 7)
(15/2 58 59 1/2 6)
(15/2 67 64 1/2 7)
(8 55 57 1 5)
(8 58 59 1/2 6)
(8 67 64 1/2 7)
(17/2 58 59 1/2 6)
(17/2 67 64 1/2 7)
(9 51 55 2 5)
(9 58 59 1/2 6)
(9 67 64 1/2 7)
(19/2 58 59 1/2 6)
(19/2 67 64 1/2 7)
(10 58 59 1/2 6)
(10 67 64 1/2 7)
(21/2 58 59 1/2 6)
(21/2 67 64 1/2 7)
(11 46 52 1 5)
(11 58 59 1/2 6)
(11 67 64 1/2 7)
(23/2 58 59 1/2 6)
(23/2 67 64 1/2 7)
(12 51 55 1 5)
(12 58 59 1/2 6)
(12 67 64 1/2 7)
(25/2 58 59 1/2 6)
(25/2 67 64 1/2 7)
(13 55 57 1 5)
(13 58 59 1/2 6)
(13 67 64 1/2 7)
(27/2 58 59 1/2 6)
(27/2 67 64 1/2 7)
(14 58 59 1/2 6)
(14 58 59 1 5)
(14 67 64 1/2 7)
(29/2 58 59 1/2 6)
(29/2 67 64 1/2 7)
(15 51 55 2 5)
(15 58 59 1/2 6)
(15 67 64 1/2 7)
(31/2 58 59 1/2 6)
(31/2 67 64 1/2 7)
(16 58 59 1/2 6)
(16 67 64 1/2 7)
(33/2 58 59 1/2 6)
(33/2 67 64 1/2 7)
(17 50 54 1 5)
(17 58 59 1/2 6)
(17 67 64 1/2 7)
(35/2 58 59 1/2 6)
(35/2 67 64 1/2 7)
(18 49 53 6 5)
(18 58 59 1/2 6)
(18 67 64 1/2 7)
(37/2 58 59 1/2 6)
(37/2 67 64 1/2 7)
(37/2 79 71 1 8)
(19 58 59 1/2 6)
(19 67 64 1/2 7)
(39/2 58 59 1/2 6)
(39/2 67 64 1/2 7)
(39/2 79 71 1 8)
(20 58 59 1/2 6)
(20 67 64 1/2 7)
(41/2 58 59 1/2 6)
(41/2 67 64 1/2 7)
(41/2 79 71 1 8)
(21 58 59 1/2 6)
(21 67 64 1/2 7)
(43/2 58 59 1/2 6)
(43/2 67 64 1/2 7)
(43/2 79 71 1 8)
(22 58 59 1/2 6)
(22 67 64 1/2 7)
(45/2 58 59 1/2 6)
(45/2 67 64 1/2 7)
(45/2 79 71 1 8)
(23 58 59 1/2 6)
(23 67 64 1/2 7)
(47/2 58 59 1/2 6)
(47/2 67 64 1/2 7)
(47/2 79 71 7/2 8)
(24 50 54 5 5)
(24 58 59 1 6)
(24 67 64 1/2 7)
(49/2 58 59 1/2 7)
(25 67 64 1/2 7)
(51/2 58 59 1/2 7)
(26 67 64 1/2 7)
(53/2 58 59 1/2 7)
(27 65 63 1/2 7)
(27 68 65 5 6)
(27 80 72 5 8)
(55/2 58 59 1/2 7)
(28 65 63 1/2 7)
(57/2 58 59 1/2 7)
(29 50 54 1 5)
(29 65 63 1/2 7)
(59/2 58 59 1/2 7)
(30 51 55 3 5)
(30 63 62 1/2 7)
(61/2 58 59 1/2 7)
(31 63 62 1/2 7)
(63/2 58 59 1/2 7)
(32 63 62 1/2 7)
(32 67 64 1 6)
(32 79 71 1 8)
(65/2 58 59 1/2 7)
(33 44 51 1 5)
(33 60 60 1/2 7)
(33 65 63 1 6)
(33 77 70 1 8)
(67/2 63 62 1/2 7)
(34 46 52 1 5)
(34 58 59 1/2 7)
(34 67 64 1 6)
(34 79 71 1 8)
(69/2 63 62 1/2 7)
(35 48 53 1 5)
(35 56 58 1/2 7)
(35 68 65 1 6)
(35 80 72 1 8)
(71/2 63 62 1/2 7)
(36 46 52 3 5)
(36 58 59 1/2 7)
(36 67 64 1/2 6)
(36 75 69 3 3)
(36 75 69 3 12)
(36 79 71 1/2 8)
(36 79 71 3 3)
(36 79 71 3 12)
(73/2 63 62 1/2 7)
(73/2 70 66 1/2 6)
(73/2 82 73 1/2 8)
(37 55 57 1/2 7)
(37 68 65 1/2 6)
(37 80 72 1/2 8)
(75/2 58 59 1/2 7)
(75/2 67 64 1/2 6)
(75/2 79 71 1/2 8)
(38 55 57 1/2 7)
(38 65 63 1/2 6)
(38 70 66 2 2)
(38 77 70 1/2 8)
(38 82 73 2 4)
(77/2 58 59 1/2 7)
(77/2 63 62 1/2 6)
(77/2 75 69 1/2 8)
(39 46 52 1 5)
(39 56 58 1/2 7)
(39 62 61 1/2 6)
(39 74 68 1/2 8)
(39 77 70 1 3)
(39 77 70 1 12)
(39 80 72 1 3)
(39 80 72 1 12)
(79/2 58 59 1/2 6)
(79/2 58 59 1/2 7)
(79/2 70 66 1/2 8)
(40 46 52 1 5)
(40 55 57 1/2 7)
(40 63 62 1/2 6)
(40 72 67 1 2)
(40 75 69 1/2 8)
(40 75 69 1 3)
(40 75 69 1 12)
(40 79 71 1 3)
(40 79 71 1 12)
(40 84 74 1 4)
(81/2 58 59 1/2 6)
(81/2 58 59 1/2 7)
(81/2 70 66 1/2 8)
(41 46 52 1 5)
(41 56 58 1/2 6)
(41 62 61 1/2 7)
(41 68 65 1/2 8)
(41 70 66 1 12)
(41 74 68 1 2)
(41 74 68 1 3)
(41 77 70 1 3)
(41 77 70 1 12)
(41 86 75 1 4)
(83/2 53 56 1/2 6)
(83/2 58 59 1/2 7)
(83/2 65 63 1/2 8)
(42 51 55 1 0)
(42 51 55 1 5)
(42 55 57 1/2 6)
(42 63 62 1/2 7)
(42 63 62 1 8)
(42 67 64 1 12)
(42 75 69 1 3)
(42 75 69 1 3)
(42 75 69 2 2)
(42 75 69 2 12)
(42 87 76 2 4)
(85/2 51 55 1/2 6)
(85/2 55 57 1/2 6)
(85/2 58 59 1/2 7)
(43 51 55 1/2 6)
(43 55 57 1/2 6)
(43 58 59 1/2 7)
(87/2 51 55 1/2 6)
(87/2 55 57 1/2 6)
(87/2 58 59 1/2 7)
(44 51 55 1/2 6)
(44 55 57 1/2 6)
(44 58 59 1/2 7)
(44 79 71 1 2)
(44 79 71 1 12)
(44 91 78 1 4)
(89/2 51 55 1/2 6)
(89/2 55 57 1/2 6)
(89/2 58 59 1/2 7)
(45 51 55 1/2 6)
(45 55 57 1/2 6)
(45 58 59 1/2 7)
(45 75 69 2 2)
(45 75 69 2 12)
(45 87 76 2 4)
(91/2 51 55 1/2 6)
(91/2 55 57 1/2 6)
(91/2 58 59 1/2 7)
(46 51 55 1/2 6)
(46 55 57 1/2 6)
(46 58 59 1/2 7)
(93/2 51 55 1/2 6)
(93/2 55 57 1/2 6)
(93/2 58 59 1/2 7)
(47 51 55 1/2 6)
(47 55 57 1/2 6)
(47 58 59 1/2 7)
(47 70 66 1 2)
(47 70 66 1 12)
(47 82 73 1 4)
(95/2 51 55 1/2 6)
(95/2 55 57 1/2 6)
(95/2 58 59 1/2 7)
(48 51 55 1/2 6)
(48 55 57 1/2 6)
(48 58 59 1/2 7)
(48 75 69 1 2)
(48 75 69 1 12)
(48 87 76 1 4)
(97/2 51 55 1/2 6)
(97/2 55 57 1/2 6)
(97/2 58 59 1/2 7)
(49 51 55 1/2 6)
(49 55 57 1/2 6)
(49 58 59 1/2 7)
(49 79 71 1 2)
(49 79 71 1 12)
(99/2 51 55 1/2 6)
(99/2 55 57 1/2 6)
(99/2 58 59 1/2 7)
(50 51 55 1/2 6)
(50 55 57 1/2 6)
(50 58 59 1/2 7)
(50 82 73 1 2)
(50 82 73 1 12)
(101/2 51 55 1/2 6)
(101/2 55 57 1/2 6)
(101/2 58 59 1/2 7)
(51 55 57 1/2 6)
(51 58 59 1/2 7)
(51 75 69 1 2)
(51 75 69 1 12)
(103/2 55 57 1/2 6)
(103/2 58 59 1/2 7)
(52 55 57 1/2 6)
(52 58 59 1/2 6)
(52 61 61 1/2 7)
(105/2 55 57 1/2 6)
(105/2 58 59 1/2 6)
(105/2 61 61 1/2 7)
(53 48 53 1 0)
(53 48 53 1 5)
(53 55 57 1/2 6)
(53 58 59 1/2 6)
(53 60 60 1/2 7)
(53 76 69 1 8)
(107/2 55 57 1/2 6)
(107/2 58 59 1/2 6)
(107/2 60 60 1/2 7)
(54 53 56 1/2 6)
(54 53 56 1 0)
(54 53 56 1 5)
(54 56 58 1/2 6)
(54 60 60 1/2 7)
(54 77 70 1 8)
(109/2 53 56 1/2 6)
(109/2 56 58 1/2 6)
(109/2 60 60 1/2 7)
(55 53 56 1/2 6)
(55 56 58 1/2 6)
(55 56 58 1 0)
(55 56 58 1 5)
(55 60 60 1/2 7)
(55 80 72 1 8)
(111/2 53 56 1/2 6)
(111/2 56 58 1/2 6)
(111/2 60 60 1/2 7)
(56 53 56 1/2 6)
(56 56 58 1/2 6)
(56 60 60 1/2 7)
(56 60 60 1 0)
(56 60 60 1 5)
(56 84 74 1 8)
(113/2 53 56 1/2 6)
(113/2 56 58 1/2 6)
(113/2 60 60 1/2 7)
(57 53 56 1/2 6)
(57 53 56 1 0)
(57 53 56 1 5)
(57 56 58 1/2 6)
(57 60 60 1/2 7)
(57 77 70 1 8)
(115/2 53 56 1/2 6)
(115/2 56 58 1/2 6)
(115/2 60 60 1/2 7)
(58 53 56 1/2 6)
(58 56 58 1/2 6)
(58 61 61 1/2 7)
(117/2 53 56 1/2 6)
(117/2 56 58 1/2 6)
(117/2 61 61 1/2 7)
(59 51 55 1 1)
(59 58 59 1/2 6)
(59 61 61 1/2 6)
(59 63 62 1/2 7)
(59 67 64 1 2)
(59 79 71 1 4)
(119/2 58 59 1/2 6)
(119/2 61 61 1/2 6)
(119/2 63 62 1/2 7)
(60 56 58 1/2 6)
(60 56 58 1 1)
(60 60 60 1/2 6)
(60 63 62 1/2 7)
(60 68 65 1 2)
(60 80 72 1 4)
(121/2 56 58 1/2 6)
(121/2 60 60 1/2 6)
(121/2 63 62 1/2 7)
(61 56 58 1/2 6)
(61 60 60 1/2 6)
(61 60 60 1 1)
(61 63 62 1/2 7)
(61 72 67 1 2)
(61 84 74 1 4)
(123/2 56 58 1/2 6)
(123/2 60 60 1/2 6)
(123/2 63 62 1/2 7)
(62 56 58 1/2 6)
(62 60 60 1/2 6)
(62 63 62 1/2 7)
(62 63 62 1 1)
(62 75 69 1 2)
(62 75 69 1 4)
(62 87 76 1 4)
(125/2 56 58 1/2 6)
(125/2 60 60 1/2 6)
(125/2 63 62 1/2 7)
(63 56 58 1/2 6)
(63 56 58 2 1)
(63 60 60 1/2 6)
(63 63 62 1/2 7)
(63 68 65 2 2)
(63 80 72 2 4)
(127/2 60 60 1/2 6)
(127/2 63 62 1/2 7)
(64 48 53 1 0)
(64 48 53 1 5)
(64 60 60 1/2 6)
(64 63 62 1/2 7)
(64 63 62 1 2)
(64 63 62 1 12)
(64 75 69 1 4)
(64 75 69 1 11)
(64 75 69 1 12)
(129/2 60 60 1/2 6)
(129/2 63 62 1/2 7)
(65 47 53 1 0)
(65 47 53 1 5)
(65 57 58 1 1)
(65 59 60 1/2 6)
(65 63 62 1/2 7)
(65 63 62 1 2)
(65 63 62 1 12)
(65 69 65 1 2)
(65 75 69 1 4)
(65 75 69 1 12)
(65 77 70 1 11)
(65 81 72 1 4)
(65 81 72 1 8)
(131/2 59 60 1/2 6)
(131/2 63 62 1/2 7)
(66 46 52 1/2 5)
(66 46 52 5 0)
(66 58 59 3 1)
(66 58 59 4 6)
(66 58 59 5 1)
(66 58 59 5 12)
(66 62 61 1/2 7)
(66 70 66 2 2)
(66 70 66 2 2)
(66 70 66 3 3)
(66 70 66 5 12)
(66 74 68 3 3)
(66 74 68 5 4)
(66 77 70 1 11)
(66 82 73 2 8)
(66 82 73 5 4)
(133/2 46 52 1/2 5)
(133/2 58 59 1/2 7)
(67 50 54 1/2 5)
(67 62 61 1/2 7)
(135/2 53 56 1/2 5)
(135/2 65 63 1/2 7)
(68 58 59 1/2 5)
(68 65 63 1 2)
(68 70 66 1/2 7)
(68 77 70 1 2)
(68 77 70 1 8)
(137/2 62 61 1/2 5)
(137/2 74 68 1/2 7)
(69 62 61 1 2)
(69 62 61 2 1)
(69 65 63 1 5)
(69 74 68 1 2)
(69 74 68 1 8)
(69 74 68 3 3)
(69 77 70 1 7)
(69 77 70 2 3)
(70 50 54 1 6)
(70 58 59 1 2)
(70 65 63 1 7)
(70 70 66 1 2)
(70 70 66 1 8)
(71 46 52 2 0)
(71 46 52 2 5)
(71 53 56 1 6)
(71 56 58 1 1)
(71 62 61 1 7)
(71 65 63 1 1)
(71 68 65 1 2)
(71 68 65 1 8)
(71 70 66 1 12)
(71 77 70 1 2)
(71 77 70 1 11)
(71 77 70 1 12)
(71 80 72 1 3)
(71 80 72 1 4)
(71 86 75 1 4)
(72 55 57 1 1)
(72 55 57 1 6)
(72 63 62 1 1)
(72 63 62 1 7)
(72 63 62 1 12)
(72 67 64 1 2)
(72 67 64 1 8)
(72 75 69 1 2)
(72 75 69 1 3)
(72 75 69 1 12)
(72 79 71 1 3)
(72 79 71 1 4)
(72 79 71 1 11)
(72 87 76 1 4)
(73 46 52 2 0)
(73 46 52 2 5)
(73 54 57 2 1)
(73 54 57 2 6)
(73 60 60 2 1)
(73 63 62 2 7)
(73 63 62 2 12)
(73 66 64 2 2)
(73 72 67 2 7)
(73 75 69 1 8)
(73 75 69 2 2)
(73 75 69 2 3)
(73 75 69 2 12)
(73 78 71 2 3)
(73 78 71 2 11)
(73 81 72 2 4)
(73 87 76 2 4)
(74 69 65 1 8)
(75 46 52 2 0)
(75 46 52 2 5)
(75 54 57 2 1)
(75 54 57 2 6)
(75 60 60 2 1)
(75 63 62 2 7)
(75 63 62 2 12)
(75 66 64 2 2)
(75 72 67 2 7)
(75 75 69 2 2)
(75 75 69 2 3)
(75 75 69 2 12)
(75 78 71 2 3)
(75 78 71 2 11)
(75 81 72 1 8)
(75 81 72 2 4)
(75 87 76 2 4)
(76 69 65 1 8)
(77 46 52 1 0)
(77 46 52 1 5)
(77 54 57 1 1)
(77 54 57 1 6)
(77 60 60 1 1)
(77 63 62 1 7)
(77 63 62 1 12)
(77 66 64 1 2)
(77 72 67 1 7)
(77 75 69 1 2)
(77 75 69 1 3)
(77 75 69 1 12)
(77 78 71 1 3)
(77 78 71 1 11)
(77 81 72 1 4)
(77 81 72 1 8)
(77 87 76 1 4)
(78 46 52 1/2 5)
(78 46 52 5 0)
(78 53 56 1 1)
(78 53 56 1 6)
(78 58 59 5 12)
(78 62 61 1/2 7)
(78 62 61 1 1)
(78 65 63 1 2)
(78 70 66 1/2 7)
(78 70 66 5 12)
(78 74 68 1 2)
(78 74 68 5 3)
(78 77 70 1 11)
(78 77 70 5 3)
(78 82 73 2 8)
(78 82 73 5 4)
(78 86 75 5 4)
(157/2 46 52 1/2 5)
(157/2 58 59 1/2 7)
(79 50 54 1/2 5)
(79 58 59 3 6)
(79 62 61 1/2 7)
(79 70 66 1 2)
(79 82 73 1 2)
(159/2 53 56 1/2 5)
(159/2 65 63 1/2 7)
(80 58 59 1/2 5)
(80 65 63 1 2)
(80 70 66 1/2 7)
(80 77 70 1 2)
(80 77 70 1 8)
(161/2 62 61 1/2 5)
(161/2 74 68 1/2 7)
(81 62 61 1 2)
(81 65 63 1 5)
(81 74 68 1 2)
(81 74 68 1 8)
(81 77 70 1 7)
(82 50 54 1 6)
(82 58 59 1 2)
(82 70 66 1 2)
(82 70 66 1 8)
(83 46 52 1 0)
(83 46 52 1 5)
(83 58 59 1 1)
(83 58 59 1 6)
(83 58 59 2 7)
(83 58 59 2 12)
(83 62 61 2 1)
(83 62 61 2 8)
(83 65 63 2 2)
(83 70 66 2 2)
(83 70 66 2 11)
(83 70 66 8 8)
(83 74 68 2 3)
(83 77 70 2 3)
(83 77 70 2 12)
(83 82 73 2 4)
(83 82 73 2 4)
(84 44 51 1 0)
(84 44 51 1 5)
(84 56 58 1 1)
(84 56 58 1 6)
(84 65 63 1 7)
(84 70 66 1 8)
(85 56 58 2 0)
(85 56 58 2 1)
(85 56 58 2 5)
(85 58 59 2 7)
(85 58 59 2 12)
(85 62 61 2 1)
(85 65 63 2 2)
(85 65 63 2 7)
(85 68 65 2 6)
(85 70 66 2 11)
(85 74 68 1 8)
(85 74 68 2 2)
(85 74 68 2 3)
(85 77 70 2 3)
(85 77 70 2 12)
(85 82 73 2 4)
(85 86 75 2 4)
(86 70 66 1 8)
(87 56 58 2 0)
(87 56 58 2 1)
(87 56 58 2 5)
(87 58 59 2 7)
(87 58 59 2 12)
(87 62 61 2 1)
(87 65 63 2 2)
(87 65 63 2 7)
(87 68 65 2 6)
(87 70 66 2 11)
(87 74 68 2 2)
(87 74 68 2 3)
(87 77 70 1 8)
(87 77 70 2 3)
(87 77 70 2 12)
(87 82 73 2 4)
(87 86 75 2 4)
(88 70 66 1 8)
(89 56 58 2 0)
(89 56 58 2 1)
(89 56 58 2 5)
(89 58 59 2 7)
(89 58 59 2 12)
(89 62 61 2 1)
(89 65 63 2 2)
(89 68 65 2 6)
(89 70 66 2 11)
(89 70 66 8 8)
(89 74 68 2 2)
(89 74 68 2 3)
(89 77 70 2 3)
(89 77 70 2 12)
(89 82 73 2 4)
(89 86 75 2 4)
(90 65 63 1 7)
(90 82 73 1 8)
(91 55 57 2 0)
(91 55 57 2 1)
(91 55 57 2 5)
(91 58 59 2 7)
(91 58 59 2 12)
(91 63 62 2 1)
(91 63 62 2 7)
(91 67 64 2 2)
(91 67 64 2 6)
(91 75 69 1 8)
(91 75 69 2 2)
(91 75 69 2 3)
(91 75 69 2 11)
(91 79 71 2 3)
(91 79 71 2 12)
(91 82 73 2 4)
(91 87 76 2 4)
(92 70 66 1 8)
(93 55 57 2 0)
(93 55 57 2 1)
(93 55 57 2 5)
(93 58 59 2 7)
(93 58 59 2 12)
(93 63 62 2 1)
(93 63 62 2 7)
(93 67 64 2 2)
(93 67 64 2 6)
(93 75 69 2 2)
(93 75 69 2 3)
(93 75 69 2 11)
(93 79 71 1 8)
(93 79 71 2 3)
(93 79 71 2 12)
(93 82 73 2 4)
(93 87 76 2 4)
(94 70 66 1 8)
(95 55 57 2 0)
(95 55 57 2 1)
(95 55 57 2 5)
(95 58 59 2 7)
(95 58 59 2 12)
(95 63 62 2 1)
(95 67 64 2 2)
(95 67 64 2 6)
(95 70 66 5 8)
(95 75 69 2 2)
(95 75 69 2 3)
(95 75 69 2 11)
(95 79 71 2 3)
(95 79 71 2 12)
(95 82 73 2 4)
(95 87 76 2 4)
(96 63 62 1 7)
(96 82 73 1 8)
(97 56 58 1 0)
(97 56 58 1 1)
(97 56 58 1 5)
(97 58 59 1 7)
(97 58 59 1 12)
(97 62 61 1 1)
(97 62 61 1 7)
(97 65 63 1 2)
(97 68 65 1 6)
(97 70 66 1 8)
(97 70 66 1 11)
(97 74 68 1 2)
(97 74 68 1 3)
(97 77 70 1 3)
(97 77 70 1 12)
(97 82 73 1 4)
(97 86 75 1 4)
(98 56 58 2 0)
(98 56 58 2 1)
(98 56 58 2 5)
(98 58 59 2 7)
(98 58 59 2 12)
(98 62 61 2 1)
(98 65 63 1 2)
(98 68 65 2 6)
(98 70 66 2 11)
(98 70 66 5 8)
(98 74 68 2 2)
(98 74 68 2 3)
(98 77 70 2 3)
(98 77 70 2 12)
(98 82 73 2 4)
(98 86 75 2 4)
(99 62 61 1 7)
(99 70 66 1 2)
(99 82 73 1 8)
(100 55 57 1 0)
(100 55 57 1 1)
(100 55 57 1 5)
(100 58 59 1 7)
(100 58 59 1 12)
(100 63 62 1 1)
(100 63 62 1 7)
(100 67 64 1 6)
(100 70 66 1 2)
(100 70 66 1 8)
(100 75 69 1 2)
(100 75 69 1 3)
(100 75 69 1 11)
(100 79 71 1 3)
(100 79 71 1 12)
(100 82 73 1 4)
(100 87 76 1 4)
(101 55 57 1 0)
(101 55 57 1 1)
(101 55 57 1 5)
(101 58 59 1 12)
(101 58 59 5/4 7)
(101 63 62 1 1)
(101 63 62 1 7)
(101 67 64 1 6)
(101 70 66 2 2)
(101 75 69 1 2)
(101 75 69 1 3)
(101 75 69 1 11)
(101 79 71 1 3)
(101 79 71 1 12)
(101 82 73 2 4)
(101 87 76 1 4)
(102 53 56 1/2 0)
(102 53 56 1/2 5)
(102 56 58 1 1)
(102 58 59 4 12)
(102 62 61 1/4 6)
(102 62 61 1 1)
(102 68 65 1/4 7)
(102 70 66 4 11)
(102 74 68 1 2)
(102 74 68 1 3)
(102 80 72 1 3)
(102 80 72 4 12)
(102 82 73 1 8)
(102 86 75 1 4)
(409/4 65 63 1/4 6)
(409/4 80 72 1/4 7)
(205/2 53 56 1/2 0)
(205/2 53 56 1/2 5)
(205/2 65 63 1/4 6)
(205/2 80 72 1/4 7)
(411/4 65 63 1/4 6)
(411/4 80 72 1/4 7)
(103 46 52 1/2 1)
(103 46 52 1/2 1)
(103 53 56 1/2 0)
(103 53 56 1/2 5)
(103 58 59 1/2 2)
(103 58 59 1/2 2)
(103 65 63 1/4 6)
(103 70 66 1/4 8)
(103 70 66 1/2 3)
(103 70 66 1/2 3)
(103 70 66 1/2 4)
(103 70 66 1/2 4)
(103 80 72 1/4 7)
(413/4 65 63 1/4 6)
(413/4 70 66 1/4 8)
(413/4 80 72 1/4 7)
(207/2 48 53 1/2 1)
(207/2 48 53 1/2 1)
(207/2 53 56 1/2 0)
(207/2 53 56 1/2 5)
(207/2 60 60 1/2 2)
(207/2 60 60 1/2 2)
(207/2 63 62 1/4 6)
(207/2 72 67 1/4 8)
(207/2 72 67 1/2 3)
(207/2 72 67 1/2 3)
(207/2 72 67 1/2 4)
(207/2 72 67 1/2 4)
(207/2 79 71 1/4 7)
(415/4 63 62 1/4 6)
(415/4 72 67 1/4 8)
(415/4 79 71 1/4 7)
(104 50 54 1/2 1)
(104 50 54 1/2 1)
(104 53 56 1/2 0)
(104 53 56 1/2 5)
(104 62 61 1/4 6)
(104 62 61 1/2 2)
(104 62 61 1/2 2)
(104 74 68 1/4 8)
(104 74 68 1/2 3)
(104 74 68 1/2 3)
(104 74 68 1/2 4)
(104 74 68 1/2 4)
(104 77 70 1/4 7)
(417/4 62 61 1/4 6)
(417/4 74 68 1/4 8)
(417/4 77 70 1/4 7)
(209/2 51 55 1/2 1)
(209/2 51 55 1/2 1)
(209/2 53 56 1/2 0)
(209/2 53 56 1/2 5)
(209/2 60 60 1/4 6)
(209/2 63 62 1/2 2)
(209/2 63 62 1/2 2)
(209/2 75 69 1/4 7)
(209/2 75 69 1/4 8)
(209/2 75 69 1/2 3)
(209/2 75 69 1/2 3)
(209/2 75 69 1/2 4)
(209/2 75 69 1/2 4)
(419/4 60 60 1/4 6)
(419/4 75 69 1/4 7)
(419/4 75 69 1/4 8)
(105 46 52 1/2 0)
(105 46 52 1/2 5)
(105 53 56 1/2 1)
(105 53 56 1/2 1)
(105 58 59 1/4 6)
(105 65 63 1/2 2)
(105 65 63 1/2 2)
(105 74 68 1/4 7)
(105 77 70 1/4 8)
(105 77 70 1/2 3)
(105 77 70 1/2 3)
(105 77 70 1/2 4)
(105 77 70 1/2 4)
(421/4 58 59 1/4 6)
(421/4 74 68 1/4 7)
(421/4 77 70 1/4 8)
(211/2 55 57 1/2 1)
(211/2 55 57 1/2 1)
(211/2 56 58 1/4 6)
(211/2 58 59 1/2 0)
(211/2 58 59 1/2 5)
(211/2 67 64 1/2 2)
(211/2 67 64 1/2 2)
(211/2 72 67 1/4 7)
(211/2 79 71 1/4 8)
(211/2 79 71 1/2 3)
(211/2 79 71 1/2 3)
(211/2 79 71 1/2 4)
(211/2 79 71 1/2 4)
(423/4 56 58 1/4 6)
(423/4 72 67 1/4 7)
(423/4 79 71 1/4 8)
(106 55 57 1/4 6)
(106 56 58 1/2 1)
(106 56 58 1/2 1)
(106 58 59 1/2 0)
(106 58 59 1/2 5)
(106 68 65 1/2 2)
(106 68 65 1/2 2)
(106 68 65 1/2 3)
(106 68 65 1/2 3)
(106 70 66 1/4 7)
(106 70 66 1 12)
(106 77 70 1 11)
(106 80 72 1/4 8)
(106 80 72 1/2 4)
(106 80 72 1/2 4)
(106 80 72 1 12)
(425/4 55 57 1/4 6)
(425/4 70 66 1/4 7)
(425/4 80 72 1/4 8)
(213/2 53 56 1/4 6)
(213/2 58 59 1/2 0)
(213/2 58 59 1/2 1)
(213/2 58 59 1/2 1)
(213/2 58 59 1/2 5)
(213/2 68 65 1/4 7)
(213/2 70 66 1/2 2)
(213/2 70 66 1/2 2)
(213/2 70 66 1/2 3)
(213/2 70 66 1/2 3)
(213/2 82 73 1/4 8)
(213/2 82 73 1/2 4)
(213/2 82 73 1/2 4)
(427/4 53 56 1/4 6)
(427/4 68 65 1/4 7)
(427/4 82 73 1/4 8)
(107 51 55 1/4 6)
(107 58 59 1/2 0)
(107 58 59 1/2 5)
(107 60 60 1/2 1)
(107 60 60 1/2 1)
(107 67 64 1/4 7)
(107 70 66 1 12)
(107 72 67 1/2 2)
(107 72 67 1/2 2)
(107 72 67 1/2 3)
(107 72 67 1/2 3)
(107 77 70 1 11)
(107 80 72 1 12)
(107 84 74 1/4 8)
(107 84 74 1/2 4)
(107 84 74 1/2 4)
(429/4 51 55 1/4 6)
(429/4 67 64 1/4 7)
(429/4 84 74 1/4 8)
(215/2 56 58 1/4 6)
(215/2 58 59 1/2 0)
(215/2 58 59 1/2 5)
(215/2 62 61 1/2 1)
(215/2 62 61 1/2 1)
(215/2 65 63 1/4 7)
(215/2 74 68 1/2 2)
(215/2 74 68 1/2 2)
(215/2 74 68 1/2 3)
(215/2 74 68 1/2 3)
(215/2 86 75 1/4 8)
(215/2 86 75 1/2 4)
(215/2 86 75 1/2 4)
(431/4 56 58 1/4 6)
(431/4 65 63 1/4 7)
(431/4 86 75 1/4 8)
(108 51 55 1 9)
(108 51 55 2 0)
(108 51 55 2 1)
(108 51 55 2 5)
(108 55 57 1 6)
(108 63 62 1/4 7)
(108 63 62 2 1)
(108 63 62 2 10)
(108 63 62 2 10)
(108 70 66 1 12)
(108 75 69 2 2)
(108 75 69 2 2)
(108 75 69 2 3)
(108 75 69 2 3)
(108 75 69 2 11)
(108 79 71 1 12)
(108 87 76 1/4 8)
(108 87 76 2 4)
(108 87 76 2 4)
(433/4 70 66 1/4 7)
(433/4 79 71 1/4 7)
(433/4 87 76 1/4 8)
(217/2 70 66 1/4 7)
(217/2 79 71 1/4 7)
(217/2 87 76 1/4 8)
(435/4 70 66 1/4 7)
(435/4 79 71 1/4 7)
(435/4 87 76 1/4 8)
(109 63 62 1 6)
(109 63 62 1 12)
(109 70 66 1/4 7)
(109 75 69 1 12)
(109 79 71 1/4 7)
(109 87 76 1/4 8)
(437/4 70 66 1/4 7)
(437/4 79 71 1/4 7)
(437/4 87 76 1/4 8)
(219/2 70 66 1/4 7)
(219/2 79 71 1/4 7)
(219/2 87 76 1/4 8)
(439/4 70 66 1/4 7)
(439/4 79 71 1/4 7)
(439/4 87 76 1/4 8)
(110 55 57 1 0)
(110 55 57 1 1)
(110 55 57 1 5)
(110 67 64 1 1)
(110 67 64 1 6)
(110 67 64 1 10)
(110 67 64 1 10)
(110 67 64 1 12)
(110 70 66 1/4 7)
(110 79 71 1/4 7)
(110 79 71 1 2)
(110 79 71 1 2)
(110 79 71 1 3)
(110 79 71 1 3)
(110 79 71 1 4)
(110 79 71 1 11)
(110 79 71 1 12)
(110 87 76 1/4 8)
(110 91 78 1 4)
(441/4 70 66 1/4 7)
(441/4 79 71 1/4 7)
(441/4 87 76 1/4 8)
(221/2 70 66 1/4 7)
(221/2 79 71 1/4 7)
(221/2 87 76 1/4 8)
(443/4 70 66 1/4 7)
(443/4 79 71 1/4 7)
(443/4 87 76 1/4 8)
(111 51 55 1 9)
(111 51 55 2 0)
(111 51 55 2 1)
(111 51 55 2 5)
(111 63 62 2 1)
(111 63 62 2 6)
(111 63 62 2 10)
(111 63 62 2 12)
(111 70 66 1/4 7)
(111 75 69 2 2)
(111 75 69 2 2)
(111 75 69 2 3)
(111 75 69 2 3)
(111 75 69 2 4)
(111 75 69 2 11)
(111 75 69 2 12)
(111 79 71 1/4 7)
(111 87 76 1/4 8)
(111 87 76 2 4)
(445/4 70 66 1/4 7)
(445/4 79 71 1/4 7)
(445/4 87 76 1/4 8)
(223/2 70 66 1/4 7)
(223/2 79 71 1/4 7)
(223/2 87 76 1/4 8)
(447/4 70 66 1/4 7)
(447/4 79 71 1/4 7)
(447/4 87 76 1/4 8)
(112 70 66 1/4 7)
(112 79 71 1/4 7)
(112 87 76 1/4 8)
(449/4 70 66 1/4 7)
(449/4 79 71 1/4 7)
(449/4 87 76 1/4 8)
(225/2 70 66 1/4 7)
(225/2 79 71 1/4 7)
(225/2 87 76 1/4 8)
(451/4 70 66 1/4 7)
(451/4 79 71 1/4 7)
(451/4 87 76 1/4 8)
(113 46 52 1 0)
(113 46 52 1 1)
(113 46 52 1 5)
(113 46 52 1 9)
(113 58 59 1 1)
(113 58 59 1 6)
(113 58 59 1 10)
(113 58 59 1 12)
(113 70 66 1/4 7)
(113 70 66 1 2)
(113 70 66 1 2)
(113 70 66 1 3)
(113 70 66 1 3)
(113 70 66 1 4)
(113 70 66 1 11)
(113 70 66 1 12)
(113 79 71 1/4 7)
(113 82 73 1 4)
(113 87 76 1/4 8)
(453/4 70 66 1/4 7)
(453/4 79 71 1/4 7)
(453/4 87 76 1/4 8)
(227/2 70 66 1/4 7)
(227/2 79 71 1/4 7)
(227/2 87 76 1/4 8)
(455/4 70 66 1/4 7)
(455/4 79 71 1/4 7)
(455/4 87 76 1/4 8)
(114 51 55 1 0)
(114 51 55 1 1)
(114 51 55 1 5)
(114 51 55 1 9)
(114 63 62 1 1)
(114 63 62 1 6)
(114 63 62 1 10)
(114 63 62 1 12)
(114 70 66 1/4 7)
(114 75 69 1 2)
(114 75 69 1 2)
(114 75 69 1 3)
(114 75 69 1 3)
(114 75 69 1 4)
(114 75 69 1 11)
(114 75 69 1 12)
(114 79 71 1/4 7)
(114 87 76 1/4 8)
(114 87 76 1 4)
(457/4 70 66 1/4 7)
(457/4 79 71 1/4 7)
(457/4 87 76 1/4 8)
(229/2 70 66 1/4 7)
(229/2 79 71 1/4 7)
(229/2 87 76 1/4 8)
(459/4 70 66 1/4 7)
(459/4 79 71 1/4 7)
(459/4 87 76 1/4 8)
(115 51 55 1 9)
(115 55 57 1 0)
(115 55 57 1 1)
(115 55 57 1 1)
(115 55 57 1 5)
(115 67 64 1 6)
(115 67 64 1 10)
(115 67 64 1 12)
(115 70 66 1/4 7)
(115 70 66 1 3)
(115 79 71 1/4 7)
(115 79 71 1 2)
(115 79 71 1 2)
(115 79 71 1 11)
(115 79 71 1 12)
(115 82 73 1 3)
(115 87 76 1/4 8)
(115 87 76 1 4)
(115 91 78 1 4)
(461/4 70 66 1/4 7)
(461/4 79 71 1/4 7)
(461/4 87 76 1/4 8)
(231/2 70 66 1/4 7)
(231/2 79 71 1/4 7)
(231/2 87 76 1/4 8)
(463/4 70 66 1/4 7)
(463/4 79 71 1/4 7)
(463/4 87 76 1/4 8)
(116 51 55 1 9)
(116 58 59 1 0)
(116 58 59 1 1)
(116 58 59 1 1)
(116 58 59 1 5)
(116 70 66 1/4 7)
(116 70 66 1 3)
(116 70 66 1 6)
(116 70 66 1 10)
(116 70 66 1 12)
(116 79 71 1/4 7)
(116 79 71 1 11)
(116 82 73 1 2)
(116 82 73 1 2)
(116 82 73 1 3)
(116 82 73 1 12)
(116 87 76 1/4 8)
(116 87 76 1 4)
(116 91 78 1 4)
(465/4 70 66 1/4 7)
(465/4 79 71 1/4 7)
(465/4 87 76 1/4 8)
(233/2 70 66 1/4 7)
(233/2 79 71 1/4 7)
(233/2 87 76 1/4 8)
(467/4 70 66 1/4 7)
(467/4 79 71 1/4 7)
(467/4 87 76 1/4 8)
(117 51 55 1 9)
(117 51 55 2 0)
(117 51 55 2 1)
(117 51 55 2 1)
(117 51 55 2 5)
(117 63 62 2 6)
(117 63 62 2 10)
(117 63 62 2 12)
(117 70 66 1/4 7)
(117 70 66 2 3)
(117 75 69 2 2)
(117 75 69 2 2)
(117 75 69 2 12)
(117 79 71 1/4 7)
(117 79 71 2 11)
(117 82 73 2 3)
(117 87 76 1/4 8)
(117 87 76 4 4)
(117 91 78 4 4)
(469/4 70 66 1/4 7)
(469/4 79 71 1/4 7)
(469/4 87 76 1/4 8)
(235/2 70 66 1/4 7)
(235/2 79 71 1/4 7)
(235/2 87 76 1/4 8)
(471/4 70 66 1/4 7)
(471/4 79 71 1/4 7)
(471/4 87 76 1/4 8)
(118 70 66 1/4 7)
(118 79 71 1/4 7)
(118 87 76 1/4 8)
(473/4 70 66 1/4 7)
(473/4 79 71 1/4 7)
(473/4 87 76 1/4 8)
(237/2 70 66 1/4 7)
(237/2 79 71 1/4 7)
(237/2 87 76 1/4 8)
(475/4 70 66 1/4 7)
(475/4 79 71 1/4 7)
(475/4 87 76 1/4 8)
(119 43 50 1 0)
(119 43 50 1 1)
(119 43 50 1 5)
(119 51 55 1 9)
(119 55 57 1 1)
(119 55 57 1 6)
(119 67 64 1 10)
(119 67 64 1 12)
(119 71 66 1/4 7)
(119 71 66 1 3)
(119 75 69 2 2)
(119 79 71 1/4 7)
(119 79 71 1 11)
(119 79 71 1 12)
(119 79 71 2 2)
(119 83 73 1 3)
(119 87 76 1/4 8)
(477/4 71 66 1/4 7)
(477/4 79 71 1/4 7)
(477/4 87 76 1/4 8)
(239/2 71 66 1/4 7)
(239/2 79 71 1/4 7)
(239/2 87 76 1/4 8)
(479/4 71 66 1/4 7)
(479/4 79 71 1/4 7)
(479/4 87 76 1/4 8)
(120 48 53 1 0)
(120 48 53 1 1)
(120 48 53 1 5)
(120 51 55 1 9)
(120 60 60 1 1)
(120 60 60 1 6)
(120 67 64 1 10)
(120 67 64 1 12)
(120 72 67 1/4 7)
(120 72 67 1 3)
(120 75 69 1 11)
(120 79 71 1/4 7)
(120 79 71 1 12)
(120 84 74 1 3)
(120 87 76 1/4 8)
(481/4 72 67 1/4 7)
(481/4 79 71 1/4 7)
(481/4 87 76 1/4 8)
(241/2 72 67 1/4 7)
(241/2 79 71 1/4 7)
(241/2 87 76 1/4 8)
(483/4 72 67 1/4 7)
(483/4 79 71 1/4 7)
(483/4 87 76 1/4 8)
(121 51 55 1 0)
(121 51 55 1 1)
(121 51 55 1 5)
(121 51 55 1 9)
(121 63 62 1 1)
(121 63 62 1 6)
(121 67 64 1 10)
(121 67 64 1 12)
(121 72 67 1/4 7)
(121 72 67 1 3)
(121 75 69 1 2)
(121 75 69 1 11)
(121 79 71 1/4 7)
(121 79 71 1 2)
(121 79 71 1 12)
(121 84 74 1 3)
(121 87 76 1/4 8)
(121 87 76 1 4)
(121 91 78 1 4)
(485/4 72 67 1/4 7)
(485/4 79 71 1/4 7)
(485/4 87 76 1/4 8)
(243/2 72 67 1/4 7)
(243/2 79 71 1/4 7)
(243/2 87 76 1/4 8)
(487/4 72 67 1/4 7)
(487/4 79 71 1/4 7)
(487/4 87 76 1/4 8)
(122 51 55 1 9)
(122 55 57 1 0)
(122 55 57 1 1)
(122 55 57 1 5)
(122 67 64 1 1)
(122 67 64 1 6)
(122 67 64 1 10)
(122 67 64 1 12)
(122 72 67 1/4 7)
(122 72 67 1 3)
(122 75 69 1 2)
(122 75 69 1 11)
(122 79 71 1/4 7)
(122 79 71 1 2)
(122 79 71 1 12)
(122 84 74 1 3)
(122 87 76 1/4 8)
(122 87 76 1 4)
(122 91 78 1 4)
(489/4 72 67 1/4 7)
(489/4 79 71 1/4 7)
(489/4 87 76 1/4 8)
(245/2 72 67 1/4 7)
(245/2 79 71 1/4 7)
(245/2 87 76 1/4 8)
(491/4 72 67 1/4 7)
(491/4 79 71 1/4 7)
(491/4 87 76 1/4 8)
(123 48 53 2 0)
(123 48 53 2 1)
(123 48 53 2 5)
(123 51 55 1 9)
(123 60 60 2 1)
(123 60 60 2 6)
(123 67 64 2 10)
(123 67 64 2 12)
(123 72 67 1/4 7)
(123 72 67 2 3)
(123 75 69 2 2)
(123 75 69 2 11)
(123 79 71 1/4 7)
(123 79 71 2 12)
(123 79 71 3 2)
(123 84 74 2 3)
(123 87 76 1/4 8)
(123 87 76 2 4)
(123 91 78 2 4)
(493/4 72 67 1/4 7)
(493/4 79 71 1/4 7)
(493/4 87 76 1/4 8)
(247/2 72 67 1/4 7)
(247/2 79 71 1/4 7)
(247/2 87 76 1/4 8)
(495/4 72 67 1/4 7)
(495/4 79 71 1/4 7)
(495/4 87 76 1/4 8)
(124 72 67 1/4 7)
(124 79 71 1/4 7)
(124 87 76 1/4 8)
(497/4 72 67 1/4 7)
(497/4 79 71 1/4 7)
(497/4 87 76 1/4 8)
(249/2 72 67 1/4 7)
(249/2 79 71 1/4 7)
(249/2 87 76 1/4 8)
(499/4 72 67 1/4 7)
(499/4 79 71 1/4 7)
(499/4 87 76 1/4 8)
(125 39 48 1 0)
(125 39 48 1 5)
(125 51 55 1 1)
(125 51 55 1 9)
(125 61 61 1/4 6)
(125 61 61 1 1)
(125 63 62 1 10)
(125 63 62 1 12)
(125 70 66 1/4 7)
(125 73 68 1 2)
(125 73 68 1 11)
(125 75 69 1 3)
(125 75 69 1 10)
(125 75 69 1 12)
(125 79 71 1/4 7)
(125 82 73 1 3)
(125 85 75 1 4)
(125 87 76 1/4 8)
(125 91 78 1 4)
(501/4 61 61 1/4 6)
(501/4 70 66 1/4 7)
(501/4 79 71 1/4 7)
(501/4 87 76 1/4 8)
(251/2 61 61 1/4 6)
(251/2 70 66 1/4 7)
(251/2 79 71 1/4 7)
(251/2 87 76 1/4 8)
(503/4 61 61 1/4 6)
(503/4 70 66 1/4 7)
(503/4 79 71 1/4 7)
(503/4 87 76 1/4 8)
(126 44 51 1/2 0)
(126 44 51 1/2 5)
(126 51 55 3 9)
(126 56 58 3 1)
(126 60 60 1/4 6)
(126 60 60 7/2 1)
(126 63 62 3 10)
(126 63 62 3 12)
(126 72 67 1/4 7)
(126 72 67 1 11)
(126 72 67 7/2 2)
(126 75 69 3 3)
(126 75 69 3 10)
(126 75 69 3 12)
(126 80 72 1/4 7)
(126 80 72 1 2)
(126 80 72 3 3)
(126 84 74 7/2 4)
(126 87 76 1/4 8)
(126 92 79 1 4)
(505/4 60 60 1/4 6)
(505/4 72 67 1/4 7)
(505/4 87 76 1/4 8)
(253/2 56 58 1/2 0)
(253/2 56 58 1/2 5)
(253/2 60 60 1/4 6)
(253/2 72 67 1/4 7)
(253/2 87 76 1/4 8)
(507/4 60 60 1/4 6)
(507/4 72 67 1/4 7)
(507/4 87 76 1/4 8)
(127 56 58 1/2 0)
(127 56 58 1/2 5)
(127 60 60 1/4 6)
(127 72 67 1/4 7)
(127 75 69 1 2)
(127 75 69 1 11)
(127 87 76 1/4 8)
(127 87 76 1 4)
(509/4 60 60 1/4 6)
(509/4 72 67 1/4 7)
(509/4 87 76 1/4 8)
(255/2 56 58 1/2 0)
(255/2 56 58 1/2 5)
(255/2 60 60 1/4 6)
(255/2 72 67 1/4 7)
(255/2 87 76 1/4 8)
(511/4 60 60 1/4 6)
(511/4 72 67 1/4 7)
(511/4 87 76 1/4 8)
(128 56 58 1/2 0)
(128 56 58 1/2 5)
(128 60 60 1/4 6)
(128 72 67 1/4 7)
(128 75 69 1 2)
(128 75 69 1 11)
(128 87 76 1/4 8)
(128 87 76 1 4)
(513/4 60 60 1/4 6)
(513/4 72 67 1/4 7)
(513/4 87 76 1/4 8)
(257/2 56 58 1/2 0)
(257/2 56 58 1/2 5)
(257/2 60 60 1/4 6)
(257/2 72 67 1/4 7)
(257/2 87 76 1/4 8)
(515/4 60 60 1/4 6)
(515/4 72 67 1/4 7)
(515/4 87 76 1/4 8)
(129 46 52 3 9)
(129 54 57 1/2 0)
(129 54 57 1/2 5)
(129 54 57 3 1)
(129 58 59 3 10)
(129 58 59 3 12)
(129 60 60 1/4 6)
(129 70 66 3 10)
(129 70 66 3 11)
(129 70 66 3 12)
(129 72 67 1/4 7)
(129 76 69 1 3)
(129 76 69 3 2)
(129 82 73 1 3)
(129 88 76 1/4 8)
(129 88 76 3 4)
(517/4 60 60 1/4 6)
(517/4 72 67 1/4 7)
(517/4 88 76 1/4 8)
(259/2 54 57 1/2 0)
(259/2 54 57 1/2 5)
(259/2 58 59 1/4 6)
(259/2 58 59 1/2 1)
(259/2 70 66 1/4 7)
(259/2 70 66 1/2 2)
(259/2 82 73 1/2 4)
(259/2 88 76 1/4 8)
(519/4 58 59 1/4 6)
(519/4 70 66 1/4 7)
(519/4 88 76 1/4 8)
(130 54 57 1/2 0)
(130 54 57 1/2 5)
(130 57 58 1/4 6)
(130 57 58 1/2 1)
(130 69 65 1/4 7)
(130 69 65 1/2 2)
(130 81 72 1/2 4)
(130 88 76 1/4 8)
(521/4 57 58 1/4 6)
(521/4 69 65 1/4 7)
(521/4 88 76 1/4 8)
(261/2 54 57 1/2 0)
(261/2 54 57 1/2 5)
(261/2 58 59 1/4 6)
(261/2 58 59 1/2 1)
(261/2 70 66 1/4 7)
(261/2 70 66 1/2 2)
(261/2 82 73 1/2 4)
(261/2 88 76 1/4 8)
(523/4 58 59 1/4 6)
(523/4 70 66 1/4 7)
(523/4 88 76 1/4 8)
(131 54 57 1/2 0)
(131 54 57 1/2 5)
(131 60 60 1/4 6)
(131 60 60 1/2 1)
(131 72 67 1/4 7)
(131 72 67 1/2 2)
(131 84 74 1/2 4)
(131 88 76 1/4 8)
(525/4 60 60 1/4 6)
(525/4 72 67 1/4 7)
(525/4 88 76 1/4 8)
(263/2 54 57 1/2 0)
(263/2 54 57 1/2 5)
(263/2 58 59 1/4 6)
(263/2 58 59 1/2 1)
(263/2 70 66 1/4 7)
(263/2 70 66 1/2 2)
(263/2 82 73 1/2 4)
(263/2 88 76 1/4 8)
(527/4 58 59 1/4 6)
(527/4 70 66 1/4 7)
(527/4 88 76 1/4 8)
(132 53 56 1 0)
(132 53 56 1 1)
(132 53 56 1 5)
(132 57 58 1/2 6)
(132 57 58 1 1)
(132 69 65 1/2 7)
(132 69 65 1 2)
(132 77 70 1 2)
(132 77 70 1 10)
(132 77 70 1 10)
(132 77 70 1 11)
(132 77 70 1 12)
(132 77 70 1 12)
(132 81 72 1 4)
(132 89 77 1 4)
(132 89 77 1 8)
(265/2 53 56 1/2 6)
(265/2 57 58 1/2 7)
(133 57 58 1/2 6)
(133 60 60 1/2 7)
(133 79 71 3/2 3)
(267/2 53 56 1/2 6)
(267/2 57 58 1/2 7)
(134 57 58 1/2 6)
(134 60 60 1/2 7)
(269/2 53 56 1/2 6)
(269/2 57 58 1/2 7)
(269/2 77 70 1/2 3)
(135 57 58 1/2 6)
(135 60 60 1/2 7)
(135 76 69 1 3)
(271/2 53 56 1/2 6)
(271/2 57 58 1/2 7)
(136 57 58 1/2 6)
(136 60 60 1/2 7)
(136 77 70 3/2 2)
(273/2 53 56 1/2 6)
(273/2 57 58 1/2 7)
(137 57 58 1/2 6)
(137 60 60 1/2 7)
(275/2 53 56 1/2 6)
(275/2 57 58 1/2 7)
(275/2 75 69 1/2 2)
(138 41 49 1 0)
(138 41 49 1 5)
(138 57 58 1/2 6)
(138 60 60 1/2 7)
(138 72 67 1 2)
(138 77 70 4 12)
(138 77 70 4 12)
(277/2 53 56 1/2 6)
(277/2 57 58 1/2 7)
(139 45 51 1 0)
(139 45 51 1 5)
(139 57 58 1/2 6)
(139 60 60 1/2 7)
(139 87 76 3/2 4)
(279/2 53 56 1/2 6)
(279/2 57 58 1/2 7)
(140 48 53 1 0)
(140 48 53 1 5)
(140 57 58 1/2 6)
(140 60 60 1/2 7)
(281/2 53 56 1/2 6)
(281/2 57 58 1/2 7)
(281/2 84 74 1/2 4)
(141 53 56 1 0)
(141 53 56 1 5)
(141 57 58 1/2 6)
(141 60 60 1/2 7)
(141 81 72 1 4)
(283/2 53 56 1/2 6)
(283/2 57 58 1/2 7)
(142 57 58 1/2 6)
(142 57 58 1 0)
(142 57 58 1 5)
(142 60 60 1/2 7)
(142 77 70 1 12)
(142 77 70 1 12)
(142 84 74 3/2 8)
(285/2 53 56 1/2 6)
(285/2 57 58 1/2 7)
(143 57 58 1/2 6)
(143 60 60 1/2 7)
(143 60 60 1 0)
(143 60 60 1 5)
(143 77 70 1 12)
(143 77 70 1 12)
(287/2 53 56 1/2 6)
(287/2 57 58 1/2 7)
(287/2 75 69 1/2 8)
(144 53 56 1 0)
(144 53 56 1 5)
(144 58 59 1/2 6)
(144 62 61 1/2 7)
(144 74 68 1 8)
(144 77 70 1 12)
(144 77 70 1 12)
(289/2 53 56 1/2 6)
(289/2 58 59 1/2 7)
(145 58 59 1/2 6)
(145 62 61 1/2 7)
(145 79 71 3/2 3)
(291/2 53 56 1/2 6)
(291/2 58 59 1/2 7)
(146 58 59 1/2 6)
(146 62 61 1/2 7)
(293/2 53 56 1/2 6)
(293/2 58 59 1/2 7)
(293/2 77 70 1/2 3)
(147 58 59 1/2 6)
(147 62 61 1/2 7)
(147 76 69 1 3)
(295/2 53 56 1/2 6)
(295/2 58 59 1/2 7)
(148 58 59 1/2 6)
(148 62 61 1/2 7)
(148 77 70 3/2 2)
(297/2 53 56 1/2 6)
(297/2 58 59 1/2 7)
(149 58 59 1/2 6)
(149 62 61 1/2 7)
(299/2 53 56 1/2 6)
(299/2 58 59 1/2 7)
(299/2 74 68 1/2 2)
