(-1 71 66 1 0)
(0 40 48 1 1)
(0 69 65 3/4 0)
(3/4 67 64 1/4 0)
(1 55 57 1 1)
(1 59 59 1 1)
(1 66 63 1 0)
(2 55 57 1 1)
(2 59 59 1 1)
(2 64 62 1 0)
(3 45 51 1 1)
(3 74 68 2 0)
(4 57 58 1 1)
(4 60 60 1 1)
(4 64 62 1 1)
(5 57 58 1 1)
(5 60 60 1 1)
(5 64 62 1 1)
(5 72 67 1 0)
(6 50 54 3 1)
(6 60 60 1 1)
(6 64 62 1 1)
(6 71 66 3/4 0)
(27/4 69 65 1/4 0)
(7 59 59 1 1)
(7 62 61 1 1)
(7 64 62 1/2 0)
(15/2 66 63 1/2 0)
(8 57 58 1 1)
(8 60 60 1 1)
(8 62 61 1 0)
(9 43 50 1 1)
(9 67 64 2 0)
(9 72 67 2 0)
(10 55 57 1 1)
(10 62 61 1 1)
(11 71 66 3/2 0)
(12 47 52 1 1)
(51/4 71 66 1/4 0)
(51/4 72 67 1/4 0)
(13 59 59 1 1)
(13 66 63 1 1)
(13 69 65 1 1)
(13 71 66 1/2 0)
(13 73 67 1/2 0)
(27/2 71 66 1/2 0)
(27/2 74 68 1/2 0)
(14 59 59 1 1)
(14 66 63 1 1)
(14 69 65 1 1)
(14 71 66 3/2 0)
(14 75 68 1 0)
(15 52 55 1 1)
(15 76 69 1/2 0)
(63/4 78 70 1/4 0)
(16 59 59 1 1)
(16 67 64 1 1)
(16 79 71 1/2 0)
(33/2 84 74 1/2 0)
(17 59 59 1 1)
(17 67 64 1 1)
(17 83 73 1 0)
(18 52 55 3 1)
(18 82 72 1/2 0)
(75/4 78 70 1/4 0)
(19 58 58 1 1)
(19 61 60 1 1)
(19 66 63 1 1)
(19 82 72 1/2 0)
(79/4 81 72 1/4 0)
(20 57 58 1 1)
(20 60 60 1 1)
(20 66 63 1 1)
(20 78 70 1 0)
(21 52 55 3 1)
(21 81 72 1/2 0)
(87/4 78 70 1/4 0)
(22 57 58 1 1)
(22 63 61 1 1)
(22 81 72 1/2 0)
(91/4 79 71 1/4 0)
(23 55 57 1 1)
(23 64 62 1 1)
(23 76 69 1 0)
(24 47 52 1 1)
(24 71 66 1/2 0)
(99/4 72 67 1/4 0)
(25 59 59 1 1)
(25 66 63 1 1)
(25 69 65 1 1)
(25 71 66 1/2 0)
(25 73 67 1/2 0)
(51/2 71 66 1/2 0)
(51/2 74 68 1/2 0)
(26 59 59 1 1)
(26 66 63 1 1)
(26 69 65 1 1)
(26 71 66 1 0)
(26 75 68 1 0)
(27 52 55 1 1)
(27 76 69 1/4 0)
(109/4 91 78 1/2 0)
(28 59 59 1 1)
(28 67 64 1 1)
(28 90 77 1/2 0)
(57/2 88 76 1/2 0)
(29 84 74 1/2 0)
(59/2 83 73 1/2 0)
(30 42 49 1 1)
(30 82 72 1/2 0)
(61/2 85 74 1/2 0)
(31 54 56 1 1)
(31 61 60 1 1)
(31 64 62 1 1)
(31 83 73 1/2 0)
(31 87 75 1/2 0)
(63/2 80 71 1/2 0)
(32 54 56 1 1)
(32 61 60 1 1)
(32 64 62 1 1)
(32 76 69 1/2 0)
(131/4 78 70 1/4 0)
(131/4 82 72 1/4 0)
(33 47 52 1 1)
(33 75 68 2 0)
(33 83 73 2 0)
(34 59 59 1 1)
(34 66 63 1 1)
(35 71 66 1 0)
(36 40 48 1 1)
(36 69 65 3/4 0)
(147/4 67 64 1/4 0)
(37 55 57 1 1)
(37 59 59 1 1)
(37 66 63 1 0)
(38 55 57 1 1)
(38 59 59 1 1)
(38 64 62 1 0)
(39 45 51 1 1)
(39 74 68 2 0)
(40 57 58 1 1)
(40 60 60 1 1)
(40 64 62 1 1)
(41 57 58 1 1)
(41 60 60 1 1)
(41 64 62 1 1)
(41 72 67 1 0)
(42 50 54 3 1)
(42 60 60 1 1)
(42 64 62 1 1)
(42 71 66 3/4 0)
(171/4 69 65 1/4 0)
(43 59 59 1 1)
(43 62 61 1 1)
(43 64 62 1/2 0)
(87/2 66 63 1/2 0)
(44 57 58 1 1)
(44 60 60 1 1)
(44 62 61 1 0)
(45 43 50 1 1)
(45 67 64 2 0)
(45 72 67 2 0)
(46 55 57 1 1)
(46 62 61 1 1)
(47 71 66 3/2 0)
(48 47 52 1 1)
(195/4 71 66 1/4 0)
(195/4 72 67 1/4 0)
(49 59 59 1 1)
(49 66 63 1 1)
(49 69 65 1 1)
(49 71 66 1/2 0)
(49 73 67 1/2 0)
(99/2 71 66 1/2 0)
(99/2 74 68 1/2 0)
(50 59 59 1 1)
(50 66 63 1 1)
(50 69 65 1 1)
(50 71 66 3/2 0)
(50 75 68 1 0)
(51 52 55 1 1)
(51 76 69 1/2 0)
(207/4 78 70 1/4 0)
(52 59 59 1 1)
(52 67 64 1 1)
(52 79 71 1/2 0)
(105/2 84 74 1/2 0)
(53 59 59 1 1)
(53 67 64 1 1)
(53 83 73 1 0)
(54 52 55 3 1)
(54 82 72 1/2 0)
(219/4 78 70 1/4 0)
(55 58 58 1 1)
(55 61 60 1 1)
(55 66 63 1 1)
(55 82 72 1/2 0)
(223/4 81 72 1/4 0)
(56 57 58 1 1)
(56 60 60 1 1)
(56 66 63 1 1)
(56 78 70 1 0)
(57 52 55 3 1)
(57 81 72 1/2 0)
(231/4 78 70 1/4 0)
(58 57 58 1 1)
(58 63 61 1 1)
(58 81 72 1/2 0)
(235/4 79 71 1/4 0)
(59 55 57 1 1)
(59 64 62 1 1)
(59 76 69 1 0)
(60 47 52 1 1)
(60 71 66 1/2 0)
(243/4 71 66 1/4 0)
(243/4 72 67 1/4 0)
(61 59 59 1 1)
(61 66 63 1 1)
(61 69 65 1 1)
(61 71 66 1/2 0)
(61 73 67 1/2 0)
(123/2 71 66 1/2 0)
(123/2 74 68 1/2 0)
(62 59 59 1 1)
(62 66 63 1 1)
(62 69 65 1 1)
(62 71 66 1 0)
(62 75 68 1 0)
(63 52 55 1 1)
(63 76 69 1/4 0)
(253/4 91 78 1/2 0)
(64 59 59 1 1)
(64 67 64 1 1)
(64 90 77 1/2 0)
(129/2 88 76 1/2 0)
(65 84 74 1/2 0)
(131/2 83 73 1/2 0)
(66 47 52 1 1)
(66 82 72 1/2 0)
(133/2 78 70 1/2 0)
(67 59 59 1 1)
(67 63 61 1 1)
(67 69 65 1 1)
(67 84 74 1/3 0)
(202/3 82 72 1/3 0)
(203/3 83 73 1/3 0)
(68 59 59 1 1)
(68 63 61 1 1)
(68 69 65 1 1)
(68 81 72 1/3 0)
(205/3 82 73 1/3 0)
(206/3 80 71 1/3 0)
(69 52 55 1 1)
(69 81 72 1/3 0)
(208/3 79 71 1/3 0)
(209/3 78 70 1/3 0)
(70 55 57 2 1)
(70 59 59 2 1)
(70 67 64 2 1)
(70 76 69 5/2 0)
(72 43 50 1 1)
(72 65 63 1 0)
(145/2 74 68 1/2 0)
(73 55 57 1 1)
(73 62 61 1 1)
(73 65 63 1 0)
(73 71 66 1 0)
(74 55 57 2 1)
(74 62 61 1 1)
(74 65 63 1 0)
(74 69 65 1 0)
(75 48 53 1 1)
(75 64 62 1 0)
(75 67 64 2 0)
(76 48 53 1 1)
(76 55 57 1 1)
(76 64 62 1 0)
(77 48 53 2 1)
(77 55 57 1 1)
(77 64 62 1 0)
(77 76 69 3/2 0)
(78 55 57 1 1)
(78 65 63 1 0)
(157/2 74 68 1/2 0)
(79 48 53 1 1)
(79 55 57 1 1)
(79 65 63 1 0)
(79 71 66 1 0)
(80 48 53 1 1)
(80 55 57 1 1)
(80 65 63 1 0)
(80 69 65 1 0)
(81 48 53 1 1)
(81 55 57 1 1)
(81 64 62 1 0)
(81 67 64 2 0)
(82 48 53 1 1)
(82 55 57 1 1)
(82 64 62 1 0)
(83 48 53 1 1)
(83 57 58 3 1)
(83 64 62 1 0)
(83 72 67 1 0)
(84 50 54 1 1)
(84 65 63 1 0)
(84 72 67 3/4 0)
(339/4 71 66 1/4 0)
(85 45 51 2 1)
(85 52 55 2 1)
(85 64 62 2 0)
(85 74 68 1/2 0)
(171/2 72 67 1/2 0)
(86 60 60 1 1)
(86 69 65 1 0)
(87 50 54 1 1)
(87 57 58 2 1)
(87 65 63 1 0)
(87 72 67 3/4 0)
(351/4 71 66 1/4 0)
(88 45 51 2 1)
(88 52 55 2 1)
(88 64 62 2 0)
(88 74 68 1/2 0)
(177/2 72 67 1/2 0)
(89 60 60 1 1)
(89 69 65 1 0)
(90 47 52 2 1)
(90 59 59 3/4 1)
(90 63 61 3/2 0)
(90 68 64 3/4 0)
(363/4 57 58 1/4 1)
(363/4 66 63 1/4 0)
(91 61 60 3/4 1)
(91 69 65 3/4 0)
(367/4 59 59 1/4 1)
(367/4 63 61 1/4 0)
(367/4 68 64 1/4 0)
(92 52 55 1 1)
(92 56 57 1 1)
(92 64 62 1 0)
(93 64 62 1 1)
(93 76 69 1 0)
(94 64 62 1 1)
(94 76 69 1 0)
(95 64 62 1 1)
(95 76 69 3/2 0)
(96 65 63 1 0)
(193/2 74 68 1/2 0)
(97 55 57 1 1)
(97 65 63 1 0)
(97 71 66 1 0)
(98 55 57 2 1)
(98 65 63 1 0)
(98 69 65 1 0)
(99 48 53 1 1)
(99 64 62 1 0)
(99 67 64 2 0)
(100 48 53 1 1)
(100 55 57 1 1)
(100 64 62 1 0)
(101 48 53 2 1)
(101 55 57 1 1)
(101 64 62 1 0)
(101 76 69 3/2 0)
(102 55 57 1 1)
(102 65 63 1 0)
(205/2 74 68 1/2 0)
(103 48 53 1 1)
(103 55 57 1 1)
(103 65 63 1 0)
(103 71 66 1 0)
(104 48 53 1 1)
(104 55 57 1 1)
(104 65 63 1 0)
(104 69 65 1 0)
(105 48 53 1 1)
(105 55 57 1 1)
(105 64 62 1 0)
(105 67 64 2 0)
(106 48 53 1 1)
(106 55 57 1 1)
(106 64 62 1 0)
(107 48 53 1 1)
(107 55 57 1 1)
(107 64 62 1 0)
(107 72 67 1 0)
(108 50 54 1 1)
(108 54 56 1 1)
(108 60 60 1 0)
(108 71 66 3/4 0)
(435/4 69 65 1/4 0)
(109 50 54 1 1)
(109 54 56 1 1)
(109 60 60 1 0)
(109 71 66 1/2 0)
(219/2 69 65 1/2 0)
(110 43 50 2 1)
(110 50 54 2 1)
(110 55 57 1 1)
(110 59 59 1 0)
(110 62 61 1 0)
(111 54 56 1 1)
(111 60 60 1 0)
(111 71 66 3/4 0)
(447/4 69 65 1/4 0)
(112 43 50 1 1)
(112 50 54 1 1)
(112 54 56 1 1)
(112 60 60 1 0)
(112 71 66 1/2 0)
(225/2 69 65 1/2 0)
(113 43 50 1 1)
(113 50 54 1 1)
(113 54 56 1 1)
(113 60 60 1 0)
(113 71 66 1/2 0)
(227/2 69 65 1/2 0)
(114 43 50 1 1)
(114 50 54 1 1)
(114 55 57 1 1)
(114 59 59 1 0)
(114 67 64 1 0)
(115 43 50 1 1)
(115 51 55 1 1)
(115 60 60 1 0)
(115 68 65 5 0)
(116 43 50 1 1)
(116 52 55 1 1)
(116 61 60 1 0)
(117 43 50 1 1)
(117 53 56 1 1)
(117 62 61 1 0)
(118 43 50 1 1)
(118 52 55 1 1)
(118 61 60 1 0)
(119 43 50 1 1)
(119 51 55 1 1)
(119 60 60 1 0)
(120 43 50 1 1)
(120 51 55 1 1)
(120 60 60 1 0)
(120 70 66 3/4 0)
(483/4 68 65 1/4 0)
(121 43 50 1 1)
(121 51 55 1 1)
(121 60 60 1 0)
(121 70 66 1/2 0)
(243/2 68 65 1/2 0)
(122 43 50 1 1)
(122 50 54 1 1)
(122 59 59 1 0)
(122 62 61 1 0)
(123 43 50 1 1)
(123 51 55 1 1)
(123 60 60 1 0)
(123 70 66 3/4 0)
(495/4 68 65 1/4 0)
(124 43 50 1 1)
(124 51 55 1 1)
(124 60 60 1 0)
(124 70 66 1/2 0)
(249/2 68 65 1/2 0)
(125 43 50 1 1)
(125 51 55 1 1)
(125 60 60 1 0)
(125 70 66 1/2 0)
(251/2 68 65 1/2 0)
(126 43 50 1 1)
(126 50 54 1 1)
(126 59 59 1 0)
(126 67 64 1 0)
(127 43 50 1 1)
(127 51 55 1 1)
(127 60 60 1 0)
(127 69 65 5 0)
(128 43 50 1 1)
(128 52 55 1 1)
(128 61 60 1 0)
(129 43 50 1 1)
(129 53 56 1 1)
(129 62 61 1 0)
(130 43 50 1 1)
(130 52 55 1 1)
(130 61 60 1 0)
(131 43 50 1 1)
(131 51 55 1 1)
(131 60 60 1 0)
(132 43 50 1 1)
(132 50 54 1 1)
(132 59 59 1 0)
(132 67 64 1 0)
(133 43 50 1 1)
(133 51 55 1 1)
(133 60 60 1 0)
(133 68 65 3 0)
(134 43 50 1 1)
(134 52 55 1 1)
(134 61 60 1 0)
(135 43 50 1 1)
(135 53 56 1 1)
(135 62 61 1 0)
(136 43 50 1 1)
(136 52 55 1 1)
(136 61 60 1 0)
(136 69 65 2 0)
(137 43 50 1 1)
(137 51 55 1 1)
(137 60 60 1 0)
(138 43 50 1 1)
(138 50 54 1 1)
(138 59 59 1 0)
(138 67 64 1 0)
(139 43 50 1 1)
(139 51 55 1 1)
(139 60 60 1 0)
(139 69 65 4 0)
(140 43 50 1 1)
(140 52 55 1 1)
(140 61 60 1 0)
(141 43 50 1 1)
(141 53 56 1 1)
(141 62 61 1 0)
(142 43 50 1 1)
(142 52 55 1 1)
(142 61 60 1 0)
(143 43 50 1 1)
(143 51 55 1 1)
(143 60 60 1 0)
(143 68 65 1 0)
(144 43 50 1 1)
(144 50 54 1 1)
(144 59 59 1 0)
(144 67 64 1 0)
(145 43 50 1 1)
(145 51 55 1 1)
(145 60 60 1 0)
(145 68 65 1 0)
(146 43 50 1 1)
(146 51 55 1 1)
(146 60 60 1 0)
(146 68 65 1 0)
(147 43 50 1 1)
(147 51 55 1 1)
(147 60 60 1 0)
(147 68 65 1 0)
(148 43 50 1 1)
(148 52 55 1 1)
(148 61 60 1 0)
(148 69 65 1 0)
(149 43 50 1 1)
(149 52 55 1 1)
(149 61 60 1 0)
(149 69 65 1 0)
(150 43 50 1 1)
(150 52 55 1 1)
(150 61 60 1 0)
(150 69 65 1 0)
(151 42 49 1 1)
(151 52 55 1 1)
(151 61 60 1 0)
(151 70 65 1 0)
(152 42 49 1 1)
(152 52 55 1 1)
(152 61 60 1 0)
(152 70 65 1 0)
(153 42 49 1 1)
(153 52 55 1 1)
(153 61 60 1 0)
(153 70 65 1 0)
(154 47 52 1 1)
(154 53 55 1 1)
(154 62 61 1 0)
(154 71 66 1 0)
(155 47 52 1 1)
(155 54 56 1 1)
(155 63 61 1 0)
(155 71 66 1 0)
(156 40 48 1 1)
(156 52 55 1 1)
(156 69 65 3/4 0)
(627/4 67 64 1/4 0)
(157 55 57 1 1)
(157 59 59 1 1)
(157 66 63 1 0)
(158 55 57 1 1)
(158 59 59 1 1)
(158 64 62 1 0)
(159 45 51 1 1)
(159 74 68 2 0)
(160 57 58 1 1)
(160 60 60 1 1)
(160 64 62 1 1)
(161 57 58 1 1)
(161 60 60 1 1)
(161 64 62 1 1)
(161 72 67 1 0)
(162 50 54 3 1)
(162 60 60 1 1)
(162 64 62 1 1)
(162 71 66 3/4 0)
(651/4 69 65 1/4 0)
(163 59 59 1 1)
(163 62 61 1 1)
(163 64 62 1/2 0)
(327/2 66 63 1/2 0)
(164 57 58 1 1)
(164 60 60 1 1)
(164 62 61 1 0)
(165 43 50 1 1)
(165 67 64 2 0)
(165 72 67 2 0)
(166 55 57 1 1)
(166 62 61 1 1)
(167 71 66 3/2 0)
(168 47 52 1 1)
(675/4 71 66 1/4 0)
(675/4 72 67 1/4 0)
(169 59 59 1 1)
(169 66 63 1 1)
(169 69 65 1 1)
(169 71 66 1/2 0)
(169 73 67 1/2 0)
(339/2 71 66 1/2 0)
(339/2 74 68 1/2 0)
(170 59 59 1 1)
(170 66 63 1 1)
(170 69 65 1 1)
(170 71 66 3/2 0)
(170 75 68 1 0)
(171 52 55 1 1)
(171 76 69 1/2 0)
(687/4 78 70 1/4 0)
(172 59 59 1 1)
(172 67 64 1 1)
(172 79 71 1/2 0)
(345/2 84 74 1/2 0)
(173 59 59 1 1)
(173 67 64 1 1)
(173 83 73 1 0)
(174 52 55 3 1)
(174 82 72 1/2 0)
(699/4 78 70 1/4 0)
(175 58 58 1 1)
(175 61 60 1 1)
(175 66 63 1 1)
(175 82 72 1/2 0)
(703/4 81 72 1/4 0)
(176 57 58 1 1)
(176 60 60 1 1)
(176 66 63 1 1)
(176 78 70 1 0)
(177 52 55 3 1)
(177 81 72 1/2 0)
(711/4 78 70 1/4 0)
(178 57 58 1 1)
(178 63 61 1 1)
(178 81 72 1/2 0)
(715/4 79 71 1/4 0)
(179 55 57 1 1)
(179 64 62 1 1)
(179 76 69 1 0)
(180 47 52 1 1)
(180 71 66 1/2 0)
(723/4 71 66 1/4 0)
(723/4 72 67 1/4 0)
(181 59 59 1 1)
(181 66 63 1 1)
(181 69 65 1 1)
(181 71 66 1/2 0)
(181 73 67 1/2 0)
(363/2 71 66 1/2 0)
(363/2 74 68 1/2 0)
(182 59 59 1 1)
(182 66 63 1 1)
(182 69 65 1 1)
(182 71 66 1 0)
(182 75 68 1 0)
(183 52 55 1 1)
(183 76 69 1/4 0)
(733/4 91 78 1/2 0)
(184 59 59 1 1)
(184 67 64 1 1)
(184 90 77 1/2 0)
(369/2 88 76 1/2 0)
(185 84 74 1/2 0)
(371/2 83 73 1/2 0)
(186 52 55 1 1)
(186 82 72 1/2 0)
(373/2 83 73 1/2 0)
(187 59 59 1 1)
(187 63 61 1 1)
(187 69 65 1 1)
(187 84 74 1/2 0)
(375/2 82 72 1/2 0)
(188 59 59 1 1)
(188 63 61 1 1)
(188 69 65 1 1)
(188 83 73 1/3 0)
(565/3 78 70 1/3 0)
(566/3 81 72 1/3 0)
(189 52 55 1 1)
(189 79 71 1/4 0)
(757/4 91 78 1/2 0)
(190 59 59 1 1)
(190 67 64 1 1)
(190 90 77 1/2 0)
(381/2 88 76 1/2 0)
(191 84 74 1/2 0)
(383/2 83 73 1/2 0)
(192 52 55 1 1)
(192 82 72 1/2 0)
(385/2 83 73 1/2 0)
(193 59 59 1 1)
(193 63 61 1 1)
(193 69 65 1 1)
(193 71 66 1 1)
(193 84 74 1/2 0)
(387/2 82 72 1/2 0)
(194 59 59 1 1)
(194 63 61 1 1)
(194 69 65 1 1)
(194 71 66 1 1)
(194 83 73 1/3 0)
(583/3 78 70 1/3 0)
(584/3 81 72 1/3 0)
(195 52 55 1 1)
(195 79 71 1/4 0)
(781/4 100 83 1/2 0)
(196 59 59 1 1)
(196 64 62 1 1)
(196 67 64 1 1)
(196 71 66 1 1)
(196 96 81 1/3 0)
(589/3 95 80 1/3 0)
(590/3 91 78 1/3 0)
(197 88 76 1/3 0)
(592/3 84 74 1/3 0)
(593/3 83 73 1/3 0)
(198 52 55 1 1)
(198 82 72 1/2 0)
(397/2 78 70 1/2 0)
(199 59 59 1 1)
(199 63 61 1 1)
(199 69 65 1 1)
(199 71 66 1 1)
(199 84 74 1/3 0)
(598/3 82 72 1/3 0)
(599/3 83 73 1/3 0)
(200 59 59 1 1)
(200 63 61 1 1)
(200 69 65 1 1)
(200 71 66 1 1)
(200 81 72 1/3 0)
(601/3 82 73 1/3 0)
(602/3 80 71 1/3 0)
(201 52 55 3 1)
(201 81 72 1/3 0)
(604/3 79 71 1/3 0)
(605/3 78 70 1/3 0)
(202 59 59 2 1)
(202 67 64 2 1)
(202 76 69 2 0)
