(-1 72 67 7/4 0)
(0 55 57 1 1)
(0 61 61 1 1)
(0 64 63 1 1)
(3/4 70 66 1/4 0)
(1 56 58 1 1)
(1 60 60 2 1)
(1 63 62 2 1)
(1 68 65 1/2 0)
(3/2 70 66 1/2 0)
(2 51 55 1 1)
(2 72 67 7/4 0)
(3 55 57 1 1)
(3 61 61 1 1)
(3 64 63 1 1)
(15/4 70 66 1/4 0)
(4 56 58 1 1)
(4 60 60 2 1)
(4 63 62 2 1)
(4 68 65 1/2 0)
(9/2 77 70 1/2 0)
(5 51 55 1 1)
(5 75 69 1 0)
(6 55 57 1 1)
(6 61 61 1 1)
(6 64 63 1 1)
(6 72 67 3/4 0)
(27/4 70 66 1/4 0)
(7 56 58 1 1)
(7 60 60 2 1)
(7 63 62 2 1)
(7 68 65 1/2 0)
(15/2 70 66 1/2 0)
(8 51 55 1 1)
(8 72 67 1 0)
(9 56 58 3/4 1)
(9 61 61 3 1)
(9 63 62 3 0)
(39/4 55 57 1/4 1)
(10 53 56 1/2 1)
(21/2 55 57 1/2 1)
(11 51 55 1 1)
(12 55 57 1 1)
(12 61 61 1 1)
(12 64 63 1 1)
(12 72 67 3/4 0)
(51/4 70 66 1/4 0)
(13 56 58 1 1)
(13 60 60 2 1)
(13 63 62 2 1)
(13 68 65 1/2 0)
(27/2 70 66 1/2 0)
(14 51 55 1 1)
(14 72 67 7/4 0)
(15 55 57 1 1)
(15 61 61 1 1)
(15 64 63 1 1)
(63/4 70 66 1/4 0)
(16 56 58 2 1)
(16 60 60 1 1)
(16 63 62 2 1)
(16 68 65 2 0)
(33/2 79 71 1/2 0)
(17 59 60 1 1)
(17 77 70 1 0)
(18 51 55 1 1)
(18 58 59 1 1)
(18 63 62 1 1)
(18 67 64 1 0)
(18 70 66 1 0)
(19 59 60 1 1)
(19 62 61 2 1)
(19 68 65 2 0)
(79/4 79 71 1/4 0)
(20 51 55 1 1)
(20 77 70 1 0)
(21 59 60 2 1)
(21 62 61 2 1)
(21 68 65 2 0)
(87/4 79 71 1/4 0)
(22 51 55 2 1)
(22 77 70 1 0)
(23 58 59 1 1)
(23 63 62 1 1)
(23 67 64 1 0)
(23 70 66 1 0)
(24 55 57 1 1)
(24 61 61 1 1)
(24 64 63 1 1)
(24 72 67 3/4 0)
(99/4 70 66 1/4 0)
(25 56 58 1 1)
(25 60 60 2 1)
(25 63 62 2 1)
(25 68 65 1/2 0)
(51/2 70 66 1/2 0)
(26 51 55 1 1)
(26 72 67 7/4 0)
(27 55 57 1 1)
(27 61 61 1 1)
(27 64 63 1 1)
(111/4 70 66 1/4 0)
(28 56 58 1 1)
(28 60 60 2 1)
(28 63 62 2 1)
(28 68 65 1/2 0)
(57/2 77 70 1/2 0)
(29 51 55 1 1)
(29 75 69 1 0)
(30 55 57 1 1)
(30 61 61 1 1)
(30 64 63 1 1)
(30 72 67 3/4 0)
(123/4 70 66 1/4 0)
(31 56 58 1 1)
(31 60 60 2 1)
(31 63 62 2 1)
(31 67 64 1/3 0)
(94/3 68 65 1/3 0)
(95/3 70 66 1/3 0)
(32 51 55 1 1)
(32 71 66 1/3 0)
(97/3 73 68 1/3 0)
(197/6 72 67 1/6 0)
(33 56 58 3/4 1)
(33 61 61 3 1)
(33 63 62 3 0)
(135/4 55 57 1/4 1)
(34 53 56 1/2 1)
(69/2 55 57 1/2 1)
(35 51 55 1 1)
(36 55 57 1 1)
(36 61 61 1 1)
(36 64 63 1 1)
(36 72 67 1/2 0)
(147/4 70 66 1/4 0)
(37 56 58 1 1)
(37 60 60 2 1)
(37 63 62 2 1)
(37 68 65 1/2 0)
(75/2 70 66 1/2 0)
(38 51 55 1 1)
(38 72 67 13/8 0)
(39 55 57 1 1)
(39 61 61 1 1)
(39 64 63 1 1)
(317/8 70 66 1/8 0)
(159/4 72 67 1/8 0)
(319/8 70 66 1/8 0)
(40 56 58 1 1)
(40 60 60 1 1)
(40 63 62 1 1)
(40 68 65 1/2 0)
(163/4 80 72 1/4 0)
(41 62 61 1 1)
(41 68 65 1 1)
(41 71 67 1 1)
(41 77 70 1 0)
(42 63 62 1 1)
(42 67 64 1 1)
(42 70 66 3/4 0)
(171/4 72 67 1/4 0)
(43 58 59 1 1)
(43 65 63 1 1)
(43 73 68 1 0)
(44 51 55 1 1)
(44 63 62 3/4 1)
(44 67 64 1 0)
(44 72 67 3/4 0)
(179/4 61 61 1/4 1)
(179/4 70 66 1/4 0)
(45 56 58 2 1)
(45 65 63 3/4 1)
(45 68 65 2 0)
(45 73 68 3/4 0)
(183/4 63 62 1/4 1)
(183/4 72 67 1/4 0)
(46 60 60 1 1)
(46 68 65 1 0)
(47 65 63 1 0)
(48 73 68 1 0)
(49 46 52 1 1)
(49 53 56 1 1)
(49 61 61 1 1)
(49 70 66 3/4 0)
(199/4 73 68 1/4 0)
(50 46 52 1 1)
(50 53 56 1 1)
(50 61 61 1 1)
(50 65 63 1 0)
(50 77 70 1 0)
(51 76 69 3/4 0)
(207/4 72 67 1/4 0)
(52 46 52 1 1)
(52 53 56 1 1)
(52 60 60 1 1)
(52 75 69 1/2 0)
(105/2 73 68 1/2 0)
(53 46 52 1 1)
(53 53 56 1 1)
(53 61 61 1 1)
(53 70 66 1 0)
(53 82 73 1 0)
(54 73 68 1 0)
(55 46 52 1 1)
(55 53 56 1 1)
(55 61 61 1 1)
(55 70 66 1/2 0)
(111/2 73 68 1/2 0)
(56 46 52 1 1)
(56 53 56 1 1)
(56 61 61 1 1)
(56 65 63 1 0)
(56 77 70 3 0)
(57 76 69 1/2 0)
(115/2 72 67 1/2 0)
(58 46 52 1 1)
(58 53 56 1 1)
(58 60 60 1 1)
(58 75 69 1/2 0)
(117/2 73 68 1/2 0)
(59 46 52 1 1)
(59 53 56 1 1)
(59 61 61 1 1)
(59 70 66 1 0)
(59 82 73 3 0)
(60 76 69 1/2 0)
(121/2 72 67 1/2 0)
(61 46 52 1 1)
(61 53 56 1 1)
(61 60 60 1 1)
(61 75 69 1/2 0)
(123/2 73 68 1/2 0)
(62 46 52 1 1)
(62 53 56 1 1)
(62 61 61 1 1)
(62 70 66 1 0)
(62 82 73 3 0)
(63 76 69 1/2 0)
(127/2 72 67 1/2 0)
(64 46 52 1 1)
(64 53 56 1 1)
(64 60 60 1 1)
(64 75 69 1/2 0)
(129/2 73 68 1/2 0)
(65 46 52 1 1)
(65 53 56 1 1)
(65 61 61 1 1)
(65 70 66 1 0)
(65 82 73 1 0)
(66 73 68 2 0)
(67 55 57 1 1)
(67 58 59 1 1)
(67 64 63 1 1)
(68 56 58 1 1)
(68 59 60 1 1)
(68 64 63 1 1)
(68 71 67 1 0)
(69 55 57 1 1)
(69 58 59 1 1)
(69 64 63 1 1)
(69 73 68 1 0)
(70 56 58 1 1)
(70 59 60 1 1)
(70 64 63 1 1)
(70 71 67 1 0)
(71 55 57 2 1)
(71 61 61 2 1)
(71 64 63 2 1)
(71 70 66 1 0)
(72 72 67 3/4 0)
(291/4 70 66 1/4 0)
(73 56 58 1 1)
(73 60 60 2 1)
(73 63 62 2 1)
(73 68 65 1/2 0)
(147/2 70 66 1/2 0)
(74 51 55 1 1)
(74 72 67 7/4 0)
(75 55 57 1 1)
(75 61 61 1 1)
(75 64 63 1 1)
(303/4 70 66 1/4 0)
(76 56 58 1 1)
(76 60 60 2 1)
(76 63 62 2 1)
(76 68 65 1/2 0)
(307/4 77 70 1/4 0)
(77 51 55 1 1)
(77 75 69 1 0)
(78 55 57 1 1)
(78 61 61 1 1)
(78 64 63 1 1)
(78 72 67 3/4 0)
(315/4 70 66 1/4 0)
(79 56 58 1 1)
(79 60 60 2 1)
(79 63 62 2 1)
(79 68 65 1/2 0)
(159/2 70 66 1/2 0)
(80 51 55 1 1)
(80 71 66 1/3 0)
(241/3 73 68 1/3 0)
(485/6 72 67 1/6 0)
(81 56 58 3/4 1)
(81 61 61 3 1)
(81 63 62 3 0)
(327/4 55 57 1/4 1)
(82 53 56 1/2 1)
(165/2 55 57 1/2 1)
(83 51 55 1 1)
(84 55 57 1 1)
(84 61 61 1 1)
(84 64 63 1 1)
(84 72 67 1/2 0)
(339/4 70 66 1/4 0)
(85 56 58 1 1)
(85 60 60 2 1)
(85 63 62 2 1)
(85 68 65 1/2 0)
(171/2 70 66 1/2 0)
(86 51 55 1 1)
(86 72 67 7/4 0)
(87 55 57 1 1)
(87 61 61 1 1)
(87 64 63 1 1)
(351/4 70 66 1/4 0)
(88 56 58 2 1)
(88 60 60 1 1)
(88 63 62 2 1)
(88 68 65 2 0)
(177/2 79 71 1/2 0)
(89 59 60 1 1)
(89 77 70 1 0)
(90 51 55 1 1)
(90 58 59 1 1)
(90 63 62 1 1)
(90 67 64 1 0)
(90 70 66 1 0)
(91 59 60 1 1)
(91 62 61 2 1)
(91 68 65 2 0)
(367/4 79 71 1/4 0)
(92 51 55 1 1)
(92 77 70 1 0)
(93 59 60 2 1)
(93 62 61 2 1)
(93 68 65 2 0)
(375/4 79 71 1/4 0)
(94 51 55 1 1)
(94 77 70 1 0)
(95 58 59 1 1)
(95 63 62 1 1)
(95 67 64 1 0)
(95 70 66 1 0)
(96 55 57 1 1)
(96 61 61 1 1)
(96 64 63 1 1)
(96 72 67 3/4 0)
(387/4 70 66 1/4 0)
(97 56 58 1 1)
(97 60 60 2 1)
(97 63 62 2 1)
(97 68 65 1/2 0)
(195/2 70 66 1/2 0)
(98 51 55 1 1)
(98 72 67 7/4 0)
(99 55 57 1 1)
(99 61 61 1 1)
(99 64 63 1 1)
(399/4 70 66 1/4 0)
(100 56 58 1 1)
(100 60 60 2 1)
(100 63 62 2 1)
(100 68 65 1/2 0)
(201/2 77 70 1/2 0)
(101 51 55 1 1)
(101 75 69 1 0)
(102 55 57 1 1)
(102 61 61 1 1)
(102 64 63 1 1)
(102 72 67 1/3 0)
(307/3 71 67 1/3 0)
(308/3 70 66 1/3 0)
(103 56 58 1 1)
(103 60 60 2 1)
(103 63 62 2 1)
(103 67 64 1/3 0)
(310/3 68 65 1/3 0)
(311/3 70 66 1/3 0)
(104 51 55 1 1)
(104 71 66 1/3 0)
(313/3 73 68 1/3 0)
(629/6 72 67 1/6 0)
(105 56 58 3/4 1)
(105 61 61 3 1)
(105 63 62 3 0)
(423/4 55 57 1/4 1)
(106 53 56 1/2 1)
(213/2 55 57 1/2 1)
(107 51 55 1 1)
(108 55 57 1 1)
(108 61 61 1 1)
(108 64 63 1 1)
(108 72 67 1/2 0)
(435/4 70 66 1/4 0)
(109 56 58 1 1)
(109 60 60 2 1)
(109 63 62 2 1)
(109 68 65 1/2 0)
(219/2 70 66 1/2 0)
(110 51 55 1 1)
(110 72 67 13/8 0)
(111 55 57 1 1)
(111 61 61 1 1)
(111 64 63 1 1)
(893/8 70 66 1/8 0)
(447/4 72 67 1/8 0)
(895/8 70 66 1/8 0)
(112 56 58 1 1)
(112 60 60 1 1)
(112 63 62 1 1)
(112 68 65 1/2 0)
(451/4 80 72 1/4 0)
(113 62 61 1 1)
(113 68 65 1 1)
(113 71 67 1 1)
(113 77 70 1 0)
(114 63 62 1 1)
(114 67 64 1 1)
(114 70 66 3/4 0)
(459/4 72 67 1/4 0)
(115 58 59 1 1)
(115 65 63 1 1)
(115 73 68 1 0)
(116 51 55 1 1)
(116 63 62 3/4 1)
(116 67 64 1 0)
(116 72 67 3/4 0)
(467/4 61 61 1/4 1)
(467/4 70 66 1/4 0)
(117 56 58 2 1)
(117 65 63 3/4 1)
(117 68 65 1 0)
(117 73 68 3/4 0)
(471/4 63 62 1/4 1)
(471/4 72 67 1/4 0)
(118 60 60 1 1)
(118 68 65 1 0)
(119 65 63 1 0)
(120 73 68 1 0)
(121 46 52 1 1)
(121 53 56 1 1)
(121 61 61 1 1)
(121 70 66 3/4 0)
(487/4 73 68 1/4 0)
(122 46 52 1 1)
(122 53 56 1 1)
(122 61 61 1 1)
(122 65 63 1 0)
(122 77 70 1 0)
(123 76 69 3/4 0)
(495/4 72 67 1/4 0)
(124 46 52 1 1)
(124 53 56 1 1)
(124 60 60 1 1)
(124 75 69 1/2 0)
(249/2 73 68 1/2 0)
(125 46 52 1 1)
(125 53 56 1 1)
(125 61 61 1 1)
(125 70 66 1 0)
(125 82 73 1 0)
(126 73 68 1 0)
(127 46 52 1 1)
(127 53 56 1 1)
(127 61 61 1 1)
(127 70 66 1/2 0)
(255/2 73 68 1/2 0)
(128 46 52 1 1)
(128 53 56 1 1)
(128 61 61 1 1)
(128 65 63 1 0)
(128 77 70 3 0)
(129 76 69 1/2 0)
(259/2 72 67 1/2 0)
(130 46 52 1 1)
(130 53 56 1 1)
(130 60 60 1 1)
(130 75 69 1/2 0)
(261/2 73 68 1/2 0)
(131 46 52 1 1)
(131 53 56 1 1)
(131 61 61 1 1)
(131 70 66 1 0)
(131 82 73 3 0)
(132 76 69 1/2 0)
(265/2 72 67 1/2 0)
(133 46 52 1 1)
(133 53 56 1 1)
(133 60 60 1 1)
(133 75 69 1/2 0)
(267/2 73 68 1/2 0)
(134 46 52 1 1)
(134 53 56 1 1)
(134 61 61 1 1)
(134 70 66 1 0)
(134 82 73 3 0)
(135 76 69 1/2 0)
(271/2 72 67 1/2 0)
(136 46 52 1 1)
(136 53 56 1 1)
(136 60 60 1 1)
(136 75 69 1/2 0)
(273/2 73 68 1/2 0)
(137 46 52 1 1)
(137 53 56 1 1)
(137 61 61 1 1)
(137 70 66 1 0)
(137 82 73 1 0)
(138 73 68 2 0)
(139 55 57 1 1)
(139 58 59 1 1)
(139 64 63 1 1)
(140 56 58 1 1)
(140 59 60 1 1)
(140 64 63 1 1)
(140 71 67 1 0)
(141 55 57 1 1)
(141 58 59 1 1)
(141 64 63 1 1)
(141 73 68 1 0)
(142 56 58 1 1)
(142 59 60 1 1)
(142 64 63 1 1)
(142 71 67 1 0)
(143 55 57 2 1)
(143 61 61 2 1)
(143 64 63 2 1)
(143 70 66 1 0)
(144 72 67 3/4 0)
(579/4 70 66 1/4 0)
(145 56 58 1 1)
(145 60 60 2 1)
(145 63 62 2 1)
(145 68 65 1/2 0)
(291/2 70 66 1/2 0)
(146 51 55 1 1)
(146 72 67 7/4 0)
(147 55 57 1 1)
(147 61 61 1 1)
(147 64 63 1 1)
(591/4 70 66 1/4 0)
(148 56 58 1 1)
(148 60 60 2 1)
(148 63 62 2 1)
(148 68 65 1/2 0)
(595/4 77 70 1/4 0)
(149 51 55 1 1)
(149 75 69 1 0)
(150 55 57 1 1)
(150 61 61 1 1)
(150 64 63 1 1)
(150 72 67 3/4 0)
(603/4 70 66 1/4 0)
(151 56 58 1 1)
(151 60 60 2 1)
(151 63 62 2 1)
(151 68 65 1/2 0)
(303/2 70 66 1/2 0)
(152 51 55 1 1)
(152 71 66 1/3 0)
(457/3 73 68 1/3 0)
(917/6 72 67 1/6 0)
(153 56 58 3/4 1)
(153 61 61 3 1)
(153 63 62 3 0)
(615/4 55 57 1/4 1)
(154 53 56 1/2 1)
(309/2 55 57 1/2 1)
(155 51 55 1 1)
(156 55 57 1 1)
(156 61 61 1 1)
(156 64 63 1 1)
(156 72 67 1/2 0)
(627/4 70 66 1/4 0)
(157 56 58 1 1)
(157 60 60 2 1)
(157 63 62 2 1)
(157 68 65 1/2 0)
(315/2 70 66 1/2 0)
(158 51 55 1 1)
(158 72 67 7/4 0)
(159 55 57 1 1)
(159 61 61 1 1)
(159 64 63 1 1)
(639/4 70 66 1/4 0)
(160 56 58 2 1)
(160 60 60 1 1)
(160 63 62 2 1)
(160 68 65 2 0)
(321/2 79 71 1/2 0)
(161 59 60 1 1)
(161 77 70 1 0)
(162 51 55 1 1)
(162 58 59 1 1)
(162 63 62 1 1)
(162 67 64 1 0)
(162 70 66 1 0)
(163 59 60 1 1)
(163 62 61 2 1)
(163 68 65 2 0)
(655/4 79 71 1/4 0)
(164 51 55 1 1)
(164 77 70 1 0)
(165 59 60 2 1)
(165 62 61 2 1)
(165 68 65 2 0)
(663/4 79 71 1/4 0)
(166 51 55 1 1)
(166 77 70 1 0)
(167 58 59 1 1)
(167 63 62 1 1)
(167 67 64 1 0)
(167 70 66 1 0)
(168 55 57 1 1)
(168 61 61 1 1)
(168 64 63 1 1)
(168 72 67 3/4 0)
(675/4 70 66 1/4 0)
(169 56 58 1 1)
(169 60 60 2 1)
(169 63 62 2 1)
(169 68 65 1/2 0)
(339/2 70 66 1/2 0)
(170 51 55 1 1)
(170 72 67 7/4 0)
(171 55 57 1 1)
(171 61 61 1 1)
(171 64 63 1 1)
(687/4 70 66 1/4 0)
(172 56 58 1 1)
(172 60 60 2 1)
(172 63 62 2 1)
(172 68 65 1/2 0)
(345/2 77 70 1/2 0)
(173 51 55 1 1)
(173 75 69 1 0)
(174 55 57 1 1)
(174 61 61 1 1)
(174 64 63 1 1)
(174 72 67 1/3 0)
(523/3 71 67 1/3 0)
(524/3 70 66 1/3 0)
(175 56 58 1 1)
(175 60 60 2 1)
(175 63 62 2 1)
(175 67 64 1/3 0)
(526/3 68 65 1/3 0)
(527/3 70 66 1/3 0)
(176 51 55 1 1)
(176 71 66 1/3 0)
(529/3 73 68 1/3 0)
(1061/6 72 67 1/6 0)
(177 56 58 3/4 1)
(177 61 61 3 1)
(177 63 62 3 0)
(711/4 55 57 1/4 1)
(178 53 56 1/2 1)
(357/2 55 57 1/2 1)
(179 51 55 1 1)
(180 55 57 1 1)
(180 61 61 1 1)
(180 64 63 1 1)
(180 72 67 1/2 0)
(723/4 70 66 1/4 0)
(181 56 58 1 1)
(181 60 60 2 1)
(181 63 62 2 1)
(181 68 65 1/2 0)
(363/2 70 66 1/2 0)
(182 51 55 1 1)
(182 72 67 13/8 0)
(183 55 57 1 1)
(183 61 61 1 1)
(183 64 63 1 1)
(1469/8 70 66 1/8 0)
(735/4 72 67 1/8 0)
(1471/8 70 66 1/8 0)
(184 56 58 1 1)
(184 60 60 1 1)
(184 63 62 1 1)
(184 68 65 1/2 0)
(739/4 80 72 1/4 0)
(185 62 61 1 1)
(185 68 65 1 1)
(185 71 67 1 1)
(185 77 70 1 0)
(186 63 62 1 1)
(186 67 64 1 1)
(186 70 66 3/4 0)
(747/4 72 67 1/4 0)
(187 58 59 1 1)
(187 65 63 1 1)
(187 73 68 1 0)
(188 51 55 1 1)
(188 63 62 3/4 1)
(188 67 64 1 0)
(188 72 67 3/4 0)
(755/4 61 61 1/4 1)
(755/4 70 66 1/4 0)
(189 56 58 3 1)
(189 65 63 3/4 1)
(189 68 65 1 0)
(189 73 68 3/4 0)
(759/4 63 62 1/4 1)
(759/4 72 67 1/4 0)
(190 60 60 1 1)
(190 68 65 2 0)
(191 59 60 1 1)
(192 47 52 1 1)
(192 59 59 1 1)
(192 68 64 3/4 0)
(771/4 69 65 1/4 0)
(193 47 52 1 1)
(193 51 54 1 1)
(193 57 58 1 1)
(193 66 63 3/2 0)
(194 47 52 1 1)
(194 51 54 1 1)
(194 57 58 1 1)
(389/2 71 66 1/2 0)
(195 40 48 1 1)
(195 68 64 1/2 0)
(783/4 59 59 1/4 0)
(196 52 55 1 1)
(196 56 57 1 1)
(196 64 62 1 0)
(197 52 55 1 1)
(197 56 57 2 1)
(197 59 59 2 1)
(197 68 64 1 0)
(198 51 54 1 1)
(198 71 66 3/4 0)
(795/4 73 67 1/4 0)
(199 51 54 1 1)
(199 55 56 1 1)
(199 63 61 1 1)
(199 70 65 3/2 0)
(200 51 54 1 1)
(200 55 56 1 1)
(200 61 60 1 1)
(401/2 75 68 1/2 0)
(201 44 50 1 1)
(201 71 66 1/2 0)
(807/4 63 61 1/4 0)
(202 56 57 1 1)
(202 59 59 1 1)
(202 68 64 1 0)
(203 56 57 1 1)
(203 59 59 1 1)
(203 63 61 1 1)
(203 71 66 1 0)
(204 75 68 3/4 0)
(819/4 76 69 1/4 0)
(205 55 57 1 1)
(205 59 59 1 1)
(205 64 62 1 1)
(205 73 67 3/2 0)
(206 54 56 1 1)
(206 58 58 1 1)
(206 64 62 1 1)
(413/2 78 70 1/2 0)
(207 47 52 1 1)
(207 75 68 1/2 0)
(415/2 71 66 1/2 0)
(208 54 56 1 1)
(208 57 58 1 1)
(208 63 61 1 1)
(208 69 65 3/2 0)
(209 54 56 1 1)
(209 57 58 1 1)
(209 63 61 1 1)
(419/2 73 67 1/2 0)
(210 47 52 1 1)
(210 71 66 1/2 0)
(421/2 68 64 1/2 0)
(211 54 56 1 1)
(211 57 58 1 1)
(211 63 61 1 1)
(211 66 63 1/2 0)
(423/2 69 65 1/2 0)
(212 54 56 1 1)
(212 57 58 1 1)
(212 63 61 1 1)
(212 75 68 1/2 0)
(425/2 71 66 1/2 0)
(213 47 52 1 1)
(213 69 65 1/2 0)
(427/2 73 67 1/2 0)
(214 54 56 1 1)
(214 57 58 1 1)
(214 63 61 1 1)
(214 71 66 1/2 0)
(429/2 68 64 1/2 0)
(215 54 56 1 1)
(215 57 58 1 1)
(215 63 61 1 1)
(215 66 63 1/2 0)
(431/2 69 65 1/2 0)
(216 68 64 1/2 0)
(433/2 69 65 1/2 0)
(217 47 52 1 1)
(217 51 54 1 1)
(217 57 58 1 1)
(217 66 63 3/2 0)
(218 47 52 1 1)
(218 51 54 1 1)
(218 57 58 1 1)
(437/2 71 66 1/2 0)
(219 40 48 1 1)
(219 68 64 1/2 0)
(879/4 59 59 1/4 0)
(220 52 55 1 1)
(220 56 57 1 1)
(220 64 62 1 0)
(221 52 55 1 1)
(221 56 57 2 1)
(221 59 59 2 1)
(221 68 64 1 0)
(222 51 54 1 1)
(222 71 66 3/4 0)
(891/4 73 67 1/4 0)
(223 51 54 1 1)
(223 55 56 1 1)
(223 63 61 1 1)
(223 70 65 3/2 0)
(224 51 54 1 1)
(224 55 56 1 1)
(224 61 60 1 1)
(449/2 75 68 1/2 0)
(225 44 50 1 1)
(225 71 66 1/2 0)
(903/4 63 61 1/4 0)
(226 56 57 1 1)
(226 59 59 1 1)
(226 68 64 1 0)
(227 56 57 1 1)
(227 59 59 1 1)
(227 63 61 1 1)
(227 71 66 1 0)
(228 75 68 3/4 0)
(915/4 76 69 1/4 0)
(229 55 57 1 1)
(229 59 59 1 1)
(229 64 62 1 1)
(229 73 67 3/2 0)
(230 54 56 1 1)
(230 58 58 1 1)
(230 64 62 1 1)
(461/2 78 70 1/2 0)
(231 47 52 1 1)
(231 75 68 1/2 0)
(463/2 71 66 1/2 0)
(232 54 56 1 1)
(232 57 58 1 1)
(232 63 61 1 1)
(232 69 65 3/2 0)
(233 54 56 1 1)
(233 57 58 1 1)
(233 63 61 1 1)
(467/2 73 67 1/2 0)
(234 71 66 1/2 0)
(469/2 68 64 1/2 0)
(235 47 52 1 1)
(235 51 54 1 1)
(235 57 58 1 1)
(235 66 63 1 0)
(236 47 52 1 1)
(236 51 54 1 1)
(236 57 58 1 1)
(236 69 65 1 0)
(237 40 48 1 1)
(237 68 64 1/2 0)
(951/4 59 59 1/4 0)
(238 52 55 1 1)
(238 56 57 1 1)
(238 64 62 1 0)
(239 68 64 4/3 0)
(240 54 56 1 1)
(240 59 59 1 1)
(240 64 62 1 1)
(721/3 70 65 1/3 0)
(722/3 71 66 1/3 0)
(241 54 56 1 1)
(241 59 59 1 1)
(241 64 62 1 1)
(241 73 67 1 0)
(242 54 56 1 1)
(242 58 58 1 1)
(242 64 62 1 1)
(242 75 68 1/3 0)
(727/3 76 69 1/3 0)
(728/3 78 70 1/3 0)
(243 54 56 1 1)
(243 61 60 1 1)
(243 64 62 1 1)
(243 80 71 1/3 0)
(730/3 82 72 1/3 0)
(731/3 83 73 1/3 0)
(244 54 56 1 1)
(244 58 58 1 1)
(244 64 62 1 1)
(244 85 74 1 0)
(245 54 56 1 1)
(245 59 59 1 1)
(245 63 61 1 1)
(245 87 75 1 0)
(246 54 56 1 1)
(246 59 59 1 1)
(246 64 62 1 1)
(246 68 64 1/3 0)
(739/3 70 65 1/3 0)
(740/3 71 66 1/3 0)
(247 54 56 1 1)
(247 59 59 1 1)
(247 64 62 1 1)
(247 73 67 3/4 0)
(991/4 75 68 1/4 0)
(248 54 56 1 1)
(248 58 58 1 1)
(248 64 62 1 1)
(248 76 69 1/3 0)
(745/3 78 70 1/3 0)
(746/3 80 71 1/3 0)
(249 54 56 1 1)
(249 64 62 1 1)
(249 82 72 1/3 0)
(748/3 83 73 1/3 0)
(749/3 85 74 1/3 0)
(250 54 56 1 1)
(250 59 59 1 1)
(250 63 61 1 1)
(250 87 75 2 0)
(251 54 56 1 1)
(251 59 59 1 1)
(251 63 61 1 1)
(252 54 56 1 1)
(252 59 59 1 1)
(252 64 62 1 1)
(252 68 64 1/3 0)
(757/3 70 65 1/3 0)
(758/3 71 66 1/3 0)
(253 54 56 1 1)
(253 59 59 1 1)
(253 64 62 1 1)
(253 73 67 1 0)
(254 54 56 1 1)
(254 58 58 1 1)
(254 64 62 1 1)
(254 75 68 1/3 0)
(763/3 76 69 1/3 0)
(764/3 78 70 1/3 0)
(255 54 56 1 1)
(255 61 60 1 1)
(255 64 62 1 1)
(255 80 71 1/3 0)
(766/3 82 72 1/3 0)
(767/3 83 73 1/3 0)
(256 54 56 1 1)
(256 58 58 1 1)
(256 64 62 1 1)
(256 85 74 1 0)
(257 54 56 1 1)
(257 59 59 1 1)
(257 63 61 1 1)
(257 87 75 1 0)
(258 54 56 1 1)
(258 59 59 1 1)
(258 64 62 1 1)
(258 68 64 1/3 0)
(775/3 70 65 1/3 0)
(776/3 71 66 1/3 0)
(259 54 56 1 1)
(259 59 59 1 1)
(259 64 62 1 1)
(259 73 67 3/4 0)
(1039/4 75 68 1/4 0)
(260 54 56 1 1)
(260 58 58 1 1)
(260 64 62 1 1)
(260 76 69 1/3 0)
(781/3 78 70 1/3 0)
(782/3 80 71 1/3 0)
(261 54 56 1 1)
(261 64 62 1 1)
(261 82 72 1/3 0)
(784/3 83 73 1/3 0)
(785/3 85 74 1/3 0)
(262 59 59 1 1)
(262 63 61 1 1)
(262 87 75 1 0)
(263 71 66 1 0)
(264 68 64 3/4 0)
(1059/4 69 65 1/4 0)
(265 47 52 1 1)
(265 51 54 1 1)
(265 57 58 1 1)
(265 66 63 3/2 0)
(266 47 52 1 1)
(266 51 54 1 1)
(266 57 58 1 1)
(533/2 71 66 1/2 0)
(267 40 48 1 1)
(267 68 64 1/2 0)
(1071/4 59 59 1/4 0)
(268 52 55 1 1)
(268 56 57 1 1)
(268 64 62 1 0)
(269 52 55 1 1)
(269 56 57 2 1)
(269 59 59 2 1)
(269 68 64 1 0)
(270 51 54 1 1)
(270 71 66 3/4 0)
(1083/4 73 67 1/4 0)
(271 51 54 1 1)
(271 55 56 1 1)
(271 63 61 1 1)
(271 70 65 3/2 0)
(272 51 54 1 1)
(272 55 56 1 1)
(272 61 60 1 1)
(545/2 75 68 1/2 0)
(273 44 50 1 1)
(273 71 66 1/2 0)
(1095/4 63 61 1/4 0)
(274 56 57 1 1)
(274 59 59 1 1)
(274 68 64 1 0)
(275 56 57 1 1)
(275 59 59 1 1)
(275 63 61 1 1)
(275 71 66 1 0)
(276 75 68 3/4 0)
(1107/4 76 69 1/4 0)
(277 55 57 1 1)
(277 59 59 1 1)
(277 64 62 1 1)
(277 73 67 3/2 0)
(278 54 56 1 1)
(278 58 58 1 1)
(278 64 62 1 1)
(557/2 78 70 1/2 0)
(279 47 52 1 1)
(279 75 68 1/2 0)
(559/2 71 66 1/2 0)
(280 54 56 1 1)
(280 57 58 1 1)
(280 63 61 1 1)
(280 69 65 1 0)
(281 54 56 1 1)
(281 57 58 1 1)
(281 63 61 1 1)
(281 73 67 1 0)
(282 47 52 1 1)
(282 71 66 1/2 0)
(565/2 68 64 1/2 0)
(283 54 56 1 1)
(283 57 58 1 1)
(283 63 61 1 1)
(283 66 63 1/2 0)
(567/2 69 65 1/2 0)
(284 54 56 1 1)
(284 57 58 1 1)
(284 63 61 1 1)
(284 75 68 1/2 0)
(569/2 71 66 1/2 0)
(285 47 52 1 1)
(285 69 65 1/2 0)
(571/2 73 67 1/2 0)
(286 54 56 1 1)
(286 57 58 1 1)
(286 63 61 1 1)
(286 71 66 1/2 0)
(573/2 68 64 1/2 0)
(287 54 56 1 1)
(287 57 58 1 1)
(287 63 61 1 1)
(287 66 63 1/2 0)
(575/2 69 65 1/2 0)
(288 68 64 1/2 0)
(577/2 69 65 1/2 0)
(289 47 52 1 1)
(289 51 54 1 1)
(289 57 58 1 1)
(289 66 63 3/2 0)
(290 47 52 1 1)
(290 51 54 1 1)
(290 57 58 1 1)
(581/2 71 66 1/2 0)
(291 40 48 1 1)
(291 68 64 1/2 0)
(1167/4 59 59 1/4 0)
(292 52 55 1 1)
(292 56 57 1 1)
(292 64 62 1 0)
(293 52 55 1 1)
(293 56 57 2 1)
(293 59 59 2 1)
(293 68 64 1 0)
(294 51 54 1 1)
(294 71 66 3/4 0)
(1179/4 73 67 1/4 0)
(295 51 54 1 1)
(295 55 56 1 1)
(295 63 61 1 1)
(295 70 65 3/2 0)
(296 51 54 1 1)
(296 55 56 1 1)
(296 61 60 1 1)
(593/2 75 68 1/2 0)
(297 44 50 1 1)
(297 71 66 1/2 0)
(1191/4 63 61 1/4 0)
(298 56 57 1 1)
(298 59 59 1 1)
(298 68 64 1 0)
(299 56 57 1 1)
(299 59 59 1 1)
(299 63 61 1 1)
(299 71 66 1 0)
(300 75 68 3/4 0)
(1203/4 76 69 1/4 0)
(301 55 57 1 1)
(301 59 59 1 1)
(301 64 62 1 1)
(301 73 67 3/2 0)
(302 54 56 1 1)
(302 58 58 1 1)
(302 64 62 1 1)
(605/2 78 70 1/2 0)
(303 47 52 1 1)
(303 75 68 1/2 0)
(607/2 71 66 1/2 0)
(304 54 56 1 1)
(304 57 58 1 1)
(304 63 61 1 1)
(304 69 65 3/2 0)
(305 54 56 1 1)
(305 57 58 1 1)
(305 63 61 1 1)
(611/2 73 67 1/2 0)
(306 71 66 1/2 0)
(613/2 68 64 1/2 0)
(307 47 52 1 1)
(307 51 54 1 1)
(307 57 58 1 1)
(307 66 63 3/2 0)
(308 47 52 1 1)
(308 51 54 1 1)
(308 57 58 1 1)
(617/2 69 65 1/2 0)
(309 40 48 1 1)
(309 68 64 1/2 0)
(1239/4 59 59 1/4 0)
(310 52 55 1 1)
(310 56 57 1 1)
(310 64 62 1 0)
(311 68 64 4/3 0)
(312 54 56 1 1)
(312 59 59 1 1)
(312 64 62 1 1)
(937/3 70 65 1/3 0)
(938/3 71 66 1/3 0)
(313 54 56 1 1)
(313 59 59 1 1)
(313 64 62 1 1)
(313 73 67 1 0)
(314 54 56 1 1)
(314 58 58 1 1)
(314 64 62 1 1)
(314 75 68 1/3 0)
(943/3 76 69 1/3 0)
(944/3 78 70 1/3 0)
(315 54 56 1 1)
(315 61 60 1 1)
(315 64 62 1 1)
(315 80 71 1/3 0)
(946/3 82 72 1/3 0)
(947/3 83 73 1/3 0)
(316 54 56 1 1)
(316 58 58 1 1)
(316 64 62 1 1)
(316 85 74 1 0)
(317 54 56 1 1)
(317 59 59 1 1)
(317 63 61 1 1)
(317 87 75 1 0)
(318 54 56 1 1)
(318 59 59 1 1)
(318 64 62 1 1)
(318 68 64 1/3 0)
(955/3 70 65 1/3 0)
(956/3 71 66 1/3 0)
(319 54 56 1 1)
(319 59 59 1 1)
(319 64 62 1 1)
(319 73 67 3/4 0)
(1279/4 75 68 1/4 0)
(320 54 56 1 1)
(320 58 58 1 1)
(320 64 62 1 1)
(320 76 69 1/3 0)
(961/3 78 70 1/3 0)
(962/3 80 71 1/3 0)
(321 54 56 1 1)
(321 64 62 1 1)
(321 82 72 1/3 0)
(964/3 83 73 1/3 0)
(965/3 85 74 1/3 0)
(322 54 56 1 1)
(322 59 59 1 1)
(322 63 61 1 1)
(322 87 75 2 0)
(323 54 56 1 1)
(323 59 59 1 1)
(323 63 61 1 1)
(324 54 56 1 1)
(324 59 59 1 1)
(324 64 62 1 1)
(324 68 64 1/3 0)
(973/3 70 65 1/3 0)
(974/3 71 66 1/3 0)
(325 54 56 1 1)
(325 59 59 1 1)
(325 64 62 1 1)
(325 73 67 1 0)
(326 54 56 1 1)
(326 58 58 1 1)
(326 64 62 1 1)
(326 75 68 1/3 0)
(979/3 76 69 1/3 0)
(980/3 78 70 1/3 0)
(327 54 56 1 1)
(327 61 60 1 1)
(327 64 62 1 1)
(327 80 71 1/3 0)
(982/3 82 72 1/3 0)
(983/3 83 73 1/3 0)
(328 54 56 1 1)
(328 58 58 1 1)
(328 64 62 1 1)
(328 85 74 1 0)
(329 54 56 1 1)
(329 59 59 1 1)
(329 63 61 1 1)
(329 87 75 1 0)
(330 54 56 1 1)
(330 59 59 1 1)
(330 64 62 1 1)
(330 68 64 1/3 0)
(991/3 70 65 1/3 0)
(992/3 71 66 1/3 0)
(331 54 56 1 1)
(331 59 59 1 1)
(331 64 62 1 1)
(331 73 67 3/4 0)
(1327/4 75 68 1/4 0)
(332 54 56 1 1)
(332 58 58 1 1)
(332 64 62 1 1)
(332 76 69 1/3 0)
(997/3 78 70 1/3 0)
(998/3 80 71 1/3 0)
(333 54 56 1 1)
(333 64 62 1 1)
(333 82 72 1/3 0)
(1000/3 83 73 1/3 0)
(1001/3 85 74 1/3 0)
(334 59 59 1 1)
(334 63 61 1 1)
(334 87 75 1 0)
(335 71 66 1 0)
(336 68 64 3/4 0)
(1347/4 69 65 1/4 0)
(337 47 52 1 1)
(337 51 54 1 1)
(337 57 58 1 1)
(337 66 63 3/2 0)
(338 47 52 1 1)
(338 51 54 1 1)
(338 57 58 1 1)
(677/2 71 66 1/2 0)
(339 40 48 1 1)
(339 68 64 1/2 0)
(1359/4 59 59 1/4 0)
(340 52 55 1 1)
(340 56 57 1 1)
(340 64 62 1 0)
(341 52 55 1 1)
(341 56 57 2 1)
(341 59 59 2 1)
(341 68 64 1 0)
(342 51 54 1 1)
(342 71 66 3/4 0)
(1371/4 73 67 1/4 0)
(343 51 54 1 1)
(343 55 56 1 1)
(343 63 61 1 1)
(343 70 65 3/2 0)
(344 51 54 1 1)
(344 55 56 1 1)
(344 61 60 1 1)
(689/2 75 68 1/2 0)
(345 44 50 1 1)
(345 71 66 1/2 0)
(1383/4 63 61 1/4 0)
(346 56 57 1 1)
(346 59 59 1 1)
(346 68 64 1 0)
(347 56 57 1 1)
(347 59 59 1 1)
(347 63 61 1 1)
(347 71 66 1 0)
(348 75 68 3/4 0)
(1395/4 76 69 1/4 0)
(349 55 57 1 1)
(349 59 59 1 1)
(349 64 62 1 1)
(349 73 67 3/2 0)
(350 54 56 1 1)
(350 58 58 1 1)
(350 64 62 1 1)
(701/2 78 70 1/2 0)
(351 47 52 1 1)
(351 75 68 1/2 0)
(703/2 71 66 1/2 0)
(352 54 56 1 1)
(352 57 58 1 1)
(352 63 61 1 1)
(352 69 65 1 0)
(353 54 56 1 1)
(353 57 58 1 1)
(353 63 61 1 1)
(353 73 67 1 0)
(354 47 52 1 1)
(354 71 66 1/2 0)
(709/2 68 64 1/2 0)
(355 54 56 1 1)
(355 57 58 1 1)
(355 63 61 1 1)
(355 66 63 1/2 0)
(711/2 69 65 1/2 0)
(356 54 56 1 1)
(356 57 58 1 1)
(356 63 61 1 1)
(356 75 68 1/2 0)
(713/2 71 66 1/2 0)
(357 47 52 1 1)
(357 69 65 1/2 0)
(715/2 73 67 1/2 0)
(358 54 56 1 1)
(358 57 58 1 1)
(358 63 61 1 1)
(358 71 66 1/2 0)
(717/2 68 64 1/2 0)
(359 54 56 1 1)
(359 57 58 1 1)
(359 63 61 1 1)
(359 66 63 1/2 0)
(719/2 69 65 1/2 0)
(360 68 64 1/2 0)
(721/2 69 65 1/2 0)
(361 47 52 1 1)
(361 51 54 1 1)
(361 57 58 1 1)
(361 66 63 3/2 0)
(362 47 52 1 1)
(362 51 54 1 1)
(362 57 58 1 1)
(725/2 71 66 1/2 0)
(363 40 48 1 1)
(363 68 64 1/2 0)
(1455/4 59 59 1/4 0)
(364 52 55 1 1)
(364 56 57 1 1)
(364 64 62 1 0)
(365 52 55 1 1)
(365 56 57 2 1)
(365 59 59 2 1)
(365 68 64 1 0)
(366 51 54 1 1)
(366 71 66 3/4 0)
(1467/4 73 67 1/4 0)
(367 51 54 1 1)
(367 55 56 1 1)
(367 63 61 1 1)
(367 70 65 3/2 0)
(368 51 54 1 1)
(368 55 56 1 1)
(368 61 60 1 1)
(737/2 75 68 1/2 0)
(369 44 50 1 1)
(369 71 66 1/2 0)
(1479/4 63 61 1/4 0)
(370 56 57 1 1)
(370 59 59 1 1)
(370 68 64 1 0)
(371 56 57 1 1)
(371 59 59 1 1)
(371 63 61 1 1)
(371 71 66 1 0)
(372 75 68 3/4 0)
(1491/4 76 69 1/4 0)
(373 55 57 1 1)
(373 59 59 1 1)
(373 64 62 1 1)
(373 73 67 3/2 0)
(374 54 56 1 1)
(374 58 58 1 1)
(374 64 62 1 1)
(749/2 78 70 1/2 0)
(375 47 52 1 1)
(375 75 68 1/2 0)
(751/2 71 66 1/2 0)
(376 54 56 1 1)
(376 57 58 1 1)
(376 63 61 1 1)
(376 69 65 3/2 0)
(377 54 56 1 1)
(377 57 58 1 1)
(377 63 61 1 1)
(755/2 73 67 1/2 0)
(378 71 66 1/2 0)
(757/2 68 64 1/2 0)
(379 47 52 1 1)
(379 51 54 1 1)
(379 57 58 1 1)
(379 66 63 3/2 0)
(380 47 52 1 1)
(380 51 54 1 1)
(380 57 58 1 1)
(761/2 69 65 1/2 0)
(381 40 48 1 1)
(381 68 64 1/2 0)
(1527/4 59 59 1/4 0)
(382 52 55 1 1)
(382 56 57 1 1)
(382 64 62 2 0)
(383 64 62 1 1)
(384 55 57 1 1)
(384 61 61 1 1)
(384 64 63 1 1)
(384 72 67 3/4 0)
(1539/4 70 66 1/4 0)
(385 56 58 1 1)
(385 60 60 2 1)
(385 63 62 2 1)
(385 68 65 1/2 0)
(771/2 70 66 1/2 0)
(386 51 55 1 1)
(386 72 67 1 0)
(387 55 57 1 1)
(387 61 61 1 1)
(387 64 63 1 1)
(1551/4 70 66 1/4 0)
(388 56 58 1 1)
(388 60 60 2 1)
(388 63 62 2 1)
(388 68 65 1/2 0)
(777/2 77 70 1/2 0)
(389 51 55 1 1)
(389 75 69 1 0)
(390 55 57 1 1)
(390 61 61 1 1)
(390 64 63 1 1)
(390 72 67 3/4 0)
(1563/4 70 66 1/4 0)
(391 56 58 1 1)
(391 60 60 2 1)
(391 63 62 2 1)
(391 68 65 1/2 0)
(783/2 70 66 1/2 0)
(392 51 55 1 1)
(392 72 67 1 0)
(393 56 58 3/4 1)
(393 61 61 3 1)
(393 63 62 3 0)
(1575/4 55 57 1/4 1)
(394 53 56 1/2 1)
(789/2 55 57 1/2 1)
(395 51 55 1 1)
(396 55 57 1 1)
(396 61 61 1 1)
(396 64 63 1 1)
(396 72 67 3/4 0)
(1587/4 70 66 1/4 0)
(397 56 58 1 1)
(397 60 60 2 1)
(397 63 62 2 1)
(397 68 65 1/2 0)
(795/2 70 66 1/2 0)
(398 51 55 1 1)
(398 72 67 7/4 0)
(399 55 57 1 1)
(399 61 61 1 1)
(399 64 63 1 1)
(1599/4 70 66 1/4 0)
(400 56 58 2 1)
(400 60 60 1 1)
(400 63 62 2 1)
(400 68 65 2 0)
(801/2 79 71 1/2 0)
(401 59 60 1 1)
(401 77 70 1 0)
(402 51 55 1 1)
(402 58 59 1 1)
(402 63 62 1 1)
(402 67 64 1 0)
(402 70 66 1 0)
(403 59 60 1 1)
(403 62 61 2 1)
(403 68 65 2 0)
(1615/4 79 71 1/4 0)
(404 51 55 1 1)
(404 77 70 1 0)
(405 59 60 2 1)
(405 62 61 2 1)
(405 68 65 2 0)
(1623/4 79 71 1/4 0)
(406 51 55 2 1)
(406 77 70 1 0)
(407 58 59 1 1)
(407 63 62 1 1)
(407 67 64 1 0)
(407 70 66 1 0)
(408 55 57 1 1)
(408 61 61 1 1)
(408 64 63 1 1)
(408 72 67 3/4 0)
(1635/4 70 66 1/4 0)
(409 56 58 1 1)
(409 60 60 2 1)
(409 63 62 2 1)
(409 68 65 1/2 0)
(819/2 70 66 1/2 0)
(410 51 55 1 1)
(410 72 67 7/4 0)
(411 55 57 1 1)
(411 61 61 1 1)
(411 64 63 1 1)
(1647/4 70 66 1/4 0)
(412 56 58 1 1)
(412 60 60 2 1)
(412 63 62 2 1)
(412 68 65 1/2 0)
(825/2 77 70 1/2 0)
(413 51 55 1 1)
(413 75 69 1 0)
(414 55 57 1 1)
(414 61 61 1 1)
(414 64 63 1 1)
(414 72 67 3/4 0)
(1659/4 70 66 1/4 0)
(415 56 58 1 1)
(415 60 60 2 1)
(415 63 62 2 1)
(415 67 64 1/3 0)
(1246/3 68 65 1/3 0)
(1247/3 70 66 1/3 0)
(416 51 55 1 1)
(416 71 66 1/3 0)
(1249/3 73 68 1/3 0)
(2501/6 72 67 1/6 0)
(417 56 58 3/4 1)
(417 61 61 3 1)
(417 63 62 3 0)
(1671/4 55 57 1/4 1)
(418 53 56 1/2 1)
(837/2 55 57 1/2 1)
(419 51 55 1 1)
(420 55 57 1 1)
(420 61 61 1 1)
(420 64 63 1 1)
(420 72 67 1/2 0)
(1683/4 70 66 1/4 0)
(421 56 58 1 1)
(421 60 60 2 1)
(421 63 62 2 1)
(421 68 65 1/2 0)
(843/2 70 66 1/2 0)
(422 51 55 1 1)
(422 72 67 13/8 0)
(423 55 57 1 1)
(423 61 61 1 1)
(423 64 63 1 1)
(3389/8 70 66 1/8 0)
(1695/4 72 67 1/8 0)
(3391/8 70 66 1/8 0)
(424 56 58 1 1)
(424 60 60 1 1)
(424 63 62 1 1)
(424 68 65 1/2 0)
(1699/4 80 72 1/4 0)
(425 62 61 1 1)
(425 68 65 1 1)
(425 71 67 1 1)
(425 77 70 1 0)
(426 63 62 1 1)
(426 67 64 1 1)
(426 70 66 3/4 0)
(1707/4 72 67 1/4 0)
(427 58 59 1 1)
(427 65 63 1 1)
(427 73 68 1 0)
(428 51 55 1 1)
(428 63 62 3/4 1)
(428 67 64 1 0)
(428 72 67 3/4 0)
(1715/4 61 61 1/4 1)
(1715/4 70 66 1/4 0)
(429 56 58 2 1)
(429 65 63 3/4 1)
(429 68 65 2 0)
(429 73 68 3/4 0)
(1719/4 63 62 1/4 1)
(1719/4 72 67 1/4 0)
(430 60 60 1 1)
(430 68 65 1 0)
(431 65 63 1 0)
(432 73 68 1 0)
(433 46 52 1 1)
(433 53 56 1 1)
(433 61 61 1 1)
(433 70 66 3/4 0)
(1735/4 73 68 1/4 0)
(434 46 52 1 1)
(434 53 56 1 1)
(434 61 61 1 1)
(434 65 63 1 0)
(434 77 70 1 0)
(435 76 69 3/4 0)
(1743/4 72 67 1/4 0)
(436 46 52 1 1)
(436 53 56 1 1)
(436 60 60 1 1)
(436 75 69 1/2 0)
(873/2 73 68 1/2 0)
(437 46 52 1 1)
(437 53 56 1 1)
(437 61 61 1 1)
(437 70 66 1 0)
(437 82 73 1 0)
(438 73 68 1 0)
(439 46 52 1 1)
(439 53 56 1 1)
(439 61 61 1 1)
(439 70 66 1/2 0)
(879/2 73 68 1/2 0)
(440 46 52 1 1)
(440 53 56 1 1)
(440 61 61 1 1)
(440 65 63 1 0)
(440 77 70 3 0)
(441 76 69 1/2 0)
(883/2 72 67 1/2 0)
(442 46 52 1 1)
(442 53 56 1 1)
(442 60 60 1 1)
(442 75 69 1/2 0)
(885/2 73 68 1/2 0)
(443 46 52 1 1)
(443 53 56 1 1)
(443 61 61 1 1)
(443 70 66 1 0)
(443 82 73 3 0)
(444 76 69 1/2 0)
(889/2 72 67 1/2 0)
(445 46 52 1 1)
(445 53 56 1 1)
(445 60 60 1 1)
(445 75 69 1/2 0)
(891/2 73 68 1/2 0)
(446 46 52 1 1)
(446 53 56 1 1)
(446 61 61 1 1)
(446 70 66 1 0)
(446 82 73 3 0)
(447 76 69 1/2 0)
(895/2 72 67 1/2 0)
(448 46 52 1 1)
(448 53 56 1 1)
(448 60 60 1 1)
(448 75 69 1/2 0)
(897/2 73 68 1/2 0)
(449 46 52 1 1)
(449 53 56 1 1)
(449 61 61 1 1)
(449 70 66 1 0)
(449 82 73 1 0)
(450 73 68 2 0)
(451 55 57 1 1)
(451 58 59 1 1)
(451 64 63 1 1)
(452 56 58 1 1)
(452 59 60 1 1)
(452 64 63 1 1)
(452 71 67 1 0)
(453 55 57 1 1)
(453 58 59 1 1)
(453 64 63 1 1)
(453 73 68 1 0)
(454 56 58 1 1)
(454 59 60 1 1)
(454 64 63 1 1)
(454 71 67 1 0)
(455 55 57 2 1)
(455 61 61 2 1)
(455 64 63 2 1)
(455 70 66 1 0)
(456 72 67 3/4 0)
(1827/4 70 66 1/4 0)
(457 56 58 1 1)
(457 60 60 2 1)
(457 63 62 2 1)
(457 68 65 1/2 0)
(915/2 70 66 1/2 0)
(458 51 55 1 1)
(458 72 67 7/4 0)
(459 55 57 1 1)
(459 61 61 1 1)
(459 64 63 1 1)
(1839/4 70 66 1/4 0)
(460 56 58 1 1)
(460 60 60 2 1)
(460 63 62 2 1)
(460 68 65 1/2 0)
(1843/4 77 70 1/4 0)
(461 51 55 1 1)
(461 75 69 1 0)
(462 55 57 1 1)
(462 61 61 1 1)
(462 64 63 1 1)
(462 72 67 3/4 0)
(1851/4 70 66 1/4 0)
(463 56 58 1 1)
(463 60 60 2 1)
(463 63 62 2 1)
(463 68 65 1/2 0)
(927/2 70 66 1/2 0)
(464 51 55 1 1)
(464 71 66 1/3 0)
(1393/3 73 68 1/3 0)
(2789/6 72 67 1/6 0)
(465 56 58 3/4 1)
(465 61 61 3 1)
(465 63 62 3 0)
(1863/4 55 57 1/4 1)
(466 53 56 1/2 1)
(933/2 55 57 1/2 1)
(467 51 55 1 1)
(468 55 57 1 1)
(468 61 61 1 1)
(468 64 63 1 1)
(468 72 67 1/2 0)
(1875/4 70 66 1/4 0)
(469 56 58 1 1)
(469 60 60 2 1)
(469 63 62 2 1)
(469 68 65 1/2 0)
(939/2 70 66 1/2 0)
(470 51 55 1 1)
(470 72 67 7/4 0)
(471 55 57 1 1)
(471 61 61 1 1)
(471 64 63 1 1)
(1887/4 70 66 1/4 0)
(472 56 58 2 1)
(472 60 60 1 1)
(472 63 62 2 1)
(472 68 65 2 0)
(945/2 79 71 1/2 0)
(473 59 60 1 1)
(473 77 70 1 0)
(474 51 55 1 1)
(474 58 59 1 1)
(474 63 62 1 1)
(474 67 64 1 0)
(474 70 66 1 0)
(475 59 60 1 1)
(475 62 61 2 1)
(475 68 65 2 0)
(1903/4 79 71 1/4 0)
(476 51 55 1 1)
(476 77 70 1 0)
(477 59 60 2 1)
(477 62 61 2 1)
(477 68 65 2 0)
(1911/4 79 71 1/4 0)
(478 51 55 1 1)
(478 77 70 1 0)
(479 58 59 1 1)
(479 63 62 1 1)
(479 67 64 1 0)
(479 70 66 1 0)
(480 55 57 1 1)
(480 61 61 1 1)
(480 64 63 1 1)
(480 72 67 3/4 0)
(1923/4 70 66 1/4 0)
(481 56 58 1 1)
(481 60 60 2 1)
(481 63 62 2 1)
(481 68 65 1/2 0)
(963/2 70 66 1/2 0)
(482 51 55 1 1)
(482 72 67 7/4 0)
(483 55 57 1 1)
(483 61 61 1 1)
(483 64 63 1 1)
(1935/4 70 66 1/4 0)
(484 56 58 1 1)
(484 60 60 2 1)
(484 63 62 2 1)
(484 68 65 1/2 0)
(969/2 77 70 1/2 0)
(485 51 55 1 1)
(485 75 69 1 0)
(486 55 57 1 1)
(486 61 61 1 1)
(486 64 63 1 1)
(486 72 67 1/3 0)
(1459/3 71 67 1/3 0)
(1460/3 70 66 1/3 0)
(487 56 58 1 1)
(487 60 60 2 1)
(487 63 62 2 1)
(487 67 64 1/3 0)
(1462/3 68 65 1/3 0)
(1463/3 70 66 1/3 0)
(488 51 55 1 1)
(488 71 66 1/3 0)
(1465/3 73 68 1/3 0)
(2933/6 72 67 1/6 0)
(489 56 58 3/4 1)
(489 61 61 3 1)
(489 63 62 3 0)
(1959/4 55 57 1/4 1)
(490 53 56 1/2 1)
(981/2 55 57 1/2 1)
(491 51 55 1 1)
(492 55 57 1 1)
(492 61 61 1 1)
(492 64 63 1 1)
(492 72 67 1/2 0)
(1971/4 70 66 1/4 0)
(493 56 58 1 1)
(493 60 60 2 1)
(493 63 62 2 1)
(493 68 65 1/2 0)
(987/2 70 66 1/2 0)
(494 51 55 1 1)
(494 72 67 13/8 0)
(495 55 57 1 1)
(495 61 61 1 1)
(495 64 63 1 1)
(3965/8 70 66 1/8 0)
(1983/4 72 67 1/8 0)
(3967/8 70 66 1/8 0)
(496 56 58 1 1)
(496 60 60 1 1)
(496 63 62 1 1)
(496 68 65 1/2 0)
(1987/4 80 72 1/4 0)
(497 62 61 1 1)
(497 68 65 1 1)
(497 71 67 1 1)
(497 77 70 1 0)
(498 63 62 1 1)
(498 67 64 1 1)
(498 70 66 3/4 0)
(1995/4 72 67 1/4 0)
(499 58 59 1 1)
(499 65 63 1 1)
(499 73 68 1 0)
(500 51 55 1 1)
(500 63 62 3/4 1)
(500 67 64 1 0)
(500 72 67 3/4 0)
(2003/4 61 61 1/4 1)
(2003/4 70 66 1/4 0)
(501 56 58 2 1)
(501 65 63 3/4 1)
(501 68 65 1 0)
(501 73 68 3/4 0)
(2007/4 63 62 1/4 1)
(2007/4 72 67 1/4 0)
(502 60 60 1 1)
(502 68 65 1 0)
