(-1 65 63 1 0)
(0 34 45 1 1)
(0 46 52 1 1)
(0 74 68 3/2 0)
(0 77 70 3/2 0)
(1 53 56 1 1)
(1 58 59 1 1)
(1 62 61 1 1)
(3/2 73 67 1/2 0)
(3/2 76 69 1/2 0)
(2 53 56 1 1)
(2 58 59 1 1)
(2 62 61 1 1)
(2 74 68 1/2 0)
(2 77 70 1/2 0)
(5/2 73 67 1/2 0)
(5/2 76 69 1/2 0)
(3 46 52 1 1)
(3 74 68 1/2 0)
(3 77 70 1/2 0)
(15/4 70 66 1/4 0)
(4 51 55 1 1)
(4 58 59 1 1)
(4 67 64 1 0)
(4 75 69 1 0)
(5 46 52 1 1)
(5 58 59 1 1)
(5 65 63 1 0)
(5 74 68 1 0)
(6 29 42 1 1)
(6 41 49 1 1)
(6 63 62 3/2 0)
(6 72 67 3/2 0)
(7 53 56 1 1)
(7 57 58 1 1)
(15/2 67 64 1/2 0)
(15/2 75 69 1/2 0)
(8 65 63 1/2 0)
(8 74 68 1/2 0)
(17/2 63 62 1/2 0)
(17/2 72 67 1/2 0)
(9 34 45 1 1)
(9 46 52 1 1)
(9 65 63 1/2 0)
(9 74 68 1/2 0)
(39/4 65 63 1/4 0)
(10 46 52 1 1)
(10 53 56 1 1)
(10 58 59 1 1)
(10 62 61 1 0)
(10 70 66 1 0)
(11 46 52 1 1)
(11 53 56 1 1)
(11 58 59 1 1)
(11 62 61 1 0)
(11 65 63 1 0)
(11 74 68 1 0)
(12 34 45 1 1)
(12 46 52 1 1)
(12 74 68 1/2 0)
(12 77 70 1/2 0)
(51/4 74 68 1/4 0)
(51/4 77 70 1/4 0)
(13 53 56 1 1)
(13 58 59 1 1)
(13 62 61 1 1)
(13 74 68 1 0)
(13 77 70 1 0)
(14 53 56 1 1)
(14 58 59 1 1)
(14 62 61 1 1)
(14 74 68 1/2 0)
(14 77 70 1/2 0)
(29/2 73 67 1/2 0)
(29/2 76 69 1/2 0)
(15 46 52 1 1)
(15 74 68 1/2 0)
(15 77 70 1/2 0)
(63/4 70 66 1/4 0)
(16 51 55 1 1)
(16 58 59 1 1)
(16 67 64 1 0)
(16 75 69 1 0)
(17 46 52 1 1)
(17 58 59 1 1)
(17 65 63 1 0)
(17 70 66 1 0)
(17 74 68 1 0)
(18 29 42 1 1)
(18 41 49 1 1)
(18 63 62 1 0)
(18 70 66 1 0)
(18 72 67 3/2 0)
(19 53 56 1 1)
(19 60 60 1 1)
(19 69 65 1/2 0)
(39/2 67 64 1/2 0)
(39/2 75 69 1/2 0)
(20 65 63 1/2 0)
(20 74 68 1/2 0)
(41/2 63 62 1/2 0)
(41/2 72 67 1/2 0)
(21 34 45 1 1)
(21 46 52 1 1)
(21 65 63 1/2 0)
(21 74 68 1/2 0)
(87/4 65 63 1/4 0)
(22 46 52 1 1)
(22 53 56 1 1)
(22 58 59 1 1)
(22 62 61 1 0)
(22 65 63 1 0)
(22 70 66 1 0)
(23 46 52 1 1)
(23 53 56 1 1)
(23 58 59 1 1)
(23 62 61 1 0)
(23 65 63 1 0)
(23 74 68 1 0)
(24 36 46 1 1)
(24 48 53 1 1)
(24 60 60 1 0)
(25 60 60 3/2 1)
(25 67 64 3/2 1)
(25 70 66 3/2 0)
(25 76 69 3/2 0)
(25 82 73 3/2 0)
(53/2 60 60 1/2 1)
(53/2 67 64 1/2 1)
(53/2 70 66 1/2 0)
(53/2 76 69 1/2 0)
(53/2 81 72 1/2 0)
(27 60 60 3/4 1)
(27 67 64 3/4 1)
(27 70 66 3/4 0)
(27 76 69 3/4 0)
(27 78 70 3/4 0)
(111/4 60 60 1/4 1)
(111/4 67 64 1/4 1)
(111/4 70 66 1/4 0)
(111/4 76 69 1/4 0)
(111/4 79 71 1/4 0)
(28 60 60 1 1)
(28 67 64 1 1)
(28 70 66 1 0)
(28 76 69 1 0)
(28 81 72 1 0)
(29 60 60 1 1)
(29 67 64 1 1)
(29 70 66 1 0)
(29 76 69 1 0)
(29 79 71 1 0)
(30 36 46 1 1)
(30 48 53 1 1)
(30 60 60 1 0)
(31 60 60 3/2 1)
(31 67 64 3/2 1)
(31 70 66 3/2 0)
(31 76 69 3/2 0)
(31 81 72 3/2 0)
(65/2 60 60 1/2 1)
(65/2 67 64 1/2 1)
(65/2 70 66 1/2 0)
(65/2 76 69 1/2 0)
(65/2 79 71 1/2 0)
(33 53 56 1/2 1)
(33 60 60 1/2 1)
(33 65 63 1/2 1)
(33 69 65 1/2 0)
(33 77 70 1/2 0)
(135/4 53 56 1/4 1)
(135/4 60 60 1/4 1)
(135/4 65 63 1/4 1)
(135/4 70 66 1/4 0)
(135/4 74 68 1/4 0)
(34 53 56 1 1)
(34 60 60 1 1)
(34 65 63 1 1)
(34 69 65 1 0)
(34 72 67 1 0)
(35 53 56 1 1)
(35 60 60 1 1)
(35 65 63 1 1)
(35 69 65 1 0)
(35 77 70 1 0)
(36 36 46 1 1)
(36 48 53 1 1)
(36 60 60 1 0)
(37 60 60 3/2 1)
(37 67 64 3/2 1)
(37 70 66 3/2 0)
(37 76 69 3/2 0)
(37 82 73 3/2 0)
(77/2 60 60 1/2 1)
(77/2 67 64 1/2 1)
(77/2 70 66 1/2 0)
(77/2 76 69 1/2 0)
(77/2 81 72 1/2 0)
(39 60 60 3/4 1)
(39 67 64 3/4 1)
(39 70 66 3/4 0)
(39 76 69 3/4 0)
(39 78 70 3/4 0)
(159/4 60 60 1/4 1)
(159/4 67 64 1/4 1)
(159/4 70 66 1/4 0)
(159/4 76 69 1/4 0)
(159/4 79 71 1/4 0)
(40 60 60 1 1)
(40 67 64 1 1)
(40 70 66 1 0)
(40 76 69 1 0)
(40 81 72 1 0)
(41 60 60 1 1)
(41 67 64 1 1)
(41 70 66 1 0)
(41 76 69 1 0)
(41 79 71 1 0)
(42 65 63 1/2 1)
(42 69 65 1/2 1)
(42 75 69 1/2 0)
(42 84 74 1/2 0)
(171/4 58 59 1/4 1)
(171/4 68 65 1/4 1)
(171/4 74 68 1/4 0)
(171/4 77 70 1/4 0)
(43 63 62 1 1)
(43 67 64 1 1)
(43 73 68 1 0)
(43 82 73 1 0)
(44 56 58 1 1)
(44 66 64 1 1)
(44 72 67 1 0)
(44 75 69 1 0)
(45 62 61 1/2 1)
(45 65 63 1/2 1)
(45 72 67 1/2 0)
(45 80 72 1/2 0)
(183/4 55 57 1/4 1)
(183/4 65 63 1/4 1)
(183/4 71 66 1/4 0)
(183/4 74 68 1/4 0)
(46 60 60 1 1)
(46 64 62 1 1)
(46 70 66 1 0)
(46 79 71 1 0)
(47 53 56 1 1)
(47 63 62 1 1)
(47 69 65 1 0)
(47 72 67 1 0)
(48 34 45 1 1)
(48 46 52 1 1)
(48 68 65 1 0)
(48 74 68 3/2 0)
(48 77 70 3/2 0)
(49 58 59 1 1)
(49 65 63 1 1)
(49 68 65 1 0)
(99/2 79 71 1/2 0)
(50 58 59 1 1)
(50 65 63 1 1)
(50 68 65 1 0)
(50 74 68 1/2 0)
(50 77 70 1/2 0)
(101/2 73 67 1/2 0)
(101/2 76 69 1/2 0)
(51 46 52 1 1)
(51 58 59 1 1)
(51 68 65 1/2 0)
(51 74 68 1/2 0)
(51 77 70 1/2 0)
(207/4 70 66 1/4 0)
(52 51 55 1 1)
(52 58 59 1 1)
(52 66 64 1 0)
(52 70 66 1 0)
(52 75 69 1 0)
(53 53 56 1 1)
(53 58 59 1 1)
(53 65 63 1 0)
(53 70 66 1 0)
(53 74 68 1 0)
(54 54 57 1 1)
(54 58 59 1 1)
(54 63 62 1 0)
(54 70 66 2 0)
(54 72 67 3/2 0)
(55 51 55 1 1)
(55 66 64 1 0)
(111/2 75 69 1/2 0)
(56 53 56 1 1)
(56 65 63 1/2 0)
(56 69 65 1/2 0)
(56 74 68 1/2 0)
(113/2 63 62 1/2 0)
(113/2 72 67 1/2 0)
(57 34 45 1 1)
(57 46 52 1 1)
(57 65 63 1/2 0)
(57 74 68 1/2 0)
(231/4 65 63 1/4 0)
(58 46 52 1 1)
(58 53 56 1 1)
(58 58 59 1 1)
(58 62 61 1 0)
(58 65 63 1 0)
(58 70 66 1 0)
(59 46 52 1 1)
(59 53 56 1 1)
(59 58 59 1 1)
(59 62 61 1 0)
(59 65 63 1 0)
(59 74 68 1 0)
(60 56 58 1 1)
(60 62 61 1 1)
(60 65 63 1 1)
(60 72 67 1 0)
(60 77 70 3/2 0)
(61 56 58 1 1)
(61 62 61 1 1)
(61 65 63 1 1)
(61 72 67 1 0)
(123/2 79 71 1/2 0)
(62 56 58 1 1)
(62 62 61 1 1)
(62 65 63 1 1)
(62 72 67 1 0)
(62 77 70 1/2 0)
(125/2 76 69 1/2 0)
(63 55 57 1/2 1)
(63 62 61 1/2 1)
(63 71 66 1 0)
(63 77 70 1/2 0)
(255/4 55 57 1/4 1)
(255/4 62 61 1/4 1)
(255/4 71 66 1/4 0)
(64 55 57 1 1)
(64 67 64 1 1)
(64 71 66 1 0)
(64 75 69 1 0)
(65 55 57 1 1)
(65 65 63 1 1)
(65 71 66 1 0)
(65 74 68 1 0)
(66 60 60 1 1)
(66 64 62 1 1)
(66 70 66 1 0)
(66 72 67 3/2 0)
(67 53 56 2 1)
(67 63 62 1/2 1)
(67 69 65 2 0)
(135/2 67 64 1/2 1)
(135/2 75 69 1/2 0)
(68 65 63 1/2 1)
(68 74 68 1/2 0)
(137/2 63 62 1/2 1)
(137/2 72 67 1/2 0)
(69 58 59 1/2 1)
(69 62 61 1/2 1)
(69 70 66 1/2 0)
(69 74 68 1/2 0)
(279/4 53 56 1/4 1)
(279/4 60 60 1/4 1)
(279/4 65 63 1/4 0)
(279/4 72 67 1/4 0)
(70 46 52 1 1)
(70 58 59 1 1)
(70 62 61 1 0)
(70 70 66 1 0)
(71 34 45 1 1)
(71 46 52 1 1)
(71 70 66 1 0)
(71 82 73 1 0)
(72 36 46 1 1)
(72 48 53 1 1)
(72 60 60 1 0)
(73 60 60 3/2 1)
(73 67 64 3/2 1)
(73 70 66 3/2 0)
(73 76 69 3/2 0)
(73 82 73 3/2 0)
(149/2 60 60 1/2 1)
(149/2 67 64 1/2 1)
(149/2 70 66 1/2 0)
(149/2 76 69 1/2 0)
(149/2 81 72 1/2 0)
(75 60 60 3/4 1)
(75 67 64 3/4 1)
(75 70 66 3/4 0)
(75 76 69 3/4 0)
(75 78 70 3/4 0)
(303/4 60 60 1/4 1)
(303/4 67 64 1/4 1)
(303/4 70 66 1/4 0)
(303/4 76 69 1/4 0)
(303/4 79 71 1/4 0)
(76 60 60 1 1)
(76 67 64 1 1)
(76 70 66 1 0)
(76 76 69 1 0)
(76 81 72 1 0)
(77 60 60 1 1)
(77 67 64 1 1)
(77 70 66 1 0)
(77 76 69 1 0)
(77 79 71 1 0)
(78 36 46 1 1)
(78 48 53 1 1)
(78 60 60 1 0)
(79 60 60 3/2 1)
(79 67 64 3/2 1)
(79 70 66 3/2 0)
(79 76 69 3/2 0)
(79 81 72 3/2 0)
(161/2 60 60 1/2 1)
(161/2 67 64 1/2 1)
(161/2 70 66 1/2 0)
(161/2 76 69 1/2 0)
(161/2 79 71 1/2 0)
(81 53 56 1/2 1)
(81 60 60 1/2 1)
(81 65 63 1/2 1)
(81 69 65 1/2 0)
(81 77 70 1/2 0)
(327/4 53 56 1/4 1)
(327/4 62 61 1/4 1)
(327/4 65 63 1/4 1)
(327/4 70 66 1/4 0)
(327/4 74 68 1/4 0)
(82 53 56 1 1)
(82 60 60 1 1)
(82 65 63 1 1)
(82 69 65 1 0)
(82 72 67 1 0)
(83 53 56 1 1)
(83 60 60 1 1)
(83 65 63 1 1)
(83 69 65 1 0)
(83 77 70 1 0)
(84 36 46 1 1)
(84 48 53 1 1)
(84 60 60 1 0)
(85 60 60 3/2 1)
(85 67 64 3/2 1)
(85 70 66 3/2 0)
(85 76 69 3/2 0)
(85 82 73 3/2 0)
(173/2 60 60 1/2 1)
(173/2 67 64 1/2 1)
(173/2 70 66 1/2 0)
(173/2 76 69 1/2 0)
(173/2 81 72 1/2 0)
(87 60 60 3/4 1)
(87 67 64 3/4 1)
(87 70 66 3/4 0)
(87 76 69 3/4 0)
(87 78 70 3/4 0)
(351/4 60 60 1/4 1)
(351/4 67 64 1/4 1)
(351/4 70 66 1/4 0)
(351/4 76 69 1/4 0)
(351/4 79 71 1/4 0)
(88 60 60 1 1)
(88 67 64 1 1)
(88 70 66 1 0)
(88 76 69 1 0)
(88 81 72 1 0)
(89 60 60 1 1)
(89 67 64 1 1)
(89 70 66 1 0)
(89 76 69 1 0)
(89 79 71 1 0)
(90 65 63 1/2 1)
(90 69 65 1/2 1)
(90 75 69 1/2 0)
(90 84 74 1/2 0)
(363/4 58 59 1/4 1)
(363/4 68 65 1/4 1)
(363/4 74 68 1/4 0)
(363/4 77 70 1/4 0)
(91 63 62 1 1)
(91 67 64 1 1)
(91 73 68 1 0)
(91 82 73 1 0)
(92 56 58 1 1)
(92 66 64 1 1)
(92 72 67 1 0)
(92 75 69 1 0)
(93 62 61 1/2 1)
(93 65 63 1/2 1)
(93 72 67 1/2 0)
(93 80 72 1/2 0)
(375/4 55 57 1/4 1)
(375/4 65 63 1/4 1)
(375/4 71 66 1/4 0)
(375/4 74 68 1/4 0)
(94 60 60 1 1)
(94 64 62 1 1)
(94 70 66 1 0)
(94 79 71 1 0)
(95 53 56 1 1)
(95 63 62 1 1)
(95 69 65 1 0)
(95 72 67 1 0)
(96 34 45 1 1)
(96 46 52 1 1)
(96 68 65 1 0)
(96 74 68 3/2 0)
(96 77 70 3/2 0)
(97 58 59 1 1)
(97 65 63 1 1)
(97 68 65 1 0)
(195/2 79 71 1/2 0)
(98 58 59 1 1)
(98 65 63 1 1)
(98 68 65 1 0)
(98 74 68 1/2 0)
(98 77 70 1/2 0)
(197/2 73 67 1/2 0)
(197/2 76 69 1/2 0)
(99 46 52 1 1)
(99 58 59 1 1)
(99 68 65 1/2 0)
(99 74 68 1/2 0)
(99 77 70 1/2 0)
(399/4 70 66 1/4 0)
(100 51 55 1 1)
(100 58 59 1 1)
(100 66 64 1 0)
(100 70 66 1 0)
(100 75 69 1 0)
(101 53 56 1 1)
(101 58 59 1 1)
(101 65 63 1 0)
(101 70 66 1 0)
(101 74 68 1 0)
(102 54 57 1 1)
(102 58 59 1 1)
(102 63 62 1 0)
(102 70 66 2 0)
(102 72 67 3/2 0)
(103 51 55 1 1)
(103 66 64 1 0)
(207/2 75 69 1/2 0)
(104 53 56 1 1)
(104 65 63 1/2 0)
(104 69 65 1/2 0)
(104 74 68 1/2 0)
(209/2 63 62 1/2 0)
(209/2 72 67 1/2 0)
(105 34 45 1 1)
(105 46 52 1 1)
(105 65 63 1/2 0)
(105 74 68 1/2 0)
(423/4 65 63 1/4 0)
(106 46 52 1 1)
(106 53 56 1 1)
(106 58 59 1 1)
(106 62 61 1 0)
(106 65 63 1 0)
(106 70 66 1 0)
(107 46 52 1 1)
(107 53 56 1 1)
(107 58 59 1 1)
(107 62 61 1 0)
(107 65 63 1 0)
(107 74 68 1 0)
(108 56 58 1 1)
(108 62 61 1 1)
(108 65 63 1 1)
(108 72 67 1 0)
(108 77 70 3/2 0)
(109 56 58 1 1)
(109 62 61 1 1)
(109 65 63 1 1)
(109 72 67 1 0)
(219/2 79 71 1/2 0)
(110 56 58 1 1)
(110 62 61 1 1)
(110 65 63 1 1)
(110 72 67 1 0)
(110 77 70 1/2 0)
(221/2 76 69 1/2 0)
(111 55 57 1/2 1)
(111 62 61 1/2 1)
(111 71 66 1 0)
(111 77 70 1/2 0)
(447/4 55 57 1/4 1)
(447/4 62 61 1/4 1)
(447/4 71 66 1/4 0)
(112 55 57 1 1)
(112 67 64 1 1)
(112 71 66 1 0)
(112 75 69 1 0)
(113 55 57 1 1)
(113 65 63 1 1)
(113 71 66 1 0)
(113 74 68 1 0)
(114 60 60 1 1)
(114 64 62 1 1)
(114 70 66 1 0)
(114 72 67 3/2 0)
(115 53 56 2 1)
(115 63 62 1/2 1)
(115 69 65 2 0)
(231/2 67 64 1/2 1)
(231/2 75 69 1/2 0)
(116 65 63 1/2 1)
(116 74 68 1/2 0)
(233/2 63 62 1/2 1)
(233/2 72 67 1/2 0)
(117 58 59 1/2 1)
(117 62 61 1/2 1)
(117 70 66 1/2 0)
(117 74 68 1/2 0)
(471/4 53 56 1/4 1)
(471/4 60 60 1/4 1)
(471/4 65 63 1/4 0)
(471/4 72 67 1/4 0)
(118 46 52 1 1)
(118 58 59 1 1)
(118 62 61 1 0)
(118 70 66 1 0)
(119 34 45 1 1)
(119 46 52 1 1)
(119 70 66 1 0)
(119 82 73 1 0)
(120 39 48 1 1)
(121 46 52 1 1)
(121 55 57 1 1)
(122 39 48 1 1)
(123 46 52 1/2 1)
(123 55 57 1/2 1)
(247/2 46 52 1/2 1)
(247/2 55 57 1/2 1)
(124 39 48 1 1)
(125 46 52 1 1)
(125 55 57 1 1)
(126 39 48 1 1)
(127 46 52 1 1)
(127 55 57 1 1)
(128 39 48 1 1)
(129 46 52 1/2 1)
(129 55 57 1/2 1)
(259/2 46 52 1/2 1)
(259/2 55 57 1/2 1)
(130 39 48 1 1)
(131 46 52 1 1)
(131 55 57 1 1)
(132 39 48 1 1)
(132 67 64 1/2 0)
(531/4 68 65 1/4 0)
(133 46 52 1 1)
(133 56 58 1 1)
(133 79 71 3/2 0)
(134 39 48 1 1)
(269/2 77 70 1/2 0)
(135 46 52 1/2 1)
(135 56 58 1/2 1)
(135 76 69 1/2 0)
(271/2 46 52 1/2 1)
(271/2 56 58 1/2 1)
(271/2 77 70 1/2 0)
(136 39 48 1 1)
(136 80 72 1 0)
(137 46 52 1 1)
(137 56 58 1 1)
(137 84 74 1 0)
(138 39 48 1 1)
(138 67 64 1/2 0)
(555/4 68 65 1/4 0)
(139 46 52 1 1)
(139 56 58 1 1)
(139 79 71 3/2 0)
(140 39 48 1 1)
(281/2 77 70 1/2 0)
(141 46 52 1/2 1)
(141 55 57 1/2 1)
(141 75 69 1/2 0)
(283/2 46 52 1/2 1)
(283/2 55 57 1/2 1)
(567/4 72 67 1/4 0)
(142 39 48 1 1)
(142 69 65 1 0)
(143 46 52 1 1)
(143 55 57 1 1)
(143 70 66 1 0)
(144 39 48 1 1)
(144 67 64 1/2 0)
(289/2 68 65 1/2 0)
(145 46 52 1 1)
(145 56 58 1 1)
(145 79 71 3/2 0)
(146 39 48 1 1)
(293/2 77 70 1/2 0)
(147 46 52 1/2 1)
(147 56 58 1/2 1)
(147 76 69 1/2 0)
(295/2 46 52 1/2 1)
(295/2 56 58 1/2 1)
(295/2 77 70 1/2 0)
(148 39 48 1 1)
(148 80 72 1 0)
(149 46 52 1 1)
(149 56 58 1 1)
(149 89 77 1 0)
(150 39 48 1 1)
(150 83 74 1 0)
(151 56 58 1 1)
(151 62 61 1 1)
(151 82 73 1/2 0)
(303/2 79 71 1/2 0)
(152 56 58 1 1)
(152 62 61 1 1)
(152 82 73 1 0)
(153 39 48 1 1)
(153 81 72 1/2 0)
(307/2 78 70 1/2 0)
(154 56 58 1 1)
(154 62 61 1 1)
(154 81 72 1 0)
(155 56 58 1 1)
(155 62 61 1 1)
(155 80 72 1/2 0)
(311/2 77 70 1/2 0)
(156 39 48 1 1)
(156 67 64 1/2 0)
(627/4 68 65 1/4 0)
(157 46 52 1 1)
(157 56 58 1 1)
(157 79 71 3/2 0)
(158 39 48 1 1)
(317/2 77 70 1/2 0)
(159 46 52 1/2 1)
(159 56 58 1/2 1)
(159 76 69 1/2 0)
(319/2 46 52 1/2 1)
(319/2 56 58 1/2 1)
(319/2 77 70 1/2 0)
(160 39 48 1 1)
(160 80 72 1 0)
(161 46 52 1 1)
(161 56 58 1 1)
(161 84 74 1 0)
(162 39 48 1 1)
(162 67 64 1/2 0)
(651/4 68 65 1/4 0)
(163 46 52 1 1)
(163 56 58 1 1)
(163 79 71 3/2 0)
(164 39 48 1 1)
(329/2 77 70 1/2 0)
(165 46 52 1/2 1)
(165 55 57 1/2 1)
(165 75 69 1/2 0)
(331/2 46 52 1/2 1)
(331/2 55 57 1/2 1)
(663/4 72 67 1/4 0)
(166 39 48 1 1)
(166 69 65 1 0)
(167 46 52 1 1)
(167 55 57 1 1)
(167 70 66 1 0)
(168 39 48 1 1)
(168 67 64 1/2 0)
(337/2 68 65 1/2 0)
(169 46 52 1 1)
(169 56 58 1 1)
(169 79 71 3/2 0)
(170 39 48 1 1)
(341/2 77 70 1/2 0)
(171 46 52 1/2 1)
(171 56 58 1/2 1)
(171 76 69 1/2 0)
(343/2 46 52 1/2 1)
(343/2 56 58 1/2 1)
(343/2 77 70 1/2 0)
(172 39 48 1 1)
(172 80 72 1 0)
(173 46 52 1/2 1)
(173 56 58 1/2 1)
(173 89 77 1/2 0)
(174 39 48 1 1)
(174 84 74 1/2 0)
(349/2 83 73 1/2 0)
(175 58 59 1 1)
(175 62 61 1 1)
(175 68 65 1 1)
(175 82 73 1/2 0)
(351/2 81 72 1/2 0)
(176 58 59 1 1)
(176 62 61 1 1)
(176 68 65 1 1)
(176 80 72 1/2 0)
(353/2 70 66 1/2 0)
(177 51 55 1 1)
(177 77 70 1/2 0)
(711/4 79 71 1/4 0)
(178 58 59 1 1)
(178 67 64 1 1)
(178 75 69 1 0)
(179 65 63 1 0)
(180 34 45 1 1)
(180 46 52 1 1)
(180 74 68 3/2 0)
(180 77 70 3/2 0)
(181 53 56 1 1)
(181 58 59 1 1)
(181 62 61 1 1)
(363/2 73 67 1/2 0)
(363/2 76 69 1/2 0)
(182 53 56 1 1)
(182 58 59 1 1)
(182 62 61 1 1)
(182 74 68 1/2 0)
(182 77 70 1/2 0)
(365/2 73 67 1/2 0)
(365/2 76 69 1/2 0)
(183 46 52 1 1)
(183 74 68 1/2 0)
(183 77 70 1/2 0)
(735/4 70 66 1/4 0)
(184 51 55 1 1)
(184 58 59 1 1)
(184 67 64 1 0)
(184 75 69 1 0)
(185 46 52 1 1)
(185 58 59 1 1)
(185 65 63 1 0)
(185 74 68 1 0)
(186 29 42 1 1)
(186 41 49 1 1)
(186 63 62 3/2 0)
(186 72 67 3/2 0)
(187 53 56 1 1)
(187 57 58 1 1)
(375/2 67 64 1/2 0)
(375/2 75 69 1/2 0)
(188 65 63 1/2 0)
(188 74 68 1/2 0)
(377/2 63 62 1/2 0)
(377/2 72 67 1/2 0)
(189 34 45 1 1)
(189 46 52 1 1)
(189 65 63 1/2 0)
(189 74 68 1/2 0)
(759/4 65 63 1/4 0)
(190 46 52 1 1)
(190 53 56 1 1)
(190 58 59 1 1)
(190 62 61 1 0)
(190 70 66 1 0)
(191 46 52 1 1)
(191 53 56 1 1)
(191 58 59 1 1)
(191 62 61 1 0)
(191 65 63 1 0)
(191 74 68 1 0)
(192 34 45 1 1)
(192 46 52 1 1)
(192 74 68 1/2 0)
(192 77 70 1/2 0)
(771/4 74 68 1/4 0)
(771/4 77 70 1/4 0)
(193 53 56 1 1)
(193 58 59 1 1)
(193 62 61 1 1)
(193 74 68 1 0)
(193 77 70 1 0)
(194 53 56 1 1)
(194 58 59 1 1)
(194 62 61 1 1)
(194 74 68 1/2 0)
(194 77 70 1/2 0)
(389/2 73 67 1/2 0)
(389/2 76 69 1/2 0)
(195 46 52 1 1)
(195 74 68 1/2 0)
(195 77 70 1/2 0)
(783/4 70 66 1/4 0)
(196 51 55 1 1)
(196 58 59 1 1)
(196 67 64 1 0)
(196 75 69 1 0)
(197 46 52 1 1)
(197 58 59 1 1)
(197 65 63 1 0)
(197 70 66 1 0)
(197 74 68 1 0)
(198 29 42 1 1)
(198 41 49 1 1)
(198 63 62 1 0)
(198 70 66 1 0)
(198 72 67 3/2 0)
(199 53 56 1 1)
(199 60 60 1 1)
(199 69 65 1/2 0)
(399/2 67 64 1/2 0)
(399/2 75 69 1/2 0)
(200 65 63 1/2 0)
(200 74 68 1/2 0)
(401/2 63 62 1/2 0)
(401/2 72 67 1/2 0)
(201 34 45 1 1)
(201 46 52 1 1)
(201 65 63 1/2 0)
(201 74 68 1/2 0)
(807/4 65 63 1/4 0)
(202 46 52 1 1)
(202 53 56 1 1)
(202 58 59 1 1)
(202 62 61 1 0)
(202 65 63 1 0)
(202 70 66 1 0)
(203 46 52 1 1)
(203 53 56 1 1)
(203 58 59 1 1)
(203 62 61 1 0)
(203 65 63 1 0)
(203 74 68 1 0)
(204 36 46 1 1)
(204 48 53 1 1)
(204 60 60 1 0)
(205 60 60 3/2 1)
(205 67 64 3/2 1)
(205 70 66 3/2 0)
(205 76 69 3/2 0)
(205 82 73 3/2 0)
(413/2 60 60 1/2 1)
(413/2 67 64 1/2 1)
(413/2 70 66 1/2 0)
(413/2 76 69 1/2 0)
(413/2 81 72 1/2 0)
(207 60 60 3/4 1)
(207 67 64 3/4 1)
(207 70 66 3/4 0)
(207 76 69 3/4 0)
(207 78 70 3/4 0)
(831/4 60 60 1/4 1)
(831/4 67 64 1/4 1)
(831/4 70 66 1/4 0)
(831/4 76 69 1/4 0)
(831/4 79 71 1/4 0)
(208 60 60 1 1)
(208 67 64 1 1)
(208 70 66 1 0)
(208 76 69 1 0)
(208 81 72 1 0)
(209 60 60 1 1)
(209 67 64 1 1)
(209 70 66 1 0)
(209 76 69 1 0)
(209 79 71 1 0)
(210 36 46 1 1)
(210 48 53 1 1)
(210 60 60 1 0)
(211 60 60 3/2 1)
(211 67 64 3/2 1)
(211 70 66 3/2 0)
(211 76 69 3/2 0)
(211 81 72 3/2 0)
(425/2 60 60 1/2 1)
(425/2 67 64 1/2 1)
(425/2 70 66 1/2 0)
(425/2 76 69 1/2 0)
(425/2 79 71 1/2 0)
(213 53 56 1/2 1)
(213 60 60 1/2 1)
(213 65 63 1/2 1)
(213 69 65 1/2 0)
(213 77 70 1/2 0)
(855/4 53 56 1/4 1)
(855/4 60 60 1/4 1)
(855/4 65 63 1/4 1)
(855/4 70 66 1/4 0)
(855/4 74 68 1/4 0)
(214 53 56 1 1)
(214 60 60 1 1)
(214 65 63 1 1)
(214 69 65 1 0)
(214 72 67 1 0)
(215 53 56 1 1)
(215 60 60 1 1)
(215 65 63 1 1)
(215 69 65 1 0)
(215 77 70 1 0)
(216 36 46 1 1)
(216 48 53 1 1)
(216 60 60 1 0)
(217 60 60 3/2 1)
(217 67 64 3/2 1)
(217 70 66 3/2 0)
(217 76 69 3/2 0)
(217 82 73 3/2 0)
(437/2 60 60 1/2 1)
(437/2 67 64 1/2 1)
(437/2 70 66 1/2 0)
(437/2 76 69 1/2 0)
(437/2 81 72 1/2 0)
(219 60 60 3/4 1)
(219 67 64 3/4 1)
(219 70 66 3/4 0)
(219 76 69 3/4 0)
(219 78 70 3/4 0)
(879/4 60 60 1/4 1)
(879/4 67 64 1/4 1)
(879/4 70 66 1/4 0)
(879/4 76 69 1/4 0)
(879/4 79 71 1/4 0)
(220 60 60 1 1)
(220 67 64 1 1)
(220 70 66 1 0)
(220 76 69 1 0)
(220 81 72 1 0)
(221 60 60 1 1)
(221 67 64 1 1)
(221 70 66 1 0)
(221 76 69 1 0)
(221 79 71 1 0)
(222 65 63 1/2 1)
(222 69 65 1/2 1)
(222 75 69 1/2 0)
(222 84 74 1/2 0)
(891/4 58 59 1/4 1)
(891/4 68 65 1/4 1)
(891/4 74 68 1/4 0)
(891/4 77 70 1/4 0)
(223 63 62 1 1)
(223 67 64 1 1)
(223 73 68 1 0)
(223 82 73 1 0)
(224 56 58 1 1)
(224 66 64 1 1)
(224 72 67 1 0)
(224 75 69 1 0)
(225 62 61 1/2 1)
(225 65 63 1/2 1)
(225 72 67 1/2 0)
(225 80 72 1/2 0)
(903/4 55 57 1/4 1)
(903/4 65 63 1/4 1)
(903/4 71 66 1/4 0)
(903/4 74 68 1/4 0)
(226 60 60 1 1)
(226 64 62 1 1)
(226 70 66 1 0)
(226 79 71 1 0)
(227 53 56 1 1)
(227 63 62 1 1)
(227 69 65 1 0)
(227 72 67 1 0)
(228 34 45 1 1)
(228 46 52 1 1)
(228 68 65 1 0)
(228 74 68 3/2 0)
(228 77 70 3/2 0)
(229 58 59 1 1)
(229 65 63 1 1)
(229 68 65 1 0)
(459/2 79 71 1/2 0)
(230 58 59 1 1)
(230 65 63 1 1)
(230 68 65 1 0)
(230 74 68 1/2 0)
(230 77 70 1/2 0)
(461/2 73 67 1/2 0)
(461/2 76 69 1/2 0)
(231 46 52 1 1)
(231 58 59 1 1)
(231 68 65 1/2 0)
(231 74 68 1/2 0)
(231 77 70 1/2 0)
(927/4 70 66 1/4 0)
(232 51 55 1 1)
(232 58 59 1 1)
(232 66 64 1 0)
(232 70 66 1 0)
(232 75 69 1 0)
(233 53 56 1 1)
(233 58 59 1 1)
(233 65 63 1 0)
(233 70 66 1 0)
(233 74 68 1 0)
(234 54 57 1 1)
(234 58 59 1 1)
(234 63 62 1 0)
(234 70 66 2 0)
(234 72 67 3/2 0)
(235 51 55 1 1)
(235 66 64 1 0)
(471/2 75 69 1/2 0)
(236 53 56 1 1)
(236 65 63 1/2 0)
(236 69 65 1/2 0)
(236 74 68 1/2 0)
(473/2 63 62 1/2 0)
(473/2 72 67 1/2 0)
(237 34 45 1 1)
(237 46 52 1 1)
(237 65 63 1/2 0)
(237 74 68 1/2 0)
(951/4 65 63 1/4 0)
(238 46 52 1 1)
(238 53 56 1 1)
(238 58 59 1 1)
(238 62 61 1 0)
(238 65 63 1 0)
(238 70 66 1 0)
(239 46 52 1 1)
(239 53 56 1 1)
(239 58 59 1 1)
(239 62 61 1 0)
(239 65 63 1 0)
(239 74 68 1 0)
(240 56 58 1 1)
(240 62 61 1 1)
(240 65 63 1 1)
(240 72 67 1 0)
(240 77 70 3/2 0)
(241 56 58 1 1)
(241 62 61 1 1)
(241 65 63 1 1)
(241 72 67 1 0)
(483/2 79 71 1/2 0)
(242 56 58 1 1)
(242 62 61 1 1)
(242 65 63 1 1)
(242 72 67 1 0)
(242 77 70 1/2 0)
(485/2 76 69 1/2 0)
(243 55 57 1/2 1)
(243 62 61 1/2 1)
(243 71 66 1 0)
(243 77 70 1/2 0)
(975/4 55 57 1/4 1)
(975/4 62 61 1/4 1)
(975/4 71 66 1/4 0)
(244 55 57 1 1)
(244 67 64 1 1)
(244 71 66 1 0)
(244 75 69 1 0)
(245 55 57 1 1)
(245 65 63 1 1)
(245 71 66 1 0)
(245 74 68 1 0)
(246 60 60 1 1)
(246 64 62 1 1)
(246 70 66 1 0)
(246 72 67 3/2 0)
(247 53 56 2 1)
(247 63 62 1/2 1)
(247 69 65 2 0)
(495/2 67 64 1/2 1)
(495/2 75 69 1/2 0)
(248 65 63 1/2 1)
(248 74 68 1/2 0)
(497/2 63 62 1/2 1)
(497/2 72 67 1/2 0)
(249 58 59 1/2 1)
(249 62 61 1/2 1)
(249 70 66 1/2 0)
(249 74 68 1/2 0)
(999/4 53 56 1/4 1)
(999/4 60 60 1/4 1)
(999/4 65 63 1/4 0)
(999/4 72 67 1/4 0)
(250 46 52 1 1)
(250 58 59 1 1)
(250 62 61 1 0)
(250 70 66 1 0)
(251 34 45 1 1)
(251 46 52 1 1)
(251 70 66 1 0)
(251 82 73 1 0)
(252 36 46 1 1)
(252 48 53 1 1)
(252 60 60 1 0)
(253 60 60 3/2 1)
(253 67 64 3/2 1)
(253 70 66 3/2 0)
(253 76 69 3/2 0)
(253 82 73 3/2 0)
(509/2 60 60 1/2 1)
(509/2 67 64 1/2 1)
(509/2 70 66 1/2 0)
(509/2 76 69 1/2 0)
(509/2 81 72 1/2 0)
(255 60 60 3/4 1)
(255 67 64 3/4 1)
(255 70 66 3/4 0)
(255 76 69 3/4 0)
(255 78 70 3/4 0)
(1023/4 60 60 1/4 1)
(1023/4 67 64 1/4 1)
(1023/4 70 66 1/4 0)
(1023/4 76 69 1/4 0)
(1023/4 79 71 1/4 0)
(256 60 60 1 1)
(256 67 64 1 1)
(256 70 66 1 0)
(256 76 69 1 0)
(256 81 72 1 0)
(257 60 60 1 1)
(257 67 64 1 1)
(257 70 66 1 0)
(257 76 69 1 0)
(257 79 71 1 0)
(258 36 46 1 1)
(258 48 53 1 1)
(258 60 60 1 0)
(259 60 60 3/2 1)
(259 67 64 3/2 1)
(259 70 66 3/2 0)
(259 76 69 3/2 0)
(259 81 72 3/2 0)
(521/2 60 60 1/2 1)
(521/2 67 64 1/2 1)
(521/2 70 66 1/2 0)
(521/2 76 69 1/2 0)
(521/2 79 71 1/2 0)
(261 53 56 1/2 1)
(261 60 60 1/2 1)
(261 65 63 1/2 1)
(261 69 65 1/2 0)
(261 77 70 1/2 0)
(1047/4 53 56 1/4 1)
(1047/4 62 61 1/4 1)
(1047/4 65 63 1/4 1)
(1047/4 70 66 1/4 0)
(1047/4 74 68 1/4 0)
(262 53 56 1 1)
(262 60 60 1 1)
(262 65 63 1 1)
(262 69 65 1 0)
(262 72 67 1 0)
(263 53 56 1 1)
(263 60 60 1 1)
(263 65 63 1 1)
(263 69 65 1 0)
(263 77 70 1 0)
(264 36 46 1 1)
(264 48 53 1 1)
(264 60 60 1 0)
(265 60 60 3/2 1)
(265 67 64 3/2 1)
(265 70 66 3/2 0)
(265 76 69 3/2 0)
(265 82 73 3/2 0)
(533/2 60 60 1/2 1)
(533/2 67 64 1/2 1)
(533/2 70 66 1/2 0)
(533/2 76 69 1/2 0)
(533/2 81 72 1/2 0)
(267 60 60 3/4 1)
(267 67 64 3/4 1)
(267 70 66 3/4 0)
(267 76 69 3/4 0)
(267 78 70 3/4 0)
(1071/4 60 60 1/4 1)
(1071/4 67 64 1/4 1)
(1071/4 70 66 1/4 0)
(1071/4 76 69 1/4 0)
(1071/4 79 71 1/4 0)
(268 60 60 1 1)
(268 67 64 1 1)
(268 70 66 1 0)
(268 76 69 1 0)
(268 81 72 1 0)
(269 60 60 1 1)
(269 67 64 1 1)
(269 70 66 1 0)
(269 76 69 1 0)
(269 79 71 1 0)
(270 65 63 1/2 1)
(270 69 65 1/2 1)
(270 75 69 1/2 0)
(270 84 74 1/2 0)
(1083/4 58 59 1/4 1)
(1083/4 68 65 1/4 1)
(1083/4 74 68 1/4 0)
(1083/4 77 70 1/4 0)
(271 63 62 1 1)
(271 67 64 1 1)
(271 73 68 1 0)
(271 82 73 1 0)
(272 56 58 1 1)
(272 66 64 1 1)
(272 72 67 1 0)
(272 75 69 1 0)
(273 62 61 1/2 1)
(273 65 63 1/2 1)
(273 72 67 1/2 0)
(273 80 72 1/2 0)
(1095/4 55 57 1/4 1)
(1095/4 65 63 1/4 1)
(1095/4 71 66 1/4 0)
(1095/4 74 68 1/4 0)
(274 60 60 1 1)
(274 64 62 1 1)
(274 70 66 1 0)
(274 79 71 1 0)
(275 53 56 1 1)
(275 63 62 1 1)
(275 69 65 1 0)
(275 72 67 1 0)
(276 34 45 1 1)
(276 46 52 1 1)
(276 68 65 1 0)
(276 74 68 3/2 0)
(276 77 70 3/2 0)
(277 58 59 1 1)
(277 65 63 1 1)
(277 68 65 1 0)
(555/2 79 71 1/2 0)
(278 58 59 1 1)
(278 65 63 1 1)
(278 68 65 1 0)
(278 74 68 1/2 0)
(278 77 70 1/2 0)
(557/2 73 67 1/2 0)
(557/2 76 69 1/2 0)
(279 46 52 1 1)
(279 58 59 1 1)
(279 68 65 1/2 0)
(279 74 68 1/2 0)
(279 77 70 1/2 0)
(1119/4 70 66 1/4 0)
(280 51 55 1 1)
(280 58 59 1 1)
(280 66 64 1 0)
(280 70 66 1 0)
(280 75 69 1 0)
(281 53 56 1 1)
(281 58 59 1 1)
(281 65 63 1 0)
(281 70 66 1 0)
(281 74 68 1 0)
(282 54 57 1 1)
(282 58 59 1 1)
(282 63 62 1 0)
(282 70 66 2 0)
(282 72 67 3/2 0)
(283 51 55 1 1)
(283 66 64 1 0)
(567/2 75 69 1/2 0)
(284 53 56 1 1)
(284 65 63 1/2 0)
(284 69 65 1/2 0)
(284 74 68 1/2 0)
(569/2 63 62 1/2 0)
(569/2 72 67 1/2 0)
(285 34 45 1 1)
(285 46 52 1 1)
(285 65 63 1/2 0)
(285 74 68 1/2 0)
(1143/4 65 63 1/4 0)
(286 46 52 1 1)
(286 53 56 1 1)
(286 58 59 1 1)
(286 62 61 1 0)
(286 65 63 1 0)
(286 70 66 1 0)
(287 46 52 1 1)
(287 53 56 1 1)
(287 58 59 1 1)
(287 62 61 1 0)
(287 65 63 1 0)
(287 74 68 1 0)
(288 56 58 1 1)
(288 62 61 1 1)
(288 65 63 1 1)
(288 72 67 1 0)
(288 77 70 3/2 0)
(289 56 58 1 1)
(289 62 61 1 1)
(289 65 63 1 1)
(289 72 67 1 0)
(579/2 79 71 1/2 0)
(290 56 58 1 1)
(290 62 61 1 1)
(290 65 63 1 1)
(290 72 67 1 0)
(290 77 70 1/2 0)
(581/2 76 69 1/2 0)
(291 55 57 1/2 1)
(291 62 61 1/2 1)
(291 71 66 1 0)
(291 77 70 1/2 0)
(1167/4 55 57 1/4 1)
(1167/4 62 61 1/4 1)
(1167/4 71 66 1/4 0)
(292 55 57 1 1)
(292 67 64 1 1)
(292 71 66 1 0)
(292 75 69 1 0)
(293 55 57 1 1)
(293 65 63 1 1)
(293 71 66 1 0)
(293 74 68 1 0)
(294 60 60 1 1)
(294 64 62 1 1)
(294 70 66 1 0)
(294 72 67 3/2 0)
(295 53 56 2 1)
(295 63 62 1/2 1)
(295 69 65 2 0)
(591/2 67 64 1/2 1)
(591/2 75 69 1/2 0)
(296 65 63 1/2 1)
(296 74 68 1/2 0)
(593/2 63 62 1/2 1)
(593/2 72 67 1/2 0)
(297 58 59 1/2 1)
(297 62 61 1/2 1)
(297 70 66 1/2 0)
(297 74 68 1/2 0)
(1191/4 53 56 1/4 1)
(1191/4 60 60 1/4 1)
(1191/4 65 63 1/4 0)
(1191/4 72 67 1/4 0)
(298 46 52 1 1)
(298 58 59 1 1)
(298 62 61 1 0)
(298 70 66 1 0)
(299 34 45 1 1)
(299 46 52 1 1)
(299 70 66 1 0)
(299 82 73 1 0)
