(1 57 58 1 1)
(1 59 59 1 1)
(1 65 63 1 1)
(2 57 58 1 1)
(2 60 60 1 1)
(2 65 63 1 1)
(3 57 58 1 1)
(3 62 61 1 1)
(3 65 63 1 1)
(4 57 58 1 1)
(4 59 59 1 1)
(4 65 63 1 1)
(5 57 58 1 1)
(5 60 60 1 1)
(5 65 63 1 1)
(6 57 58 1 1)
(6 62 61 1 1)
(6 65 63 1 1)
(7 57 58 1 1)
(7 59 59 1 1)
(7 65 63 1 1)
(8 57 58 1 1)
(8 60 60 1 1)
(8 65 63 1 1)
(9 62 61 1/3 0)
(28/3 64 62 1/3 0)
(29/3 62 61 1/3 0)
(10 57 58 3 1)
(10 60 60 2 1)
(10 65 63 3 1)
(12 62 61 1 1)
(12 71 66 3/4 0)
(51/4 72 67 1/4 0)
(13 57 58 1 1)
(13 62 61 1 1)
(13 65 63 1 1)
(13 74 68 1 0)
(14 57 58 1 1)
(14 62 61 1 1)
(14 65 63 1 1)
(14 69 65 1 0)
(15 57 58 1 1)
(15 60 60 1 1)
(15 65 63 1 1)
(15 72 67 2 0)
(16 57 58 1 1)
(16 60 60 1 1)
(16 65 63 1 1)
(17 57 58 1 1)
(17 60 60 1 1)
(17 65 63 1 1)
(17 71 66 1/2 0)
(35/2 72 67 1/2 0)
(18 55 57 1 1)
(18 60 60 1 1)
(18 65 63 1 1)
(18 74 68 1/2 0)
(37/2 76 69 1/2 0)
(19 55 57 1 1)
(19 59 59 1 1)
(19 65 63 1 1)
(19 77 70 1 0)
(20 55 57 1 1)
(20 59 59 1 1)
(20 65 63 1 1)
(20 79 71 3/4 0)
(83/4 74 68 1/4 0)
(21 55 57 1 1)
(21 59 59 1 1)
(21 64 62 1 1)
(21 76 69 3 0)
(22 55 57 1 1)
(22 59 59 1 1)
(22 64 62 1 1)
(23 55 57 1 1)
(23 59 59 1 1)
(23 64 62 1 1)
(24 54 56 1 1)
(24 58 58 1 1)
(24 64 62 1 1)
(24 78 70 1 0)
(25 54 56 1 1)
(25 58 58 1 1)
(25 63 61 1 1)
(25 75 68 2 0)
(26 54 56 1 1)
(26 58 58 1 1)
(26 63 61 1 1)
(27 53 56 1 1)
(27 57 58 1 1)
(27 63 62 1 1)
(27 77 70 1 0)
(28 53 56 1 1)
(28 57 58 1 1)
(28 62 61 1 1)
(28 74 68 2 0)
(29 53 56 1 1)
(29 57 58 1 1)
(29 62 61 1 1)
(30 52 55 1 1)
(30 56 57 1 1)
(30 62 61 1 1)
(30 76 69 1/4 0)
(121/4 71 66 11/4 0)
(31 52 55 1 1)
(31 56 57 1 1)
(31 62 61 1 1)
(32 52 55 1 1)
(32 56 57 1 1)
(32 62 61 1 1)
(33 52 55 1 1)
(33 57 58 1 1)
(33 62 61 1 1)
(33 72 67 1/4 0)
(133/4 68 64 11/4 0)
(34 52 55 1 1)
(34 59 59 1 1)
(34 62 61 1 1)
(35 52 55 1 1)
(35 59 59 1 1)
(35 62 61 1 1)
(36 45 51 1 1)
(36 71 66 1/3 0)
(109/3 72 67 1/3 0)
(110/3 71 66 1/3 0)
(37 57 58 1 1)
(37 62 61 1 1)
(37 65 63 1 1)
(37 69 65 1/3 0)
(112/3 71 66 1/3 0)
(113/3 72 67 1/3 0)
(38 57 58 1 1)
(38 62 61 1 1)
(38 65 63 1 1)
(38 76 69 1/2 0)
(77/2 74 68 1/6 0)
(116/3 69 65 1/3 0)
(39 57 58 1 1)
(39 60 60 1 1)
(39 65 63 1 1)
(39 72 67 2 0)
(40 57 58 1 1)
(40 60 60 1 1)
(40 65 63 1 1)
(41 57 58 1 1)
(41 60 60 1 1)
(41 65 63 1 1)
(41 71 66 1/2 0)
(83/2 72 67 1/2 0)
(42 55 57 1 1)
(42 60 60 1 1)
(42 65 63 1 1)
(42 74 68 1/5 0)
(211/5 76 69 1/5 0)
(212/5 74 68 1/5 0)
(213/5 73 67 1/5 0)
(214/5 74 68 1/5 0)
(43 55 57 1 1)
(43 59 59 1 1)
(43 65 63 1 1)
(43 75 68 1/5 0)
(216/5 76 69 1/5 0)
(217/5 77 70 1/5 0)
(218/5 78 70 1/5 0)
(219/5 79 71 1/5 0)
(44 55 57 1 1)
(44 59 59 1 1)
(44 65 63 1 1)
(44 80 71 1/5 0)
(221/5 83 73 1/5 0)
(222/5 81 72 1/5 0)
(223/5 79 71 1/5 0)
(224/5 77 70 1/5 0)
(45 55 57 1 1)
(45 59 59 1 1)
(45 64 62 1 1)
(45 76 69 3 0)
(46 55 57 1 1)
(46 59 59 1 1)
(46 64 62 1 1)
(47 55 57 1 1)
(47 59 59 1 1)
(47 64 62 1 1)
(48 54 56 1 1)
(48 58 58 1 1)
(48 64 62 1 1)
(49 54 56 1 1)
(49 58 58 1 1)
(49 63 61 1 1)
(49 75 68 2 0)
(50 54 56 1 1)
(50 58 58 1 1)
(50 63 61 1 1)
(51 53 56 1 1)
(51 57 58 1 1)
(51 63 62 1 1)
(51 76 69 1/6 0)
(307/6 77 70 1/6 0)
(154/3 80 72 1/6 0)
(103/2 79 71 1/6 0)
(155/3 78 70 1/6 0)
(311/6 77 70 1/6 0)
(52 53 56 1 1)
(52 57 58 1 1)
(52 62 61 1 1)
(52 74 68 2 0)
(53 53 56 1 1)
(53 57 58 1 1)
(53 62 61 1 1)
(54 40 48 1 1)
(54 52 55 1 1)
(54 84 74 1/2 0)
(219/4 83 73 1/4 0)
(55 52 55 1 1)
(55 59 59 1 1)
(55 62 61 1 1)
(55 80 71 1/2 0)
(56 52 55 1 1)
(56 59 59 1 1)
(56 62 61 1 1)
(56 68 64 1 0)
(57 45 51 1 1)
(57 69 65 3 0)
(58 52 55 1 1)
(58 57 58 1 1)
(58 60 60 1 1)
(59 57 58 1 1)
(59 60 60 1 1)
(59 64 62 1 1)
(60 57 58 1 1)
(60 62 61 1 1)
(60 65 63 1 1)
(60 71 66 3/4 0)
(243/4 72 67 1/4 0)
(61 57 58 1 1)
(61 62 61 1 1)
(61 65 63 1 1)
(61 74 68 1 0)
(62 57 58 1 1)
(62 62 61 1 1)
(62 65 63 1 1)
(62 69 65 1 0)
(63 57 58 1 1)
(63 60 60 1 1)
(63 65 63 1 1)
(63 72 67 2 0)
(64 57 58 1 1)
(64 60 60 1 1)
(64 65 63 1 1)
(65 57 58 1 1)
(65 60 60 1 1)
(65 65 63 1 1)
(65 71 66 1/2 0)
(131/2 72 67 1/2 0)
(66 55 57 1 1)
(66 60 60 1 1)
(66 65 63 1 1)
(66 74 68 1/2 0)
(133/2 73 67 1/2 0)
(67 55 57 1 1)
(67 59 59 1 1)
(67 65 63 1 1)
(67 74 68 1/3 0)
(202/3 76 69 1/3 0)
(203/3 77 70 1/3 0)
(68 55 57 1 1)
(68 59 59 1 1)
(68 65 63 1 1)
(68 79 71 1/2 0)
(275/4 74 68 1/4 0)
(69 55 57 1 1)
(69 59 59 1 1)
(69 64 62 1 1)
(69 76 69 3 0)
(70 55 57 1 1)
(70 59 59 1 1)
(70 64 62 1 1)
(71 55 57 1 1)
(71 59 59 1 1)
(71 64 62 1 1)
(72 54 56 1 1)
(72 58 58 1 1)
(72 64 62 1 1)
(72 78 70 1 0)
(73 54 56 1 1)
(73 58 58 1 1)
(73 63 61 1 1)
(73 75 68 2 0)
(74 54 56 1 1)
(74 58 58 1 1)
(74 63 61 1 1)
(75 53 56 1 1)
(75 57 58 1 1)
(75 63 62 1 1)
(75 77 70 1 0)
(76 53 56 1 1)
(76 57 58 1 1)
(76 62 61 1 1)
(76 74 68 2 0)
(77 53 56 1 1)
(77 57 58 1 1)
(77 62 61 1 1)
(78 52 55 1 1)
(78 56 57 1 1)
(78 62 61 1 1)
(78 76 69 1/4 0)
(313/4 71 66 11/4 0)
(79 52 55 1 1)
(79 56 57 1 1)
(79 62 61 1 1)
(80 52 55 1 1)
(80 56 57 1 1)
(80 62 61 1 1)
(81 52 55 1 1)
(81 57 58 1 1)
(81 62 61 1 1)
(81 72 67 1/4 0)
(325/4 68 64 5/2 0)
(82 52 55 1 1)
(82 59 59 1 1)
(82 62 61 1 1)
(83 52 55 1 1)
(83 59 59 1 1)
(83 62 61 1 1)
(335/4 71 66 1/4 0)
(84 45 51 1 1)
(84 71 66 1/6 0)
(505/6 71 66 1/6 0)
(253/3 71 66 1/6 0)
(169/2 71 66 1/6 0)
(254/3 72 67 1/6 0)
(509/6 71 66 1/6 0)
(85 57 58 1 1)
(85 62 61 1 1)
(85 65 63 1 1)
(85 69 65 1/3 0)
(256/3 71 66 1/3 0)
(257/3 72 67 1/3 0)
(86 57 58 1 1)
(86 62 61 1 1)
(86 65 63 1 1)
(86 76 69 1/3 0)
(259/3 74 68 1/3 0)
(260/3 69 65 1/3 0)
(87 57 58 1 1)
(87 60 60 1 1)
(87 65 63 1 1)
(87 72 67 2 0)
(88 57 58 1 1)
(88 60 60 1 1)
(88 65 63 1 1)
(89 56 58 1 1)
(89 60 60 1 1)
(89 65 63 1 1)
(89 71 66 1/2 0)
(179/2 72 67 1/2 0)
(90 55 57 1 1)
(90 60 60 1 1)
(90 65 63 1 1)
(90 74 68 1/5 0)
(451/5 76 69 1/5 0)
(452/5 74 68 1/5 0)
(453/5 73 67 1/5 0)
(454/5 74 68 1/5 0)
(91 55 57 1 1)
(91 59 59 1 1)
(91 65 63 1 1)
(91 83 73 1/5 0)
(456/5 77 70 1/5 0)
(457/5 81 72 1/5 0)
(458/5 76 69 1/5 0)
(459/5 79 71 1/5 0)
(92 55 57 1 1)
(92 59 59 1 1)
(92 65 63 1 1)
(92 74 68 1/5 0)
(461/5 77 70 1/5 0)
(462/5 69 65 1/5 0)
(463/5 67 64 1/5 0)
(464/5 74 68 1/5 0)
(93 55 57 1 1)
(93 59 59 1 1)
(93 64 62 1 1)
(93 76 69 3 0)
(94 55 57 1 1)
(94 59 59 1 1)
(94 64 62 1 1)
(95 55 57 1 1)
(95 59 59 1 1)
(95 64 62 1 1)
(96 54 56 1 1)
(96 58 58 1 1)
(96 64 62 1 1)
(97 54 56 1 1)
(97 58 58 1 1)
(97 63 61 1 1)
(97 75 68 2 0)
(98 54 56 1 1)
(98 58 58 1 1)
(98 63 61 1 1)
(99 53 56 1 1)
(99 57 58 1 1)
(99 63 62 1 1)
(99 76 69 1/6 0)
(595/6 77 70 1/6 0)
(298/3 80 72 1/6 0)
(199/2 79 71 1/6 0)
(299/3 78 70 1/6 0)
(599/6 77 70 1/6 0)
(100 53 56 1 1)
(100 57 58 1 1)
(100 62 61 1 1)
(100 74 68 2 0)
(101 53 56 1 1)
(101 57 58 1 1)
(101 62 61 1 1)
(102 40 48 1 1)
(102 52 55 1 1)
(102 84 74 1/2 0)
(411/4 83 73 1/4 0)
(103 52 55 1 1)
(103 59 59 1 1)
(103 62 61 1 1)
(103 80 71 1/2 0)
(104 52 55 1 1)
(104 59 59 1 1)
(104 62 61 1 1)
(104 68 64 1 0)
(105 45 51 1 1)
(105 69 65 2 0)
(106 52 55 1 1)
(106 60 60 1 1)
(107 64 62 1 0)
(108 47 52 1 1)
(108 56 57 1 1)
(108 76 69 1/2 0)
(109 40 48 1 1)
(109 75 68 1/2 0)
(219/2 71 66 1/2 0)
(110 40 48 1 1)
(110 74 68 1/2 0)
(221/2 71 66 1/2 0)
(111 48 53 1 1)
(111 57 58 1 1)
(111 74 68 1/3 0)
(334/3 76 69 1/3 0)
(335/3 74 68 1/3 0)
(112 40 48 1 1)
(112 72 67 1/2 0)
(451/4 81 72 1/4 0)
(113 40 48 1 1)
(113 69 65 1 0)
(114 47 52 1 1)
(114 56 57 1 1)
(114 76 69 1/3 0)
(343/3 77 70 1/3 0)
(344/3 76 69 1/3 0)
(115 40 48 1 1)
(115 75 68 1/2 0)
(463/4 71 66 1/4 0)
(116 40 48 1 1)
(116 74 68 1/2 0)
(233/2 71 66 1/2 0)
(117 45 51 1 1)
(117 54 56 1 1)
(117 74 68 1/3 0)
(352/3 76 69 1/3 0)
(353/3 74 68 1/3 0)
(118 40 48 1 1)
(118 73 67 1/2 0)
(475/4 72 67 1/4 0)
(119 40 48 1 1)
(119 63 61 1 0)
(120 47 52 1 1)
(120 56 57 1 1)
(120 76 69 1 0)
(121 40 48 1 1)
(121 75 68 1/4 0)
(485/4 71 66 1/2 0)
(122 40 48 1 1)
(122 74 68 1/4 0)
(489/4 71 66 1/2 0)
(123 48 53 1 1)
(123 57 58 1 1)
(123 74 68 1/3 0)
(370/3 76 69 1/3 0)
(371/3 74 68 1/3 0)
(124 40 48 1 1)
(124 72 67 1/2 0)
(499/4 76 69 1/4 0)
(499/4 84 74 1/4 0)
(125 40 48 1 1)
(125 69 65 1 0)
(126 67 64 1/3 1)
(126 70 66 1/3 0)
(379/3 66 63 1/3 1)
(379/3 76 69 1/3 0)
(380/3 65 63 1/3 1)
(380/3 69 65 1/3 0)
(380/3 74 68 1/3 0)
(127 64 62 1 1)
(127 68 64 1 0)
(127 71 66 1 0)
(128 64 62 1 1)
(128 68 64 1 0)
(128 71 66 1 0)
(129 67 64 1/3 1)
(129 70 66 1/3 0)
(388/3 66 63 1/3 1)
(388/3 76 69 1/3 0)
(389/3 65 63 1/3 1)
(389/3 69 65 1/3 0)
(389/3 74 68 1/3 0)
(130 64 62 2 1)
(130 68 64 9/2 0)
(130 71 66 11/4 0)
(132 57 58 1 1)
(132 62 61 1 1)
(132 65 63 1 1)
(531/4 72 67 1/4 0)
(133 57 58 1 1)
(133 62 61 1 1)
(133 65 63 1 1)
(133 74 68 3/2 0)
(134 57 58 1 1)
(134 62 61 1 1)
(134 65 63 1 1)
(269/2 69 65 1/2 0)
(269/2 69 65 1/2 0)
(135 57 58 1 1)
(135 60 60 1 1)
(135 65 63 1 1)
(135 72 67 2 0)
(136 57 58 1 1)
(136 60 60 1 1)
(136 65 63 1 1)
(137 57 58 1 1)
(137 60 60 1 1)
(137 65 63 1 1)
(137 71 66 1/2 0)
(275/2 72 67 1/2 0)
(138 55 57 1 1)
(138 60 60 1 1)
(138 65 63 1 1)
(138 74 68 3/4 0)
(555/4 73 67 1/4 0)
(139 55 57 1 1)
(139 59 59 1 1)
(139 65 63 1 1)
(139 74 68 1/3 0)
(418/3 76 69 1/3 0)
(419/3 77 70 1/3 0)
(140 55 57 1 1)
(140 59 59 1 1)
(140 65 63 1 1)
(140 79 71 1/2 0)
(563/4 74 68 1/4 0)
(141 55 57 1 1)
(141 59 59 1 1)
(141 64 62 1 1)
(141 76 69 3 0)
(142 55 57 1 1)
(142 59 59 1 1)
(142 64 62 1 1)
(143 55 57 1 1)
(143 59 59 1 1)
(143 64 62 1 1)
(144 54 56 1 1)
(144 58 58 1 1)
(144 64 62 1 1)
(144 78 70 1 0)
(145 54 56 1 1)
(145 58 58 1 1)
(145 63 61 1 1)
(145 75 68 2 0)
(146 54 56 1 1)
(146 58 58 1 1)
(146 63 61 1 1)
(147 53 56 1 1)
(147 57 58 1 1)
(147 63 62 1 1)
(147 77 70 1 0)
(148 53 56 1 1)
(148 57 58 1 1)
(148 62 61 1 1)
(148 74 68 2 0)
(149 53 56 1 1)
(149 57 58 1 1)
(149 62 61 1 1)
(150 52 55 1 1)
(150 56 57 1 1)
(150 62 61 1 1)
(150 76 69 1/4 0)
(601/4 71 66 11/4 0)
(151 52 55 1 1)
(151 56 57 1 1)
(151 62 61 1 1)
(152 52 55 1 1)
(152 56 57 1 1)
(152 62 61 1 1)
(153 52 55 1 1)
(153 57 58 1 1)
(153 62 61 1 1)
(153 72 67 1/4 0)
(613/4 68 64 5/2 0)
(154 52 55 1 1)
(154 59 59 1 1)
(154 62 61 1 1)
(155 52 55 1 1)
(155 59 59 1 1)
(155 62 61 1 1)
(623/4 71 66 1/4 0)
(156 45 51 1 1)
(156 71 66 1/4 0)
(625/4 71 66 1/4 0)
(313/2 72 67 1/4 0)
(627/4 71 66 1/4 0)
(157 57 58 1 1)
(157 62 61 1 1)
(157 65 63 1 1)
(157 69 65 1/3 0)
(472/3 71 66 1/3 0)
(473/3 72 67 1/3 0)
(158 57 58 1 1)
(158 62 61 1 1)
(158 65 63 1 1)
(158 76 69 1/2 0)
(317/2 74 68 1/6 0)
(476/3 69 65 1/3 0)
(159 57 58 1 1)
(159 60 60 1 1)
(159 65 63 1 1)
(159 72 67 2 0)
(160 57 58 1 1)
(160 60 60 1 1)
(160 65 63 1 1)
(161 56 58 1 1)
(161 60 60 1 1)
(161 65 63 1 1)
(161 71 66 1/3 0)
(484/3 72 67 1/3 0)
(485/3 73 67 1/3 0)
(162 55 57 1 1)
(162 60 60 1 1)
(162 65 63 1 1)
(162 74 68 1/5 0)
(811/5 76 69 1/5 0)
(812/5 74 68 1/5 0)
(813/5 73 67 1/5 0)
(814/5 74 68 1/5 0)
(163 55 57 1 1)
(163 59 59 1 1)
(163 65 63 1 1)
(163 75 68 1/5 0)
(816/5 76 69 1/5 0)
(817/5 77 70 1/5 0)
(818/5 78 70 1/5 0)
(819/5 79 71 1/5 0)
(164 55 57 1 1)
(164 59 59 1 1)
(164 65 63 1 1)
(164 80 71 1/5 0)
(821/5 83 73 1/5 0)
(822/5 81 72 1/5 0)
(823/5 79 71 1/5 0)
(824/5 77 70 1/5 0)
(165 55 57 1 1)
(165 59 59 1 1)
(165 64 62 1 1)
(165 76 69 3 0)
(166 55 57 1 1)
(166 59 59 1 1)
(166 64 62 1 1)
(167 55 57 1 1)
(167 59 59 1 1)
(167 64 62 1 1)
(168 54 56 1 1)
(168 58 58 1 1)
(168 64 62 1 1)
(169 54 56 1 1)
(169 58 58 1 1)
(169 63 61 1 1)
(169 75 68 2 0)
(170 54 56 1 1)
(170 58 58 1 1)
(170 63 61 1 1)
(171 53 56 1 1)
(171 57 58 1 1)
(171 63 62 1 1)
(171 76 69 1/6 0)
(1027/6 77 70 1/6 0)
(514/3 80 72 1/6 0)
(343/2 79 71 1/6 0)
(515/3 78 70 1/6 0)
(1031/6 77 70 1/6 0)
(172 53 56 1 1)
(172 57 58 1 1)
(172 62 61 1 1)
(172 74 68 2 0)
(173 53 56 1 1)
(173 57 58 1 1)
(173 62 61 1 1)
(174 40 48 1 1)
(174 84 74 1/2 0)
(699/4 83 73 1/4 0)
(175 52 55 1 1)
(175 59 59 1 1)
(175 62 61 1 1)
(175 80 71 1/2 0)
(176 52 55 1 1)
(176 59 59 1 1)
(176 62 61 1 1)
(176 68 64 1 0)
(177 45 51 3 1)
(177 69 65 3 0)
(178 52 55 1 1)
(178 57 58 1 1)
(178 61 60 1 0)
(179 52 55 1 1)
(179 57 58 1 1)
(179 61 60 1 0)
(180 45 51 1 1)
(180 52 55 1 1)
(180 61 60 1 0)
(180 73 67 1/2 0)
(361/2 71 66 1/2 0)
(181 45 51 1 1)
(181 52 55 1 1)
(181 61 60 1 0)
(181 69 65 1 0)
(182 45 51 1 1)
(182 52 55 1 1)
(182 61 60 1 0)
(182 66 63 1 0)
(183 45 51 1 1)
(183 52 55 1 1)
(183 62 61 1/2 0)
(183 64 62 3 0)
(367/2 62 61 1/2 0)
(184 45 51 1 1)
(184 52 55 1 1)
(184 62 61 1 0)
(185 45 51 1 1)
(185 52 55 1 1)
(185 61 60 1/2 0)
(371/2 59 59 1/2 0)
(186 45 51 1 1)
(186 52 55 1 1)
(186 61 60 1 0)
(186 73 67 1/2 0)
(373/2 71 66 1/2 0)
(187 45 51 1 1)
(187 52 55 1 1)
(187 61 60 1 0)
(187 69 65 1 0)
(188 45 51 1 1)
(188 52 55 1 1)
(188 61 60 1 0)
(188 66 63 1 0)
(189 45 51 1 1)
(189 52 55 1 1)
(189 62 61 1/3 0)
(189 64 62 3 0)
(568/3 62 61 1/3 0)
(569/3 62 61 1/3 0)
(190 45 51 1 1)
(190 62 61 1 0)
(191 45 51 1 1)
(191 52 55 1 1)
(191 61 60 1/2 0)
(383/2 59 59 1/2 0)
(192 45 51 1 1)
(192 52 55 1 1)
(192 59 59 1 1)
(192 62 61 1 0)
(192 64 62 1/2 0)
(385/2 66 63 1/2 0)
(193 45 51 1 1)
(193 52 55 1 1)
(193 59 59 1 1)
(193 62 61 1 0)
(193 64 62 1 0)
(193 68 64 1 0)
(194 45 51 1 1)
(194 52 55 1 1)
(194 59 59 1 1)
(194 62 61 1 0)
(194 64 62 1 0)
(194 69 65 1 0)
(195 45 51 1 1)
(195 52 55 1 1)
(195 59 59 1 1)
(195 62 61 1 0)
(195 64 62 1 0)
(195 68 64 1 0)
(195 71 66 1/2 0)
(391/2 73 67 1/2 0)
(196 45 51 1 1)
(196 52 55 1 1)
(196 59 59 1 1)
(196 62 61 1 0)
(196 64 62 1 0)
(196 68 64 1 0)
(196 74 68 1 0)
(197 45 51 1 1)
(197 52 55 1 1)
(197 59 59 1 1)
(197 62 61 1 0)
(197 64 62 1 0)
(197 68 64 1 0)
(197 75 68 1 0)
(198 45 51 1 1)
(198 52 55 1 1)
(198 59 59 1 1)
(198 62 61 1 0)
(198 64 62 1 0)
(198 68 64 1 0)
(198 76 69 1/2 0)
(397/2 74 68 1/2 0)
(199 45 51 1 1)
(199 52 55 1 1)
(199 59 59 1 1)
(199 62 61 1 0)
(199 64 62 1 0)
(199 68 64 1 0)
(199 71 66 1 0)
(200 45 51 1 1)
(200 52 55 1 1)
(200 59 59 1 1)
(200 62 61 1 0)
(200 64 62 1 0)
(200 68 64 1 0)
(200 73 67 1 0)
(201 45 51 1/2 1)
(201 52 55 1/2 1)
(201 57 58 1/2 1)
(201 61 60 1/2 0)
(201 69 65 1/2 0)
(403/2 73 67 1/2 0)
(202 40 48 2 1)
(202 52 55 2 1)
(202 59 59 1 0)
(202 64 62 1 0)
(202 68 64 1 0)
(202 71 66 2 0)
(203 62 61 1 0)
(203 66 63 1 0)
(204 45 51 1 1)
(204 52 55 1 1)
(204 61 60 1 0)
(204 64 62 1 0)
(204 73 67 1/2 0)
(409/2 71 66 1/2 0)
(205 45 51 1 1)
(205 52 55 1 1)
(205 61 60 1 0)
(205 69 65 1 0)
(206 45 51 1 1)
(206 52 55 1 1)
(206 61 60 1 0)
(206 66 63 1 0)
(207 45 51 1 1)
(207 52 55 1 1)
(207 62 61 1/2 0)
(207 64 62 3 0)
(415/2 62 61 1/2 0)
(208 45 51 1 1)
(208 52 55 1 1)
(208 62 61 1 0)
(209 45 51 1 1)
(209 52 55 1 1)
(209 61 60 1/2 0)
(419/2 59 59 1/2 0)
(210 45 51 1 1)
(210 52 55 1 1)
(210 61 60 1 0)
(210 73 67 1/2 0)
(421/2 71 66 1/2 0)
(211 45 51 1 1)
(211 52 55 1 1)
(211 61 60 1 0)
(211 69 65 1 0)
(212 45 51 1 1)
(212 52 55 1 1)
(212 61 60 1 0)
(212 66 63 1 0)
(213 45 51 1 1)
(213 52 55 1 1)
(213 62 61 1/3 0)
(213 64 62 3 0)
(640/3 62 61 1/3 0)
(641/3 62 61 1/3 0)
(214 45 51 1 1)
(214 52 55 1 1)
(214 62 61 1 0)
(215 45 51 1 1)
(215 52 55 1 1)
(215 61 60 1/2 0)
(431/2 59 59 1/2 0)
(216 45 51 1 1)
(216 52 55 1 1)
(216 59 59 1 1)
(216 62 61 1 0)
(216 64 62 1/2 0)
(433/2 66 63 1/2 0)
(217 45 51 1 1)
(217 52 55 1 1)
(217 59 59 1 1)
(217 62 61 1 0)
(217 64 62 1 0)
(217 68 64 1 0)
(218 45 51 1 1)
(218 52 55 1 1)
(218 59 59 1 1)
(218 62 61 1 0)
(218 64 62 1 0)
(218 69 65 1 0)
(219 45 51 1 1)
(219 52 55 1 1)
(219 59 59 1 1)
(219 62 61 1 0)
(219 64 62 1 0)
(219 68 64 1 0)
(219 71 66 1/2 0)
(439/2 72 66 1/2 0)
(220 45 51 1 1)
(220 52 55 1 1)
(220 57 58 1 1)
(220 61 60 1 0)
(220 69 65 1 0)
(220 73 67 3/2 0)
(221 45 51 1 1)
(221 52 55 1 1)
(221 57 58 1 1)
(221 61 60 1/2 0)
(221 69 65 1/2 0)
(443/2 66 63 1/2 0)
(443/2 78 70 1/2 0)
(222 45 51 1 1)
(222 52 55 1 1)
(222 59 59 1 1)
(222 64 62 1 0)
(222 68 64 1 0)
(222 76 69 1/2 0)
(445/2 71 66 1/2 0)
(223 45 51 1 1)
(223 52 55 1 1)
(223 61 60 1 0)
(223 69 65 1 0)
(223 73 67 3/2 0)
(224 45 51 1 1)
(224 52 55 1 1)
(224 61 60 1/2 0)
(224 69 65 1/2 0)
(449/2 66 63 1/2 0)
(449/2 78 70 1/2 0)
(225 45 51 1 1)
(225 52 55 1 1)
(225 59 59 1 1)
(225 62 61 1 0)
(225 64 62 1 0)
(225 68 64 1 0)
(225 76 69 1/2 0)
(451/2 75 68 1/2 0)
(226 45 51 1 1)
(226 52 55 1 1)
(226 59 59 1 1)
(226 62 61 1 0)
(226 64 62 1 0)
(226 68 64 1 0)
(226 74 68 3/2 0)
(227 45 51 1 1)
(227 52 55 1 1)
(227 59 59 1 1)
(227 62 61 1 0)
(227 64 62 1 0)
(227 68 64 1 0)
(455/2 72 66 1/2 0)
(228 45 51 1 1)
(228 52 55 1 1)
(228 61 60 1 0)
(228 69 65 1 0)
(228 73 67 1/2 0)
(457/2 71 66 1/2 0)
(229 45 51 1 1)
(229 52 55 1 1)
(229 61 60 1 0)
(229 69 65 1 0)
(230 45 51 1 1)
(230 52 55 1 1)
(230 61 60 1 0)
(230 66 63 1 0)
(231 45 51 1 1)
(231 52 55 1 1)
(231 62 61 1/2 0)
(231 64 62 3 0)
(463/2 62 61 1/2 0)
(232 45 51 1 1)
(232 52 55 1 1)
(232 62 61 1 0)
(233 45 51 1 1)
(233 52 55 1 1)
(233 61 60 1/2 0)
(467/2 59 59 1/2 0)
(234 45 51 1 1)
(234 52 55 1 1)
(234 61 60 1 0)
(234 73 67 1/2 0)
(469/2 71 66 1/2 0)
(235 45 51 1 1)
(235 52 55 1 1)
(235 61 60 1 0)
(235 69 65 1 0)
(236 45 51 1 1)
(236 52 55 1 1)
(236 61 60 1 0)
(236 66 63 1 0)
(237 45 51 1 1)
(237 52 55 1 1)
(237 62 61 1/3 0)
(237 64 62 3 0)
(712/3 62 61 1/3 0)
(713/3 62 61 1/3 0)
(238 45 51 1 1)
(238 52 55 1 1)
(238 62 61 1 0)
(239 45 51 1 1)
(239 52 55 1 1)
(239 61 60 1/2 0)
(479/2 59 59 1/2 0)
(240 45 51 1 1)
(240 52 55 1 1)
(240 59 59 1 1)
(240 62 61 1 0)
(240 64 62 1/2 0)
(481/2 66 63 1/2 0)
(241 45 51 1 1)
(241 52 55 1 1)
(241 59 59 1 1)
(241 62 61 1 0)
(241 64 62 1 0)
(241 68 64 1 0)
(242 45 51 1 1)
(242 52 55 1 1)
(242 59 59 1 1)
(242 62 61 1 0)
(242 64 62 1 0)
(242 69 65 1 0)
(243 45 51 1 1)
(243 52 55 1 1)
(243 59 59 1 1)
(243 62 61 1 0)
(243 64 62 1 0)
(243 68 64 1 0)
(243 71 66 1/2 0)
(487/2 73 67 1/2 0)
(244 45 51 1 1)
(244 52 55 1 1)
(244 59 59 1 1)
(244 62 61 1 0)
(244 64 62 1 0)
(244 68 64 1 0)
(244 74 68 1 0)
(245 45 51 1 1)
(245 52 55 1 1)
(245 59 59 1 1)
(245 62 61 1 0)
(245 64 62 1 0)
(245 68 64 1 0)
(245 75 68 1 0)
(246 45 51 1 1)
(246 52 55 1 1)
(246 59 59 1 1)
(246 62 61 1 0)
(246 64 62 1 0)
(246 68 64 1 0)
(246 76 69 1/2 0)
(493/2 74 68 1/2 0)
(247 45 51 1 1)
(247 52 55 1 1)
(247 59 59 1 1)
(247 62 61 1 0)
(247 64 62 1 0)
(247 68 64 1 0)
(247 71 66 1 0)
(248 45 51 1 1)
(248 52 55 1 1)
(248 59 59 1 1)
(248 62 61 1 0)
(248 64 62 1 0)
(248 68 64 1 0)
(248 73 67 1/2 0)
(497/2 71 66 1/2 0)
(249 45 51 1/2 1)
(249 52 55 1/2 1)
(249 57 58 1/2 1)
(249 61 60 1/2 0)
(249 69 65 1/2 0)
(499/2 73 67 1/2 0)
(250 40 48 2 1)
(250 52 55 2 1)
(250 59 59 3/2 0)
(250 64 62 3/2 0)
(250 68 64 3/2 0)
(250 71 66 2 0)
(503/2 62 61 1/2 0)
(503/2 66 63 1/2 0)
(252 45 51 1 1)
(252 52 55 1 1)
(252 61 60 1 0)
(252 64 62 1 0)
(252 73 67 1/2 0)
(505/2 71 66 1/2 0)
(253 45 51 1 1)
(253 52 55 1 1)
(253 61 60 1 0)
(253 69 65 1 0)
(254 45 51 1 1)
(254 52 55 1 1)
(254 61 60 1 0)
(254 66 63 1 0)
(255 45 51 1 1)
(255 52 55 1 1)
(255 62 61 1/2 0)
(255 64 62 3 0)
(511/2 62 61 1/2 0)
(256 45 51 1 1)
(256 52 55 1 1)
(256 62 61 1 0)
(257 45 51 1 1)
(257 52 55 1 1)
(257 61 60 1/2 0)
(515/2 59 59 1/2 0)
(258 45 51 1 1)
(258 52 55 1 1)
(258 61 60 1 0)
(258 73 67 1/2 0)
(517/2 71 66 1/2 0)
(259 45 51 1 1)
(259 52 55 1 1)
(259 61 60 1 0)
(259 69 65 1 0)
(260 45 51 1 1)
(260 52 55 1 1)
(260 61 60 1 0)
(260 66 63 1 0)
(261 45 51 1 1)
(261 52 55 1 1)
(261 62 61 1/3 0)
(261 64 62 3 0)
(784/3 62 61 1/3 0)
(785/3 62 61 1/3 0)
(262 45 51 1 1)
(262 52 55 1 1)
(262 62 61 1 0)
(263 45 51 1 1)
(263 52 55 1 1)
(263 61 60 1/2 0)
(527/2 59 59 1/2 0)
(264 45 51 1 1)
(264 52 55 1 1)
(264 59 59 1 1)
(264 62 61 1 0)
(264 64 62 1/2 0)
(529/2 66 63 1/2 0)
(265 45 51 1 1)
(265 52 55 1 1)
(265 59 59 1 1)
(265 62 61 1 0)
(265 64 62 1 0)
(265 68 64 1 0)
(266 45 51 1 1)
(266 52 55 1 1)
(266 59 59 1 1)
(266 62 61 1 0)
(266 64 62 1 0)
(266 69 65 1 0)
(267 45 51 1 1)
(267 52 55 1 1)
(267 59 59 1 1)
(267 62 61 1 0)
(267 64 62 1 0)
(267 68 64 1 0)
(267 71 66 1/2 0)
(535/2 73 67 1/2 0)
(268 45 51 1 1)
(268 52 55 1 1)
(268 59 59 1 1)
(268 62 61 1 0)
(268 64 62 1 0)
(268 68 64 1 0)
(268 74 68 1 0)
(269 45 51 1 1)
(269 52 55 1 1)
(269 59 59 1 1)
(269 62 61 1 0)
(269 64 62 1 0)
(269 68 64 1 0)
(269 76 69 1 0)
(270 45 51 1/2 1)
(270 52 55 1/2 1)
(270 59 59 1/2 1)
(270 62 61 1/2 0)
(270 68 64 1/2 0)
(270 77 70 1/2 0)
(1083/4 64 62 1/4 0)
(1083/4 76 69 1/4 0)
(271 65 63 3/2 0)
(271 77 70 3/2 0)
(545/2 64 62 1/2 0)
(545/2 76 69 1/2 0)
(273 65 63 3/4 0)
(273 77 70 3/4 0)
(1095/4 64 62 1/4 0)
(1095/4 76 69 1/4 0)
(274 65 63 11 1)
(274 77 70 3/2 0)
(551/2 71 66 5/4 0)
(276 57 58 1 1)
(276 62 61 1 1)
(1107/4 72 67 1/4 0)
(277 57 58 1 1)
(277 62 61 1 1)
(277 74 68 1 0)
(278 57 58 1 1)
(278 62 61 1 1)
(278 69 65 1 0)
(279 57 58 1 1)
(279 60 60 1 1)
(279 72 67 2 0)
(280 57 58 1 1)
(280 60 60 1 1)
(281 57 58 1 1)
(281 60 60 1 1)
(281 71 66 1/2 0)
(563/2 72 67 1/2 0)
(282 55 57 1 1)
(282 60 60 1 1)
(282 74 68 1/2 0)
(565/2 73 67 1/2 0)
(283 55 57 1 1)
(283 59 59 1 1)
(283 74 68 1/3 0)
(850/3 76 69 1/3 0)
(851/3 77 70 1/3 0)
(284 55 57 1 1)
(284 59 59 1 1)
(284 79 71 1/2 0)
(1139/4 74 68 1/4 0)
(285 55 57 1 1)
(285 59 59 1 1)
(285 64 62 1 1)
(285 76 69 3 0)
(286 55 57 1 1)
(286 59 59 1 1)
(286 64 62 1 1)
(287 55 57 1 1)
(287 59 59 1 1)
(287 64 62 1 1)
(288 54 56 1 1)
(288 58 58 1 1)
(288 64 62 1 1)
(288 78 70 1 0)
(289 54 56 1 1)
(289 58 58 1 1)
(289 63 61 1 1)
(289 75 68 2 0)
(290 54 56 1 1)
(290 58 58 1 1)
(290 63 61 1 1)
(291 53 56 1 1)
(291 57 58 1 1)
(291 63 62 1 1)
(291 77 70 1 0)
(292 53 56 1 1)
(292 57 58 1 1)
(292 62 61 1 1)
(292 74 68 2 0)
(293 53 56 1 1)
(293 57 58 1 1)
(293 62 61 1 1)
(294 52 55 1 1)
(294 56 57 1 1)
(294 62 61 1 1)
(294 76 69 1/4 0)
(1177/4 71 66 11/4 0)
(295 52 55 1 1)
(295 56 57 1 1)
(295 62 61 1 1)
(296 52 55 1 1)
(296 56 57 1 1)
(296 62 61 1 1)
(297 52 55 1 1)
(297 57 58 1 1)
(297 62 61 1 1)
(297 72 67 1/4 0)
(1189/4 68 64 5/2 0)
(298 52 55 1 1)
(298 59 59 1 1)
(298 62 61 1 1)
(299 52 55 1 1)
(299 59 59 1 1)
(299 62 61 1 1)
(1199/4 71 66 1/4 0)
(300 45 51 1 1)
(300 71 66 1/3 0)
(901/3 72 67 1/3 0)
(902/3 71 66 1/3 0)
(301 57 58 1 1)
(301 62 61 1 1)
(301 65 63 1 1)
(301 69 65 1/3 0)
(904/3 71 66 1/3 0)
(905/3 72 67 1/3 0)
(302 57 58 1 1)
(302 62 61 1 1)
(302 65 63 1 1)
(302 76 69 1/2 0)
(605/2 74 68 1/6 0)
(908/3 69 65 1/3 0)
(303 57 58 1 1)
(303 60 60 1 1)
(303 65 63 1 1)
(303 72 67 2 0)
(304 57 58 1 1)
(304 60 60 1 1)
(304 65 63 1 1)
(305 56 58 1 1)
(305 60 60 1 1)
(305 65 63 1 1)
(305 71 66 1/3 0)
(916/3 72 67 1/3 0)
(917/3 73 67 1/3 0)
(306 55 57 1 1)
(306 60 60 1 1)
(306 65 63 1 1)
(306 74 68 1/3 0)
(919/3 84 74 1/3 0)
(920/3 83 73 1/3 0)
(307 55 57 1 1)
(307 59 59 1 1)
(307 65 63 1 1)
(307 72 67 1/3 0)
(922/3 71 66 1/3 0)
(923/3 81 72 1/3 0)
(308 55 57 1 1)
(308 59 59 1 1)
(308 65 63 1 1)
(308 79 71 1/3 0)
(925/3 69 65 1/3 0)
(926/3 67 64 1/3 0)
(309 55 57 1 1)
(309 59 59 1 1)
(309 64 62 1 1)
(309 76 69 3 0)
(310 55 57 1 1)
(310 59 59 1 1)
(310 64 62 1 1)
(311 55 57 1 1)
(311 59 59 1 1)
(311 64 62 1 1)
(312 54 56 1 1)
(312 58 58 1 1)
(312 64 62 1 1)
(313 54 56 1 1)
(313 58 58 1 1)
(313 63 61 1 1)
(313 75 68 2 0)
(314 54 56 1 1)
(314 58 58 1 1)
(314 63 61 1 1)
(315 53 56 1 1)
(315 57 58 1 1)
(315 63 62 1 1)
(315 76 69 1/6 0)
(1891/6 77 70 1/6 0)
(946/3 80 72 1/6 0)
(631/2 79 71 1/6 0)
(947/3 78 70 1/6 0)
(1895/6 77 70 1/6 0)
(316 53 56 1 1)
(316 57 58 1 1)
(316 62 61 1 1)
(316 74 68 2 0)
(317 53 56 1 1)
(317 57 58 1 1)
(317 62 61 1 1)
(318 40 48 1 1)
(318 84 74 1/2 0)
(318 88 76 1/2 0)
(1275/4 83 73 1/4 0)
(1275/4 88 76 1/4 0)
(319 52 55 1 1)
(319 59 59 1 1)
(319 62 61 1 1)
(319 80 71 1/2 0)
(319 88 76 1/2 0)
(320 52 55 1 1)
(320 59 59 1 1)
(320 62 61 1 1)
(320 68 64 1 0)
(321 45 51 3 1)
(321 69 65 2 0)
(322 52 55 1 1)
(322 60 60 1 1)
(323 52 55 1 1)
(323 60 60 1 1)
(323 76 69 3/2 0)
(324 45 51 3 1)
(1299/4 75 68 1/4 0)
(325 54 56 1 1)
(325 60 60 1 1)
(325 69 65 1/2 0)
(326 54 56 1 1)
(326 60 60 1 1)
(326 63 61 1 0)
(327 45 51 3 1)
(327 69 65 3 0)
(327 75 68 7/2 0)
(328 53 56 1 1)
(328 60 60 1 1)
(329 53 56 1 1)
(329 60 60 1 1)
(330 45 51 3 1)
(1323/4 74 68 1/4 0)
(331 53 56 1 1)
(331 59 59 1 1)
(331 68 64 1/2 0)
(332 53 56 1 1)
(332 59 59 1 1)
(332 62 61 1 0)
(333 45 51 3 1)
(333 68 64 3 0)
(333 74 68 7/2 0)
(334 53 56 1 1)
(334 58 59 1 1)
(335 53 56 1 1)
(335 58 59 1 1)
(336 45 51 3 1)
(1347/4 73 67 1/4 0)
(337 52 55 1 1)
(337 58 59 1 1)
(337 67 64 1/2 0)
(338 52 55 1 1)
(338 58 59 1 1)
(338 61 60 1 0)
(339 45 51 3 1)
(339 66 63 3 0)
(339 72 67 3 0)
(340 51 55 1 1)
(340 57 58 1 1)
(341 51 55 1 1)
(341 57 58 1 1)
(342 45 51 3 1)
(342 65 63 1 0)
(342 71 66 1/2 0)
(685/2 72 67 1/2 0)
(343 50 54 1 1)
(343 57 58 1 1)
(343 65 63 1 0)
(343 74 68 1 0)
(344 50 54 1 1)
(344 57 58 1 1)
(344 65 63 1 0)
(344 69 65 1 0)
(345 45 51 3 1)
(345 64 62 2 0)
(345 72 67 2 0)
(346 52 55 1 1)
(346 60 60 1 1)
(347 52 55 1 1)
(347 60 60 1 1)
(347 76 69 3/2 0)
(348 45 51 3 1)
(1395/4 75 68 1/4 0)
(349 54 56 1 1)
(349 60 60 1 1)
(349 69 65 1/2 0)
(350 54 56 1 1)
(350 60 60 1 1)
(350 63 61 1 0)
(351 45 51 3 1)
(351 69 65 3 0)
(351 75 68 7/2 0)
(352 53 56 1 1)
(352 60 60 1 1)
(353 53 56 1 1)
(353 60 60 1 1)
(354 45 51 3 1)
(1419/4 74 68 1/4 0)
(355 53 56 1 1)
(355 59 59 1 1)
(355 68 64 1/2 0)
(356 53 56 1 1)
(356 59 59 1 1)
(356 62 61 1 0)
(357 45 51 3 1)
(357 68 64 3 0)
(357 74 68 7/2 0)
(358 53 56 1 1)
(358 58 59 1 1)
(359 53 56 1 1)
(359 58 59 1 1)
(360 45 51 3 1)
(1443/4 73 67 1/4 0)
(361 52 55 1 1)
(361 58 59 1 1)
(361 67 64 1/2 0)
(362 52 55 1 1)
(362 58 59 1 1)
(362 61 60 1 0)
(363 45 51 3 1)
(363 66 63 3 0)
(363 72 67 3 0)
(364 51 55 1 1)
(364 57 58 1 1)
(365 51 55 1 1)
(365 57 58 1 1)
(366 45 51 3 1)
(366 65 63 1 0)
(366 71 66 1/2 0)
(733/2 72 67 1/2 0)
(367 50 54 1 1)
(367 57 58 1 1)
(367 65 63 1 0)
(367 74 68 1 0)
(368 50 54 1 1)
(368 57 58 1 1)
(368 65 63 1 0)
(368 69 65 1 0)
(369 45 51 3 1)
(369 64 62 3 0)
(369 72 67 3 0)
(370 52 55 1 1)
(370 60 60 1 1)
(371 52 55 1 1)
(371 60 60 1 1)
(372 45 51 2 1)
(373 52 55 1 1)
(373 60 60 1 1)
(374 69 65 1 0)
(375 72 67 2 0)
(376 52 55 1 1)
(376 60 60 1 1)
(377 45 51 1 1)
(378 52 55 1 1)
(378 60 60 1 1)
(379 45 51 1 1)
(380 72 67 1 0)
(381 69 65 9 0)
(385 57 58 1 1)
(385 59 59 1 1)
(385 65 63 1 1)
(386 57 58 1 1)
(386 60 60 1 1)
(386 65 63 1 1)
(387 57 58 1 1)
(387 62 61 1 1)
(387 65 63 1 1)
(388 57 58 1 1)
(388 59 59 1 1)
(388 65 63 1 1)
(389 57 58 1 1)
(389 60 60 1 1)
(389 65 63 1 1)
(390 57 58 1 1)
(390 62 61 1 1)
(390 65 63 1 1)
(391 57 58 1 1)
(391 59 59 1 1)
(391 65 63 1 1)
(392 57 58 1 1)
(392 60 60 1 1)
(392 65 63 1 1)
(393 62 61 1/3 0)
(1180/3 64 62 1/3 0)
(1181/3 62 61 1/3 0)
(394 57 58 2 1)
(394 60 60 2 1)
(394 65 63 2 1)
