(0 48 53 1 1)
(0 55 57 1 1)
(0 60 60 1 0)
(0 64 62 1 0)
(1 43 50 1 1)
(1 50 54 1 1)
(1 59 59 1 0)
(1 67 64 1 0)
(2 48 53 1 1)
(2 55 57 1 1)
(2 60 60 1 0)
(2 64 62 1 0)
(3 43 50 1 1)
(3 50 54 1 1)
(3 59 59 1 0)
(3 67 64 1 0)
(4 48 53 1 1)
(4 55 57 1 1)
(4 60 60 1 0)
(4 64 62 1 0)
(5 43 50 1 1)
(5 50 54 1 1)
(5 59 59 1 0)
(5 67 64 1 0)
(6 48 53 1 1)
(6 55 57 1 1)
(6 60 60 1 0)
(6 64 62 1 0)
(7 43 50 1 1)
(7 50 54 1 1)
(7 59 59 1 0)
(7 67 64 1 0)
(8 48 53 1 1)
(8 55 57 1 1)
(8 60 60 1 0)
(8 64 62 1 0)
(9 43 50 1 1)
(9 50 54 1 1)
(9 59 59 1 0)
(9 67 64 1 0)
(10 48 53 1 1)
(10 55 57 1 1)
(10 60 60 1 0)
(10 64 62 1 0)
(11 43 50 1 1)
(11 50 54 1 1)
(11 59 59 1 0)
(11 67 64 1 0)
(12 57 58 1 1)
(12 60 60 1 1)
(12 64 62 1 1)
(12 72 67 1/2 0)
(25/2 84 74 1/2 0)
(13 57 58 1 1)
(13 60 60 1 1)
(13 65 63 1 1)
(13 83 73 1/3 0)
(40/3 84 74 1/3 0)
(41/3 83 73 1/3 0)
(14 57 58 1 1)
(14 60 60 1 1)
(14 65 63 1 1)
(14 81 72 1/2 0)
(29/2 77 70 1/2 0)
(15 59 59 1 1)
(15 65 63 1 1)
(15 74 68 1/2 0)
(31/2 74 68 1/2 0)
(16 59 59 1 1)
(16 65 63 1 1)
(16 74 68 1 0)
(17 60 60 1 1)
(17 64 62 1 1)
(17 72 67 1 0)
(18 62 61 1 1)
(18 65 63 1 1)
(18 69 65 1/2 0)
(37/2 81 72 1/2 0)
(19 53 56 1 1)
(19 57 58 1 1)
(19 62 61 1 1)
(19 79 71 1/3 0)
(58/3 81 72 1/3 0)
(59/3 79 71 1/3 0)
(20 53 56 1 1)
(20 57 58 1 1)
(20 62 61 1 1)
(20 77 70 1/2 0)
(41/2 74 68 1/2 0)
(21 52 55 1 1)
(21 62 61 1 1)
(21 71 66 1/2 0)
(43/2 71 66 1/2 0)
(22 52 55 1 1)
(22 62 61 1 1)
(22 71 66 1 0)
(23 57 58 1 1)
(23 60 60 1 1)
(23 69 65 1 0)
(24 57 58 1 1)
(24 60 60 1 1)
(24 64 62 1 1)
(24 72 67 1/2 0)
(49/2 84 74 1/2 0)
(25 57 58 1 1)
(25 60 60 1 1)
(25 65 63 1 1)
(25 83 73 1 0)
(26 57 58 1 1)
(26 60 60 1 1)
(26 65 63 1 1)
(26 81 72 1/2 0)
(53/2 77 70 1/2 0)
(27 59 59 1 1)
(27 65 63 1 1)
(27 74 68 1/2 0)
(55/2 74 68 1/2 0)
(28 59 59 1 1)
(28 65 63 1 1)
(28 74 68 1 0)
(29 60 60 1 1)
(29 64 62 1 1)
(29 72 67 1 0)
(30 62 61 1 1)
(30 65 63 1 1)
(30 69 65 1/2 0)
(61/2 81 72 1/2 0)
(31 53 56 1 1)
(31 57 58 1 1)
(31 62 61 1 1)
(31 79 71 1 0)
(32 53 56 1 1)
(32 57 58 1 1)
(32 62 61 1 1)
(32 77 70 1/2 0)
(65/2 74 68 1/2 0)
(33 52 55 1 1)
(33 62 61 1 1)
(33 71 66 1/2 0)
(67/2 71 66 1/2 0)
(34 52 55 1 1)
(34 62 61 1 1)
(34 71 66 1 0)
(35 57 58 1 1)
(35 60 60 1 1)
(35 69 65 1 0)
(36 55 57 1 1)
(36 62 61 1 1)
(36 67 64 1 0)
(36 71 66 1 0)
(37 55 57 1 1)
(37 62 61 1 1)
(37 67 64 1 0)
(37 71 66 1/2 0)
(75/2 72 67 1/2 0)
(38 50 54 1 1)
(38 57 58 1 1)
(38 62 61 1 1)
(38 65 63 1 0)
(38 74 68 1 0)
(39 55 57 1 1)
(39 62 61 1 1)
(39 67 64 1 0)
(39 71 66 1 0)
(40 55 57 1 1)
(40 62 61 1 1)
(40 67 64 1 0)
(40 71 66 1/2 0)
(81/2 72 67 1/2 0)
(41 50 54 1 1)
(41 57 58 1 1)
(41 62 61 1 1)
(41 65 63 1 0)
(41 74 68 1 0)
(42 50 54 1 1)
(42 57 58 1 1)
(42 62 61 1 1)
(42 65 63 1 0)
(42 77 70 1/2 0)
(85/2 76 69 1/2 0)
(43 50 54 1 1)
(43 57 58 1 1)
(43 62 61 1 1)
(43 65 63 1 0)
(43 74 68 1 0)
(44 55 57 1 1)
(44 59 59 1 1)
(44 65 63 1 0)
(44 67 64 1/2 0)
(89/2 76 69 1/2 0)
(45 48 53 1 1)
(45 55 57 1 1)
(45 60 60 1 1)
(45 64 62 1 0)
(45 72 67 1 0)
(46 48 53 1 1)
(46 55 57 1 1)
(46 60 60 1 1)
(46 64 62 1 0)
(46 72 67 1 0)
(47 48 53 1 1)
(47 55 57 1 1)
(47 60 60 1 1)
(47 64 62 1 0)
(47 72 67 1 0)
(48 55 57 1 1)
(48 62 61 1 1)
(48 67 64 1 0)
(48 71 66 1 0)
(49 55 57 1 1)
(49 62 61 1 1)
(49 67 64 1 0)
(49 71 66 1/2 0)
(99/2 72 67 1/2 0)
(50 50 54 1 1)
(50 57 58 1 1)
(50 62 61 1 1)
(50 65 63 1 0)
(50 74 68 1 0)
(51 55 57 1 1)
(51 62 61 1 1)
(51 67 64 1 0)
(51 71 66 1/2 0)
(103/2 72 67 1/2 0)
(52 55 57 1 1)
(52 62 61 1 1)
(52 67 64 1 0)
(52 71 66 1/2 0)
(105/2 72 67 1/2 0)
(53 50 54 1 1)
(53 57 58 1 1)
(53 62 61 1 1)
(53 65 63 1 0)
(53 74 68 1 0)
(54 50 54 1 1)
(54 57 58 1 1)
(54 62 61 1 1)
(54 65 63 1 0)
(54 77 70 1/2 0)
(109/2 76 69 1/2 0)
(55 50 54 1 1)
(55 57 58 1 1)
(55 62 61 1 1)
(55 65 63 1 0)
(55 74 68 1 0)
(56 55 57 1 1)
(56 59 59 1 1)
(56 65 63 1 0)
(56 67 64 1/2 0)
(113/2 76 69 1/2 0)
(57 48 53 1 1)
(57 55 57 1 1)
(57 60 60 1 1)
(57 64 62 1 0)
(57 72 67 1 0)
(58 48 53 1 1)
(58 55 57 1 1)
(58 60 60 1 1)
(58 64 62 1 0)
(58 72 67 1 0)
(59 48 53 1 1)
(59 55 57 1 1)
(59 60 60 1 1)
(59 64 62 1 0)
(59 72 67 3/2 0)
(60 41 49 1 1)
(121/2 77 70 1/2 0)
(61 57 58 1 1)
(61 60 60 1 1)
(61 65 63 1 1)
(61 81 72 1 0)
(62 57 58 1 1)
(62 60 60 1 1)
(62 65 63 1 1)
(62 84 74 1 0)
(63 47 52 1 1)
(63 86 75 1/2 0)
(127/2 88 76 1/2 0)
(64 55 57 1 1)
(64 62 61 1 1)
(64 65 63 1 1)
(64 89 77 1/3 0)
(193/3 91 78 1/3 0)
(194/3 89 77 1/3 0)
(65 55 57 1 1)
(65 62 61 1 1)
(65 65 63 1 1)
(65 88 76 1/2 0)
(131/2 86 75 1/2 0)
(66 48 53 1 1)
(66 84 74 1/2 0)
(133/2 84 74 1/2 0)
(67 55 57 1 1)
(67 60 60 1 1)
(67 64 62 1 1)
(67 79 71 1 0)
(68 55 57 1 1)
(68 60 60 1 1)
(68 64 62 1 1)
(68 77 70 1/2 0)
(137/2 79 71 1/2 0)
(69 53 56 1 1)
(69 81 72 2 0)
(70 57 58 1 1)
(70 60 60 1 1)
(70 65 63 1 1)
(71 57 58 1 1)
(71 60 60 1 1)
(71 65 63 1 1)
(71 77 70 1 0)
(72 41 49 1 1)
(72 72 67 1/2 0)
(145/2 77 70 1/2 0)
(73 57 58 1 1)
(73 60 60 1 1)
(73 65 63 1 1)
(73 81 72 1 0)
(74 57 58 1 1)
(74 60 60 1 1)
(74 65 63 1 1)
(74 84 74 1/2 0)
(149/2 89 77 1/2 0)
(75 47 52 1 1)
(75 93 79 1 0)
(76 55 57 1 1)
(76 62 61 1 1)
(76 65 63 1 1)
(76 91 78 1/2 0)
(153/2 89 77 1/2 0)
(77 55 57 1 1)
(77 62 61 1 1)
(77 65 63 1 1)
(77 88 76 1/2 0)
(155/2 86 75 1/2 0)
(78 48 53 1 1)
(78 84 74 1/3 0)
(235/3 86 75 1/3 0)
(236/3 84 74 1/3 0)
(79 55 57 1 1)
(79 60 60 1 1)
(79 64 62 1 1)
(79 79 71 1 0)
(80 55 57 1 1)
(80 60 60 1 1)
(80 64 62 1 1)
(80 79 71 1/2 0)
(161/2 83 73 1/2 0)
(81 53 56 1 1)
(81 81 72 2 0)
(82 57 58 1 1)
(82 60 60 1 1)
(82 65 63 1 1)
(83 57 58 1 1)
(83 60 60 1 1)
(83 65 63 1 1)
(83 77 70 1 0)
(84 41 49 1 1)
(84 72 67 1/2 0)
(169/2 77 70 1/2 0)
(85 57 58 1 1)
(85 60 60 1 1)
(85 65 63 1 1)
(85 81 72 1 0)
(86 57 58 1 1)
(86 60 60 1 1)
(86 65 63 1 1)
(86 84 74 1 0)
(87 47 52 1 1)
(87 86 75 1/2 0)
(175/2 88 76 1/2 0)
(88 55 57 1 1)
(88 62 61 1 1)
(88 65 63 1 1)
(88 89 77 1/3 0)
(265/3 91 78 1/3 0)
(266/3 89 77 1/3 0)
(89 55 57 1 1)
(89 62 61 1 1)
(89 65 63 1 1)
(89 88 76 1/2 0)
(179/2 86 75 1/2 0)
(90 48 53 1 1)
(90 88 76 1/3 0)
(271/3 86 75 1/3 0)
(272/3 84 74 1/3 0)
(91 55 57 1 1)
(91 60 60 1 1)
(91 64 62 1 1)
(91 79 71 1 0)
(92 55 57 1 1)
(92 60 60 1 1)
(92 64 62 1 1)
(92 77 70 1/2 0)
(185/2 79 71 1/2 0)
(93 53 56 1 1)
(93 81 72 2 0)
(94 57 58 1 1)
(94 60 60 1 1)
(94 65 63 1 1)
(95 57 58 1 1)
(95 60 60 1 1)
(95 65 63 1 1)
(95 77 70 1 0)
(96 41 49 1 1)
(96 72 67 1/2 0)
(193/2 77 70 1/2 0)
(97 57 58 1 1)
(97 60 60 1 1)
(97 65 63 1 1)
(97 79 71 1/2 0)
(195/2 81 72 1/2 0)
(98 57 58 1 1)
(98 60 60 1 1)
(98 65 63 1 1)
(98 84 74 1/2 0)
(197/2 89 77 1/2 0)
(99 47 52 1 1)
(99 91 78 1/2 0)
(199/2 93 79 1/2 0)
(100 55 57 1 1)
(100 62 61 1 1)
(100 65 63 1 1)
(100 91 78 1/2 0)
(201/2 89 77 1/2 0)
(101 55 57 1 1)
(101 62 61 1 1)
(101 65 63 1 1)
(101 88 76 1/2 0)
(203/2 86 75 1/2 0)
(102 48 53 1 1)
(102 84 74 1/3 0)
(307/3 86 75 1/3 0)
(308/3 84 74 1/3 0)
(103 55 57 1 1)
(103 60 60 1 1)
(103 64 62 1 1)
(103 79 71 1 0)
(104 55 57 1 1)
(104 60 60 1 1)
(104 64 62 1 1)
(104 79 71 1/2 0)
(209/2 83 73 1/2 0)
(105 53 56 1 1)
(105 81 72 2 0)
(106 57 58 1 1)
(106 60 60 1 1)
(106 65 63 1 1)
(107 57 58 1 1)
(107 60 60 1 1)
(107 65 63 1 1)
(107 77 70 1 0)
(108 57 58 1 1)
(108 60 60 1 1)
(108 64 62 1 1)
(108 72 67 1/2 0)
(217/2 84 74 1/2 0)
(109 57 58 1 1)
(109 60 60 1 1)
(109 64 62 1 1)
(109 83 73 1/3 0)
(328/3 84 74 1/3 0)
(329/3 83 73 1/3 0)
(110 57 58 1 1)
(110 60 60 1 1)
(110 65 63 1 1)
(110 81 72 1/2 0)
(221/2 77 70 1/2 0)
(111 59 59 1 1)
(111 65 63 1 1)
(111 74 68 1/2 0)
(223/2 74 68 1/2 0)
(112 59 59 1 1)
(112 65 63 1 1)
(112 74 68 1 0)
(113 60 60 1 1)
(113 64 62 1 1)
(113 72 67 1 0)
(114 62 61 1 1)
(114 65 63 1 1)
(114 69 65 1/2 0)
(229/2 81 72 1/2 0)
(115 53 56 1 1)
(115 57 58 1 1)
(115 62 61 1 1)
(115 79 71 1/3 0)
(346/3 81 72 1/3 0)
(347/3 79 71 1/3 0)
(116 53 56 1 1)
(116 57 58 1 1)
(116 62 61 1 1)
(116 77 70 1/2 0)
(233/2 74 68 1/2 0)
(117 52 55 1 1)
(117 62 61 1 1)
(117 71 66 1/2 0)
(235/2 71 66 1/2 0)
(118 52 55 1 1)
(118 62 61 1 1)
(118 71 66 1 0)
(119 57 58 1 1)
(119 60 60 1 1)
(119 69 65 1 0)
(120 57 58 1 1)
(120 60 60 1 1)
(120 64 62 1 1)
(120 72 67 1/2 0)
(241/2 84 74 1/2 0)
(121 57 58 1 1)
(121 60 60 1 1)
(121 65 63 1 1)
(121 83 73 1 0)
(122 57 58 1 1)
(122 60 60 1 1)
(122 65 63 1 1)
(122 81 72 1/2 0)
(245/2 77 70 1/2 0)
(123 59 59 1 1)
(123 65 63 1 1)
(123 74 68 1/2 0)
(247/2 74 68 1/2 0)
(124 59 59 1 1)
(124 65 63 1 1)
(124 74 68 1 0)
(125 60 60 1 1)
(125 64 62 1 1)
(125 72 67 1 0)
(126 62 61 1 1)
(126 65 63 1 1)
(126 69 65 1/2 0)
(253/2 81 72 1/2 0)
(127 53 56 1 1)
(127 57 58 1 1)
(127 62 61 1 1)
(127 79 71 1 0)
(128 53 56 1 1)
(128 57 58 1 1)
(128 62 61 1 1)
(128 77 70 1/2 0)
(257/2 74 68 1/2 0)
(129 52 55 1 1)
(129 62 61 1 1)
(129 71 66 1/2 0)
(259/2 71 66 1/2 0)
(130 52 55 1 1)
(130 62 61 1 1)
(130 71 66 1 0)
(131 57 58 1 1)
(131 60 60 1 1)
(131 69 65 1 0)
(132 55 57 1 1)
(132 62 61 1 1)
(132 67 64 1 0)
(132 71 66 1 0)
(133 55 57 1 1)
(133 62 61 1 1)
(133 67 64 1 0)
(133 71 66 1/2 0)
(267/2 72 67 1/2 0)
(134 50 54 1 1)
(134 57 58 1 1)
(134 62 61 1 1)
(134 65 63 1 0)
(134 74 68 1 0)
(135 55 57 1 1)
(135 62 61 1 1)
(135 67 64 1 0)
(135 71 66 1 0)
(136 55 57 1 1)
(136 62 61 1 1)
(136 67 64 1 0)
(136 71 66 1/2 0)
(273/2 72 67 1/2 0)
(137 50 54 1 1)
(137 57 58 1 1)
(137 62 61 1 1)
(137 65 63 1 0)
(137 74 68 1 0)
(138 50 54 1 1)
(138 57 58 1 1)
(138 62 61 1 1)
(138 65 63 1 0)
(138 77 70 1/2 0)
(277/2 76 69 1/2 0)
(139 50 54 1 1)
(139 57 58 1 1)
(139 62 61 1 1)
(139 65 63 1 0)
(139 74 68 1 0)
(140 55 57 1 1)
(140 59 59 1 1)
(140 65 63 1 0)
(140 67 64 1/2 0)
(281/2 76 69 1/2 0)
(141 48 53 1 1)
(141 55 57 1 1)
(141 60 60 1 1)
(141 64 62 1 0)
(141 72 67 1 0)
(142 48 53 1 1)
(142 55 57 1 1)
(142 60 60 1 1)
(142 64 62 1 0)
(142 72 67 1 0)
(143 48 53 1 1)
(143 55 57 1 1)
(143 60 60 1 1)
(143 64 62 1 0)
(143 72 67 1 0)
(144 55 57 1 1)
(144 62 61 1 1)
(144 67 64 1 0)
(144 71 66 1 0)
(145 55 57 1 1)
(145 62 61 1 1)
(145 67 64 1 0)
(145 71 66 1/2 0)
(291/2 72 67 1/2 0)
(146 50 54 1 1)
(146 57 58 1 1)
(146 62 61 1 1)
(146 65 63 1 0)
(146 74 68 1 0)
(147 55 57 1 1)
(147 62 61 1 1)
(147 67 64 1 0)
(147 71 66 1/2 0)
(295/2 72 67 1/2 0)
(148 55 57 1 1)
(148 62 61 1 1)
(148 67 64 1 0)
(148 71 66 1/2 0)
(297/2 72 67 1/2 0)
(149 50 54 1 1)
(149 57 58 1 1)
(149 62 61 1 1)
(149 65 63 1 0)
(149 74 68 1 0)
(150 50 54 1 1)
(150 57 58 1 1)
(150 62 61 1 1)
(150 65 63 1 0)
(150 77 70 1/2 0)
(301/2 76 69 1/2 0)
(151 50 54 1 1)
(151 57 58 1 1)
(151 62 61 1 1)
(151 65 63 1 0)
(151 74 68 1 0)
(152 55 57 1 1)
(152 59 59 1 1)
(152 65 63 1 0)
(152 67 64 1/2 0)
(305/2 76 69 1/2 0)
(153 48 53 1 1)
(153 55 57 1 1)
(153 60 60 1 1)
(153 64 62 1 0)
(153 72 67 1 0)
(154 48 53 1 1)
(154 55 57 1 1)
(154 60 60 1 1)
(154 64 62 1 0)
(154 72 67 1 0)
(155 48 53 1 1)
(155 55 57 1 1)
(155 60 60 1 1)
(155 64 62 1 0)
(155 72 67 1 0)
(156 60 60 1 1)
(156 72 67 1 0)
(157 60 60 1 1)
(157 72 67 1 0)
(158 60 60 1 1)
(158 72 67 2 0)
(159 48 53 1 1)
(159 55 57 1 1)
(159 60 60 1 1)
(159 64 62 1 0)
(160 48 53 1 1)
(160 55 57 1 1)
(160 60 60 1 1)
(160 64 62 1 0)
(160 72 67 1 0)
(161 48 53 1 1)
(161 55 57 1 1)
(161 60 60 1 1)
(161 64 62 1 0)
(161 72 67 2 0)
(162 60 60 1 1)
(163 60 60 1 1)
(163 72 67 1 0)
(164 48 53 1 1)
(164 55 57 1 1)
(164 60 60 1 1)
(164 64 62 1 0)
(164 72 67 1 0)
(165 48 53 1 1)
(165 55 57 1 1)
(165 60 60 1 1)
(165 64 62 1 0)
(165 72 67 1 0)
(166 60 60 1 1)
(166 72 67 1 0)
(167 60 60 1 1)
(167 72 67 1 0)
(168 32 44 1 1)
(168 60 60 1 0)
(168 66 64 1 0)
(169 44 51 1 1)
(169 51 55 1 1)
(169 56 58 1 1)
(169 60 60 1 0)
(169 66 64 1 0)
(170 44 51 1 1)
(170 51 55 1 1)
(170 56 58 1 1)
(170 60 60 1 0)
(170 66 64 1 0)
(171 37 47 1 1)
(171 65 63 1/2 0)
(343/2 68 65 1/2 0)
(172 53 56 1 1)
(172 56 58 1 1)
(172 61 61 1 1)
(172 73 68 1 0)
(173 53 56 1 1)
(173 56 58 1 1)
(173 61 61 1 1)
(173 77 70 1 0)
(174 42 50 1 1)
(174 75 69 1/2 0)
(349/2 73 68 1/2 0)
(175 54 57 1 1)
(175 58 59 1 1)
(175 61 61 1 1)
(175 70 66 1 0)
(176 54 57 1 1)
(176 58 59 1 1)
(176 61 61 1 1)
(176 66 64 1 0)
(177 37 47 1 1)
(177 65 63 1/2 0)
(355/2 68 65 1/2 0)
(178 53 56 1 1)
(178 56 58 1 1)
(178 61 61 1 1)
(178 73 68 1 0)
(179 53 56 1 1)
(179 56 58 1 1)
(179 61 61 1 1)
(179 80 72 1 0)
(180 44 51 1 1)
(180 51 55 1 1)
(180 56 58 1 1)
(180 60 60 1 0)
(180 66 64 1 0)
(181 44 51 1 1)
(181 51 55 1 1)
(181 56 58 1 1)
(181 60 60 1 0)
(181 66 64 1 0)
(182 44 51 1 1)
(182 51 55 1 1)
(182 56 58 1 1)
(182 60 60 1 0)
(182 66 64 1 0)
(183 37 47 1 1)
(183 65 63 1/2 0)
(367/2 68 65 1/2 0)
(184 53 56 1 1)
(184 56 58 1 1)
(184 61 61 1 1)
(184 73 68 1 0)
(185 53 56 1 1)
(185 56 58 1 1)
(185 61 61 1 1)
(185 77 70 1 0)
(186 39 48 1 1)
(186 75 69 1/2 0)
(373/2 73 68 1/2 0)
(187 51 55 1 1)
(187 55 57 1 1)
(187 61 61 1 1)
(187 70 66 1 0)
(188 51 55 1 1)
(188 55 57 1 1)
(188 61 61 1 1)
(188 63 62 1 0)
(189 44 51 1 1)
(189 68 65 1/2 0)
(379/2 72 67 1/2 0)
(190 51 55 1 1)
(190 56 58 1 1)
(190 60 60 1 1)
(190 75 69 1 0)
(191 51 55 1 1)
(191 60 60 1 1)
(191 80 72 1 0)
(192 44 51 1 1)
(192 51 55 1 1)
(192 56 58 1 1)
(192 60 60 1 0)
(192 66 64 1 0)
(193 44 51 1 1)
(193 51 55 1 1)
(193 56 58 1 1)
(193 60 60 1 0)
(193 66 64 1 0)
(194 44 51 1 1)
(194 51 55 1 1)
(194 56 58 1 1)
(194 60 60 1 0)
(194 66 64 1 0)
(195 37 47 1 1)
(195 65 63 1/2 0)
(391/2 68 65 1/2 0)
(196 53 56 1 1)
(196 56 58 1 1)
(196 61 61 1 1)
(196 73 68 1 0)
(197 53 56 1 1)
(197 56 58 1 1)
(197 61 61 1 1)
(197 77 70 1 0)
(198 42 50 1 1)
(198 75 69 1/2 0)
(397/2 73 68 1/2 0)
(199 54 57 1 1)
(199 58 59 1 1)
(199 61 61 1 1)
(199 70 66 1 0)
(200 54 57 1 1)
(200 58 59 1 1)
(200 61 61 1 1)
(200 66 64 1 0)
(201 37 47 1 1)
(201 65 63 1/2 0)
(403/2 68 65 1/2 0)
(202 53 56 1 1)
(202 56 58 1 1)
(202 61 61 1 1)
(202 73 68 1 0)
(203 53 56 1 1)
(203 56 58 1 1)
(203 61 61 1 1)
(203 80 72 1 0)
(204 44 51 1 1)
(204 51 55 1 1)
(204 56 58 1 1)
(204 60 60 1 0)
(204 66 64 1 0)
(205 44 51 1 1)
(205 51 55 1 1)
(205 56 58 1 1)
(205 60 60 1 0)
(205 66 64 1 0)
(206 44 51 1 1)
(206 51 55 1 1)
(206 56 58 1 1)
(206 60 60 1 0)
(206 66 64 1 0)
(207 49 54 1/2 1)
(207 65 63 1 0)
(415/2 56 58 1/2 1)
(208 61 61 1 1)
(208 65 63 1 0)
(208 73 68 1 0)
(209 65 63 1 1)
(209 68 65 1 0)
(209 73 68 1 0)
(210 63 62 1/2 1)
(210 67 64 1 0)
(210 73 68 1 0)
(421/2 61 61 1/2 1)
(211 58 59 1 1)
(211 67 64 1 0)
(211 73 68 1 0)
(212 51 55 1 1)
(212 67 64 1 0)
(212 73 68 1 0)
(213 44 51 1/2 1)
(213 68 65 1 0)
(213 72 67 1 0)
(427/2 56 58 1/2 1)
(214 63 62 1 1)
(214 68 65 1 0)
(214 72 67 1 0)
(215 68 65 1 1)
(215 72 67 1 0)
(216 65 63 2 1)
(216 68 65 1 0)
(216 75 69 1 0)
(217 68 65 1 0)
(217 75 69 1 0)
(218 59 60 1 1)
(218 68 65 1 0)
(218 75 69 1 0)
(219 65 63 2 1)
(219 68 65 1 0)
(219 75 69 1 0)
(220 68 65 1 0)
(220 75 69 1 0)
(221 59 60 1 1)
(221 68 65 1 0)
(221 75 69 1 0)
(222 65 63 1/2 1)
(222 68 65 1 0)
(222 74 68 1 0)
(445/2 59 60 1/2 1)
(223 58 59 1 1)
(223 70 66 1 0)
(223 74 68 1 0)
(224 56 58 1 1)
(224 71 67 1 0)
(224 74 68 1 0)
(225 54 57 1/2 1)
(225 70 66 1 0)
(225 75 69 1 0)
(451/2 51 55 1/2 1)
(226 58 59 1 1)
(226 66 64 1 0)
(226 75 69 1 0)
(227 66 64 1 1)
(227 70 66 1 0)
(227 75 69 1 0)
(228 65 63 2 1)
(228 68 65 1 0)
(228 75 69 1 0)
(229 68 65 1 0)
(229 75 69 1 0)
(230 59 60 1 1)
(230 68 65 1 0)
(230 75 69 1 0)
(231 65 63 2 1)
(231 68 65 1 0)
(231 75 69 1 0)
(232 68 65 1 0)
(232 75 69 1 0)
(233 59 60 1 1)
(233 68 65 1 0)
(233 75 69 1 0)
(234 65 63 1/2 1)
(234 68 65 1 0)
(234 74 68 1 0)
(469/2 59 60 1/2 1)
(235 58 59 1 1)
(235 70 66 1 0)
(235 74 68 1 0)
(236 56 58 1 1)
(236 71 67 1 0)
(236 74 68 1 0)
(237 54 57 1/2 1)
(237 70 66 1 0)
(237 75 69 1 0)
(475/2 53 56 1/2 1)
(238 51 55 1 1)
(238 66 64 1 0)
(238 75 69 1 0)
(239 54 57 1 1)
(239 70 66 1 0)
(239 75 69 1 0)
(240 53 56 2 1)
(240 68 65 1 0)
(240 75 69 1 0)
(241 68 65 1 0)
(241 75 69 1 0)
(242 47 53 1 1)
(242 68 65 1 0)
(242 75 69 1 0)
(243 53 56 2 1)
(243 68 65 1 0)
(243 75 69 1 0)
(244 68 65 1 0)
(244 75 69 1 0)
(245 47 53 1 1)
(245 68 65 1 0)
(245 75 69 1 0)
(246 53 56 1/2 1)
(246 68 65 1 0)
(246 74 68 1 0)
(493/2 47 53 1/2 1)
(247 46 52 1 1)
(247 70 66 1 0)
(247 74 68 1 0)
(248 44 51 1 1)
(248 71 67 1 0)
(248 74 68 1 0)
(249 42 50 1/2 1)
(249 70 66 1 0)
(249 75 69 1 0)
(499/2 39 48 1/2 1)
(250 46 52 1 1)
(250 66 64 1 0)
(250 75 69 1 0)
(251 54 57 1 1)
(251 70 66 1 0)
(251 75 69 1 0)
(252 53 56 2 1)
(252 68 65 1 0)
(252 75 69 1 0)
(253 68 65 1 0)
(253 75 69 1 0)
(254 47 53 1 1)
(254 68 65 1 0)
(254 75 69 1 0)
(255 53 56 2 1)
(255 68 65 1 0)
(255 75 69 1 0)
(256 68 65 1 0)
(256 75 69 1 0)
(257 47 53 1 1)
(257 68 65 1 0)
(257 75 69 1 0)
(258 65 63 2 1)
(258 68 65 1 0)
(258 74 68 1 0)
(259 68 65 1 0)
(259 74 68 1 0)
(260 59 59 1 1)
(260 68 65 1 0)
(260 74 68 1 0)
(261 64 62 2 1)
(261 68 64 1 0)
(261 74 68 1 0)
(262 68 64 1 0)
(262 74 68 1 0)
(263 59 59 1 1)
(263 68 64 1 0)
(263 74 68 1 0)
(264 57 58 1 1)
(264 60 60 1 1)
(264 64 62 1 1)
(264 72 67 1/2 0)
(529/2 84 74 1/2 0)
(265 57 58 1 1)
(265 60 60 1 1)
(265 65 63 1 1)
(265 83 73 1/3 0)
(796/3 84 74 1/3 0)
(797/3 83 73 1/3 0)
(266 57 58 1 1)
(266 60 60 1 1)
(266 65 63 1 1)
(266 81 72 1/2 0)
(533/2 77 70 1/2 0)
(267 59 59 1 1)
(267 65 63 1 1)
(267 74 68 1/2 0)
(535/2 74 68 1/2 0)
(268 59 59 1 1)
(268 65 63 1 1)
(268 74 68 1 0)
(269 60 60 1 1)
(269 64 62 1 1)
(269 72 67 1 0)
(270 62 61 1 1)
(270 65 63 1 1)
(270 69 65 1/2 0)
(541/2 81 72 1/2 0)
(271 53 56 1 1)
(271 57 58 1 1)
(271 62 61 1 1)
(271 79 71 1/3 0)
(814/3 81 72 1/3 0)
(815/3 79 71 1/3 0)
(272 53 56 1 1)
(272 57 58 1 1)
(272 62 61 1 1)
(272 77 70 1/2 0)
(545/2 74 68 1/2 0)
(273 52 55 1 1)
(273 62 61 1 1)
(273 71 66 1/2 0)
(547/2 71 66 1/2 0)
(274 52 55 1 1)
(274 62 61 1 1)
(274 71 66 1 0)
(275 57 58 1 1)
(275 60 60 1 1)
(275 69 65 1 0)
(276 57 58 1 1)
(276 60 60 1 1)
(276 64 62 1 1)
(276 72 67 1/2 0)
(553/2 84 74 1/2 0)
(277 57 58 1 1)
(277 60 60 1 1)
(277 65 63 1 1)
(277 83 73 1 0)
(278 57 58 1 1)
(278 60 60 1 1)
(278 65 63 1 1)
(278 81 72 1/2 0)
(557/2 77 70 1/2 0)
(279 59 59 1 1)
(279 65 63 1 1)
(279 74 68 1/2 0)
(559/2 74 68 1/2 0)
(280 59 59 1 1)
(280 65 63 1 1)
(280 74 68 1 0)
(281 60 60 1 1)
(281 64 62 1 1)
(281 72 67 1 0)
(282 62 61 1 1)
(282 65 63 1 1)
(282 69 65 1/2 0)
(565/2 81 72 1/2 0)
(283 53 56 1 1)
(283 57 58 1 1)
(283 62 61 1 1)
(283 79 71 1 0)
(284 53 56 1 1)
(284 57 58 1 1)
(284 62 61 1 1)
(284 77 70 1/2 0)
(569/2 74 68 1/2 0)
(285 52 55 1 1)
(285 62 61 1 1)
(285 71 66 1/2 0)
(571/2 71 66 1/2 0)
(286 52 55 1 1)
(286 62 61 1 1)
(286 71 66 1 0)
(287 57 58 1 1)
(287 60 60 1 1)
(287 69 65 1 0)
(288 55 57 1 1)
(288 62 61 1 1)
(288 67 64 1 0)
(288 71 66 1 0)
(289 55 57 1 1)
(289 62 61 1 1)
(289 67 64 1 0)
(289 71 66 1/2 0)
(579/2 72 67 1/2 0)
(290 50 54 1 1)
(290 57 58 1 1)
(290 62 61 1 1)
(290 65 63 1 0)
(290 74 68 1 0)
(291 55 57 1 1)
(291 62 61 1 1)
(291 67 64 1 0)
(291 71 66 1/2 0)
(583/2 72 67 1/2 0)
(292 55 57 1 1)
(292 62 61 1 1)
(292 67 64 1 0)
(292 71 66 1/2 0)
(585/2 72 67 1/2 0)
(293 50 54 1 1)
(293 57 58 1 1)
(293 62 61 1 1)
(293 65 63 1 0)
(293 74 68 1 0)
(294 50 54 1 1)
(294 57 58 1 1)
(294 62 61 1 1)
(294 65 63 1 0)
(294 77 70 1/2 0)
(589/2 76 69 1/2 0)
(295 50 54 1 1)
(295 57 58 1 1)
(295 62 61 1 1)
(295 65 63 1 0)
(295 74 68 1 0)
(296 55 57 1 1)
(296 59 59 1 1)
(296 65 63 1 0)
(296 67 64 1/2 0)
(593/2 76 69 1/2 0)
(297 48 53 1 1)
(297 55 57 1 1)
(297 60 60 1 1)
(297 64 62 1 0)
(297 72 67 1 0)
(298 48 53 1 1)
(298 55 57 1 1)
(298 60 60 1 1)
(298 64 62 1 0)
(298 72 67 1 0)
(299 48 53 1 1)
(299 55 57 1 1)
(299 60 60 1 1)
(299 64 62 1 0)
(299 72 67 1 0)
(300 55 57 1 1)
(300 62 61 1 1)
(300 67 64 1 0)
(300 71 66 1 0)
(301 55 57 1 1)
(301 62 61 1 1)
(301 67 64 1 0)
(301 71 66 1/2 0)
(603/2 72 67 1/2 0)
(302 50 54 1 1)
(302 57 58 1 1)
(302 62 61 1 1)
(302 65 63 1 0)
(302 74 68 1 0)
(303 55 57 1 1)
(303 62 61 1 1)
(303 67 64 1 0)
(303 71 66 1/2 0)
(607/2 72 67 1/2 0)
(304 55 57 1 1)
(304 62 61 1 1)
(304 67 64 1 0)
(304 71 66 1/2 0)
(609/2 72 67 1/2 0)
(305 50 54 1 1)
(305 57 58 1 1)
(305 62 61 1 1)
(305 65 63 1 0)
(305 74 68 1 0)
(306 50 54 1 1)
(306 57 58 1 1)
(306 62 61 1 1)
(306 65 63 1 0)
(306 77 70 1/2 0)
(613/2 76 69 1/2 0)
(307 50 54 1 1)
(307 57 58 1 1)
(307 62 61 1 1)
(307 65 63 1 0)
(307 74 68 1 0)
(308 55 57 1 1)
(308 59 59 1 1)
(308 65 63 1 0)
(308 67 64 1/2 0)
(617/2 76 69 1/2 0)
(309 48 53 1 1)
(309 55 57 1 1)
(309 60 60 1 1)
(309 64 62 1 0)
(309 72 67 1 0)
(310 48 53 1 1)
(310 55 57 1 1)
(310 60 60 1 1)
(310 64 62 1 0)
(310 72 67 1 0)
(311 48 53 1 1)
(311 55 57 1 1)
(311 60 60 1 1)
(311 64 62 1 0)
(311 72 67 1 0)
(312 53 56 1 1)
(312 60 60 1 1)
(312 65 63 1 0)
(312 69 65 1 0)
(313 48 53 1 1)
(313 55 57 1 1)
(313 64 62 1 0)
(313 72 67 1 0)
(314 53 56 1 1)
(314 60 60 1 1)
(314 65 63 1 0)
(314 69 65 1 0)
(315 48 53 1 1)
(315 55 57 1 1)
(315 64 62 1 0)
(315 72 67 1 0)
(316 53 56 1 1)
(316 60 60 1 1)
(316 65 63 1 0)
(316 69 65 1 0)
(317 48 53 1 1)
(317 55 57 1 1)
(317 64 62 1 0)
(317 72 67 1 0)
(318 53 56 1 1)
(318 60 60 1 1)
(318 65 63 1 0)
(318 69 65 1 0)
(319 48 53 1 1)
(319 55 57 1 1)
(319 64 62 1 0)
(319 72 67 1 0)
(320 53 56 1 1)
(320 60 60 1 1)
(320 65 63 1 0)
(320 69 65 1 0)
(321 48 53 1 1)
(321 55 57 1 1)
(321 64 62 1 0)
(321 72 67 1 0)
(324 48 53 1 1)
(324 55 57 1 1)
(324 60 60 1 0)
(324 64 62 1 0)
(325 43 50 1 1)
(325 50 54 1 1)
(325 59 59 1 0)
(325 67 64 1 0)
(326 48 53 1 1)
(326 55 57 1 1)
(326 60 60 1 0)
(326 64 62 1 0)
(327 43 50 1 1)
(327 50 54 1 1)
(327 59 59 1 0)
(327 67 64 1 0)
(328 48 53 1 1)
(328 55 57 1 1)
(328 60 60 1 0)
(328 64 62 1 0)
(329 43 50 1 1)
(329 50 54 1 1)
(329 59 59 1 0)
(329 67 64 1 0)
(330 48 53 1 1)
(330 55 57 1 1)
(330 60 60 1 0)
(330 64 62 1 0)
(331 43 50 1 1)
(331 50 54 1 1)
(331 59 59 1 0)
(331 67 64 1 0)
(332 48 53 1 1)
(332 55 57 1 1)
(332 60 60 1 0)
(332 64 62 1 0)
(333 43 50 1 1)
(333 50 54 1 1)
(333 59 59 1 0)
(333 67 64 1 0)
(336 53 56 1 1)
(336 60 60 1 1)
(336 65 63 1 0)
(336 69 65 1 0)
(337 48 53 1 1)
(337 55 57 1 1)
(337 64 62 1 0)
(337 72 67 1 0)
(339 53 56 1 1)
(339 60 60 1 1)
(339 65 63 1 0)
(339 69 65 1 0)
(340 48 53 1 1)
(340 55 57 1 1)
(340 64 62 1 0)
(340 72 67 1 0)
(342 53 56 1 1)
(342 60 60 1 1)
(342 65 63 1 0)
(342 69 65 1 0)
(343 48 53 1 1)
(343 55 57 1 1)
(343 64 62 1 0)
(343 72 67 1 0)
(344 53 56 1 1)
(344 60 60 1 1)
(344 65 63 1 0)
(344 69 65 1 0)
(345 48 53 1 1)
(345 55 57 1 1)
(345 64 62 1 0)
(345 72 67 1 0)
(346 53 56 1 1)
(346 60 60 1 1)
(346 65 63 1 0)
(346 69 65 1 0)
(348 48 53 1 1)
(348 55 57 1 1)
(348 60 60 1 0)
(348 64 62 1 0)
(349 43 50 1 1)
(349 50 54 1 1)
(349 59 59 1 0)
(349 67 64 1 0)
(351 48 53 1 1)
(351 55 57 1 1)
(351 60 60 1 0)
(351 64 62 1 0)
(352 43 50 1 1)
(352 50 54 1 1)
(352 59 59 1 0)
(352 67 64 1 0)
(354 48 53 1 1)
(354 55 57 1 1)
(354 60 60 1 0)
(354 64 62 1 0)
(355 43 50 1 1)
(355 50 54 1 1)
(355 59 59 1 0)
(355 67 64 1 0)
(356 48 53 1 1)
(356 55 57 1 1)
(356 60 60 1 0)
(356 64 62 1 0)
(357 43 50 1 1)
(357 50 54 1 1)
(357 59 59 1 0)
(357 67 64 1 0)
(358 48 53 2 1)
(358 55 57 2 1)
(358 60 60 2 0)
(358 64 62 2 0)
