(-1 68 65 1 0)
(0 39 48 1 1)
(0 67 64 3/4 0)
(3/4 65 63 1/4 0)
(1 51 55 1 1)
(1 55 57 1 1)
(1 61 61 1 1)
(1 63 62 3/2 0)
(2 51 55 1 1)
(2 55 57 1 1)
(2 61 61 1 1)
(5/2 73 68 1/2 0)
(3 44 51 1 1)
(3 72 67 1/2 0)
(7/2 68 65 1/2 0)
(4 51 55 1 1)
(4 56 58 1 1)
(4 60 60 1 1)
(4 77 70 3/2 0)
(5 51 55 1 1)
(5 56 58 1 1)
(5 60 60 1 1)
(11/2 75 69 1/2 0)
(6 51 55 2 1)
(6 58 59 3/4 1)
(6 61 61 2 1)
(6 67 64 3/4 0)
(27/4 56 58 1/4 1)
(27/4 65 63 1/4 0)
(7 55 57 1 1)
(7 63 62 1 0)
(8 51 55 1 1)
(8 73 68 1 0)
(9 44 51 1 1)
(9 72 67 1/2 0)
(19/2 70 66 1/2 0)
(10 51 55 1 1)
(10 56 58 2 1)
(10 60 60 2 1)
(10 68 65 3/2 0)
(11 52 55 1 1)
(23/2 67 64 1/2 0)
(12 37 47 1 1)
(12 65 63 1/2 0)
(51/4 68 65 1/4 0)
(13 53 56 1 1)
(13 56 58 1 1)
(13 61 61 1 1)
(13 68 65 1/3 0)
(40/3 70 66 1/3 0)
(41/3 68 65 1/3 0)
(14 67 64 1/2 0)
(29/2 65 63 1/2 0)
(15 39 48 1 1)
(15 63 62 1/2 0)
(63/4 72 67 1/4 0)
(16 51 55 1 1)
(16 60 60 1 1)
(16 68 65 1 1)
(16 80 72 3/2 0)
(35/2 68 65 1/2 0)
(18 51 55 2 1)
(18 58 59 3/4 1)
(18 61 61 2 1)
(18 67 64 3/4 0)
(75/4 56 58 1/4 1)
(75/4 65 63 1/4 0)
(19 55 57 1 1)
(19 63 62 1 0)
(20 51 55 1 1)
(20 73 68 1 0)
(21 44 51 1 1)
(21 72 67 1/2 0)
(43/2 70 66 1/2 0)
(22 51 55 1 1)
(22 56 58 2 1)
(22 60 60 2 1)
(22 68 65 3/2 0)
(23 52 55 1 1)
(47/2 67 64 1/2 0)
(24 37 47 1 1)
(24 65 63 1/2 0)
(99/4 68 65 1/4 0)
(25 53 56 1 1)
(25 56 58 1 1)
(25 61 61 1 1)
(25 68 65 1/3 0)
(76/3 70 66 1/3 0)
(77/3 68 65 1/3 0)
(26 67 64 1/2 0)
(53/2 65 63 1/2 0)
(27 39 48 1 1)
(27 63 62 1/2 0)
(111/4 72 67 1/4 0)
(28 51 55 1 1)
(28 60 60 1 1)
(28 68 65 1 1)
(28 84 74 1 0)
(29 82 73 1/3 0)
(88/3 80 72 1/3 0)
(89/3 77 70 1/3 0)
(30 39 48 1 1)
(30 79 71 1/2 0)
(61/2 77 70 1/2 0)
(31 51 55 1 1)
(31 55 57 1 1)
(31 61 61 1 1)
(31 75 69 1/2 0)
(63/2 73 68 1/2 0)
(32 51 55 1 1)
(32 55 57 1 1)
(32 61 61 1 1)
(32 70 66 1/2 0)
(65/2 65 63 1/2 0)
(33 44 51 2 1)
(33 63 62 1/2 0)
(135/4 72 67 1/4 0)
(34 51 55 1 1)
(34 60 60 1 1)
(34 68 65 1 0)
(35 70 66 1/2 0)
(71/2 68 65 1/2 0)
(36 39 48 1 1)
(36 67 64 3/4 0)
(147/4 65 63 1/4 0)
(37 51 55 1 1)
(37 55 57 1 1)
(37 61 61 1 1)
(37 63 62 3/2 0)
(38 51 55 1 1)
(38 55 57 1 1)
(38 61 61 1 1)
(77/2 73 68 1/2 0)
(39 44 51 1 1)
(39 72 67 1/2 0)
(79/2 68 65 1/2 0)
(40 51 55 1 1)
(40 56 58 1 1)
(40 60 60 1 1)
(40 77 70 3/2 0)
(41 51 55 1 1)
(41 56 58 1 1)
(41 60 60 1 1)
(83/2 75 69 1/2 0)
(42 51 55 2 1)
(42 58 59 3/4 1)
(42 61 61 2 1)
(42 67 64 3/4 0)
(171/4 56 58 1/4 1)
(171/4 65 63 1/4 0)
(43 55 57 1 1)
(43 63 62 1 0)
(44 51 55 1 1)
(44 73 68 1 0)
(45 44 51 1 1)
(45 72 67 1/2 0)
(91/2 70 66 1/2 0)
(46 51 55 1 1)
(46 56 58 2 1)
(46 60 60 2 1)
(46 68 65 3/2 0)
(47 52 55 1 1)
(95/2 67 64 1/2 0)
(48 37 47 1 1)
(48 65 63 1/2 0)
(195/4 68 65 1/4 0)
(49 53 56 1 1)
(49 56 58 1 1)
(49 61 61 1 1)
(49 68 65 1/3 0)
(148/3 70 66 1/3 0)
(149/3 68 65 1/3 0)
(50 67 64 1/2 0)
(101/2 65 63 1/2 0)
(51 39 48 1 1)
(51 63 62 1/2 0)
(207/4 72 67 1/4 0)
(52 51 55 1 1)
(52 60 60 1 1)
(52 68 65 1 1)
(52 80 72 3/2 0)
(107/2 68 65 1/2 0)
(54 51 55 2 1)
(54 58 59 3/4 1)
(54 61 61 2 1)
(54 67 64 3/4 0)
(219/4 56 58 1/4 1)
(219/4 65 63 1/4 0)
(55 55 57 1 1)
(55 63 62 1 0)
(56 51 55 1 1)
(56 73 68 1 0)
(57 44 51 1 1)
(57 72 67 1/2 0)
(115/2 70 66 1/2 0)
(58 51 55 1 1)
(58 56 58 2 1)
(58 60 60 2 1)
(58 68 65 3/2 0)
(59 52 55 1 1)
(119/2 67 64 1/2 0)
(60 37 47 1 1)
(60 65 63 1/2 0)
(243/4 68 65 1/4 0)
(61 53 56 1 1)
(61 56 58 1 1)
(61 61 61 1 1)
(61 68 65 1/3 0)
(184/3 70 66 1/3 0)
(185/3 68 65 1/3 0)
(62 67 64 1/2 0)
(125/2 65 63 1/2 0)
(63 39 48 1 1)
(63 63 62 1/2 0)
(255/4 72 67 1/4 0)
(64 51 55 1 1)
(64 60 60 1 1)
(64 68 65 1 1)
(64 84 74 1 0)
(65 82 73 1/3 0)
(196/3 80 72 1/3 0)
(197/3 77 70 1/3 0)
(66 39 48 1 1)
(66 79 71 1/2 0)
(133/2 77 70 1/2 0)
(67 51 55 1 1)
(67 55 57 1 1)
(67 61 61 1 1)
(67 75 69 1/2 0)
(135/2 73 68 1/2 0)
(68 51 55 1 1)
(68 55 57 1 1)
(68 61 61 1 1)
(68 70 66 1/2 0)
(137/2 65 63 1/2 0)
(69 44 51 2 1)
(69 63 62 1/2 0)
(279/4 72 67 1/4 0)
(70 51 55 1 1)
(70 60 60 1 1)
(70 68 65 1 0)
(71 68 65 2 0)
(71 72 67 1 0)
(72 59 59 1 1)
(72 65 63 1 0)
(72 73 68 1 0)
(73 60 60 1/2 0)
(73 63 62 1/2 0)
(73 67 64 1/2 0)
(73 75 69 1/2 0)
(147/2 73 68 1/2 0)
(74 57 58 1 1)
(74 63 62 1 0)
(74 66 64 1 0)
(74 72 67 1 0)
(75 58 59 1/2 1)
(75 61 61 1/2 0)
(75 65 63 1/2 0)
(75 73 68 1/2 0)
(151/2 72 67 1/2 0)
(76 55 57 1 1)
(76 61 61 1 0)
(76 64 63 1 0)
(76 70 66 1 0)
(77 56 58 1 1)
(77 60 60 1 0)
(77 63 62 1 0)
(77 72 67 1 0)
(78 59 59 1 1)
(78 65 63 1 0)
(78 68 65 1 0)
(78 74 68 1 0)
(79 60 60 1/2 0)
(79 63 62 1/2 0)
(79 67 64 1/2 0)
(79 75 69 1/2 0)
(159/2 73 68 1/2 0)
(80 57 58 1 1)
(80 63 62 1 0)
(80 66 64 1 0)
(80 72 67 1 0)
(81 58 59 1/2 1)
(81 61 61 1 0)
(81 65 63 1 0)
(81 73 68 1/2 0)
(163/2 72 67 1/2 0)
(82 55 57 1 1)
(82 61 61 1 0)
(82 64 63 1 0)
(82 70 66 1 0)
(83 56 58 1 1)
(83 60 60 1 0)
(83 63 62 1 0)
(83 72 67 1 0)
(84 55 57 1 1)
(84 61 61 1 0)
(84 64 63 1 0)
(84 70 66 1 0)
(85 56 58 1/2 1)
(85 60 60 1 0)
(85 63 62 1 0)
(85 72 67 1/2 0)
(171/2 70 66 1/2 0)
(86 53 56 1 1)
(86 59 60 1 0)
(86 62 61 1 0)
(86 68 65 1 0)
(87 55 57 1/2 1)
(87 58 59 1/2 1)
(87 61 61 1/2 1)
(87 70 66 1/2 0)
(175/2 68 65 1/2 0)
(88 52 55 1 1)
(88 58 59 1 1)
(88 60 60 1 1)
(88 67 64 1 0)
(89 53 56 1 1)
(89 56 58 1 1)
(89 60 60 1 1)
(89 68 65 1 0)
(90 52 55 1 1)
(90 58 59 1 1)
(90 60 60 1 1)
(90 67 64 1 0)
(91 53 56 1/2 1)
(91 56 58 1/2 1)
(91 60 60 1/2 1)
(91 68 65 1/2 0)
(183/2 67 64 1/2 0)
(92 49 54 1 1)
(92 55 57 1 1)
(92 59 59 1 1)
(92 65 63 1 0)
(93 48 53 12 1)
(93 55 57 12 1)
(93 64 62 12 1)
(187/2 67 64 1/2 0)
(94 60 60 11 0)
(95 72 67 1 0)
(96 72 67 2 0)
(98 72 67 1 0)
(99 72 67 2 0)
(101 72 67 1 0)
(102 72 67 5 0)
(107 70 66 1/2 0)
(215/2 68 65 1/2 0)
(108 51 55 2 1)
(108 58 59 3/4 1)
(108 61 61 2 1)
(108 67 64 3/4 0)
(435/4 56 58 1/4 1)
(435/4 65 63 1/4 0)
(109 55 57 1 1)
(109 63 62 3/2 0)
(110 51 55 1 1)
(221/2 73 68 1/2 0)
(111 44 51 1 1)
(111 72 67 1/2 0)
(223/2 68 65 1/2 0)
(112 51 55 1 1)
(112 56 58 1 1)
(112 60 60 1 1)
(112 77 70 3/2 0)
(113 51 55 1 1)
(113 56 58 1 1)
(113 60 60 1 1)
(227/2 75 69 1/2 0)
(114 51 55 2 1)
(114 58 59 3/4 1)
(114 61 61 2 1)
(114 67 64 3/4 0)
(459/4 56 58 1/4 1)
(459/4 65 63 1/4 0)
(115 55 57 1 1)
(115 63 62 1 0)
(116 51 55 1 1)
(116 73 68 1 0)
(117 44 51 1 1)
(117 72 67 1/2 0)
(235/2 70 66 1/2 0)
(118 51 55 1 1)
(118 56 58 2 1)
(118 60 60 2 1)
(118 68 65 3/2 0)
(119 52 55 1 1)
(239/2 67 64 1/2 0)
(120 37 47 1 1)
(120 65 63 1/2 0)
(483/4 68 65 1/4 0)
(121 53 56 1 1)
(121 56 58 1 1)
(121 61 61 1 1)
(121 68 65 1/3 0)
(364/3 70 66 1/3 0)
(365/3 68 65 1/3 0)
(122 67 64 1/2 0)
(245/2 65 63 1/2 0)
(123 39 48 1 1)
(123 63 62 1/2 0)
(495/4 72 67 1/4 0)
(124 51 55 1 1)
(124 60 60 1 1)
(124 68 65 1 1)
(124 80 72 3/2 0)
(251/2 68 65 1/2 0)
(126 51 55 2 1)
(126 58 59 3/4 1)
(126 61 61 2 1)
(126 67 64 3/4 0)
(507/4 56 58 1/4 1)
(507/4 65 63 1/4 0)
(127 55 57 1 1)
(127 63 62 1 0)
(128 51 55 1 1)
(128 73 68 1 0)
(129 44 51 1 1)
(129 72 67 1/2 0)
(259/2 70 66 1/2 0)
(130 51 55 1 1)
(130 56 58 2 1)
(130 60 60 2 1)
(130 68 65 3/2 0)
(131 52 55 1 1)
(263/2 67 64 1/2 0)
(132 37 47 1 1)
(132 65 63 1/2 0)
(531/4 68 65 1/4 0)
(133 53 56 1 1)
(133 56 58 1 1)
(133 61 61 1 1)
(133 68 65 1/3 0)
(400/3 70 66 1/3 0)
(401/3 68 65 1/3 0)
(134 67 64 1/2 0)
(269/2 65 63 1/2 0)
(135 39 48 1 1)
(135 63 62 1/2 0)
(543/4 72 67 1/4 0)
(136 51 55 1 1)
(136 60 60 1 1)
(136 68 65 1 1)
(136 84 74 1 0)
(137 82 73 1/3 0)
(412/3 80 72 1/3 0)
(413/3 77 70 1/3 0)
(138 39 48 1 1)
(138 79 71 1/2 0)
(277/2 77 70 1/2 0)
(139 51 55 1 1)
(139 55 57 1 1)
(139 61 61 1 1)
(139 75 69 1/2 0)
(279/2 73 68 1/2 0)
(140 51 55 1 1)
(140 55 57 1 1)
(140 61 61 1 1)
(140 70 66 1/2 0)
(281/2 65 63 1/2 0)
(141 44 51 2 0)
(141 63 62 1/2 0)
(567/4 72 67 1/4 0)
(142 51 55 1 1)
(142 60 60 1 1)
(142 68 65 1 0)
(143 68 65 2 0)
(143 72 67 1 0)
(144 59 59 1 0)
(144 65 63 1 0)
(144 73 68 1 0)
(145 60 60 1/2 0)
(145 63 62 1/2 0)
(145 67 64 1/2 0)
(145 75 69 1/2 0)
(291/2 73 68 1/2 0)
(146 57 58 1 0)
(146 63 62 1 0)
(146 66 64 1 0)
(146 72 67 1 0)
(147 58 59 1/2 0)
(147 61 61 1/2 0)
(147 65 63 1/2 0)
(147 73 68 1/2 0)
(295/2 72 67 1/2 0)
(148 55 57 1 0)
(148 61 61 1 0)
(148 64 63 1 0)
(148 70 66 1 0)
(149 56 58 1 0)
(149 60 60 1 0)
(149 63 62 1 0)
(149 72 67 1 0)
(150 59 59 1 0)
(150 65 63 1 0)
(150 68 65 1 0)
(150 74 68 1 0)
(151 60 60 1/2 0)
(151 63 62 1/2 0)
(151 67 64 1/2 0)
(151 75 69 1/2 0)
(303/2 73 68 1/2 0)
(152 57 58 1 0)
(152 63 62 1 0)
(152 66 64 1 0)
(152 72 67 1 0)
(153 58 59 1/2 0)
(153 61 61 1 0)
(153 65 63 1 0)
(153 73 68 1/2 0)
(307/2 72 67 1/2 0)
(154 55 57 1 0)
(154 61 61 1 0)
(154 64 63 1 0)
(154 70 66 1 0)
(155 56 58 1 0)
(155 60 60 1 0)
(155 63 62 1 0)
(155 72 67 1 0)
(156 55 57 1 0)
(156 61 61 1 0)
(156 64 63 1 0)
(156 70 66 1 0)
(157 56 58 1/2 0)
(157 60 60 1 0)
(157 63 62 1 0)
(157 72 67 1/2 0)
(315/2 70 66 1/2 0)
(158 53 56 1 0)
(158 59 60 1 0)
(158 62 61 1 0)
(158 68 65 1 0)
(159 55 57 1/2 0)
(159 58 59 1/2 0)
(159 61 61 1/2 0)
(159 70 66 1/2 0)
(319/2 68 65 1/2 0)
(160 52 55 1 0)
(160 58 59 1 0)
(160 60 60 1 0)
(160 67 64 1 0)
(161 53 56 1 0)
(161 56 58 1 0)
(161 60 60 1 0)
(161 68 65 1 0)
(162 52 55 1 0)
(162 58 59 1 0)
(162 60 60 1 0)
(162 67 64 1 0)
(163 53 56 1/2 0)
(163 56 58 1/2 0)
(163 60 60 1/2 0)
(163 68 65 1/2 0)
(327/2 67 64 1/2 0)
(164 49 54 1 0)
(164 55 57 1 0)
(164 59 59 1 0)
(164 65 63 1 0)
(165 48 53 12 0)
(165 55 57 12 0)
(165 64 62 12 0)
(331/2 67 64 1/2 0)
(166 60 60 11 0)
(167 72 67 1 0)
(168 72 67 2 0)
(170 72 67 1 0)
(171 72 67 2 0)
(173 72 67 1 0)
(174 72 67 5 0)
(179 70 66 1/2 0)
(359/2 68 65 1/2 0)
(180 51 55 2 0)
(180 58 59 3/4 0)
(180 61 61 2 0)
(180 67 64 3/4 0)
(723/4 56 58 1/4 0)
(723/4 65 63 1/4 0)
(181 55 57 1 0)
(181 63 62 3/2 0)
(182 51 55 1 0)
(365/2 73 68 1/2 0)
(183 44 51 1 0)
(183 72 67 1/2 0)
(367/2 68 65 1/2 0)
(184 51 55 1 0)
(184 56 58 1 0)
(184 60 60 1 0)
(184 77 70 3/2 0)
(185 51 55 1 0)
(185 56 58 1 0)
(185 60 60 1 0)
(371/2 75 69 1/2 0)
(186 51 55 2 0)
(186 58 59 3/4 0)
(186 61 61 2 0)
(186 67 64 3/4 0)
(747/4 56 58 1/4 0)
(747/4 65 63 1/4 0)
(187 55 57 1 0)
(187 63 62 1 0)
(188 51 55 1 0)
(188 73 68 1 0)
(189 44 51 1 0)
(189 72 67 1/2 0)
(379/2 70 66 1/2 0)
(190 51 55 1 0)
(190 56 58 2 0)
(190 60 60 2 0)
(190 68 65 3/2 0)
(191 52 55 1 0)
(383/2 67 64 1/2 0)
(192 37 47 1 0)
(192 65 63 1/2 0)
(771/4 68 65 1/4 0)
(193 53 56 1 0)
(193 56 58 1 0)
(193 61 61 1 0)
(193 68 65 1/3 0)
(580/3 70 66 1/3 0)
(581/3 68 65 1/3 0)
(194 67 64 1/2 0)
(389/2 65 63 1/2 0)
(195 39 48 1 0)
(195 63 62 1/2 0)
(783/4 72 67 1/4 0)
(196 51 55 1 0)
(196 60 60 1 0)
(196 68 65 1 0)
(196 80 72 3/2 0)
(395/2 68 65 1/2 0)
(198 51 55 2 0)
(198 58 59 3/4 0)
(198 61 61 2 0)
(198 67 64 3/4 0)
(795/4 56 58 1/4 0)
(795/4 65 63 1/4 0)
(199 55 57 1 0)
(199 63 62 1 0)
(200 51 55 1 0)
(200 73 68 1 0)
(201 44 51 1 0)
(201 72 67 1/2 0)
(403/2 70 66 1/2 0)
(202 51 55 1 0)
(202 56 58 2 0)
(202 60 60 2 0)
(202 68 65 3/2 0)
(203 52 55 1 0)
(407/2 67 64 1/2 0)
(204 37 47 1 0)
(204 65 63 1/2 0)
(819/4 68 65 1/4 0)
(205 53 56 1 0)
(205 56 58 1 0)
(205 61 61 1 0)
(205 68 65 1/3 0)
(616/3 70 66 1/3 0)
(617/3 68 65 1/3 0)
(206 67 64 1/2 0)
(413/2 65 63 1/2 0)
(207 39 48 1 0)
(207 63 62 1/2 0)
(831/4 72 67 1/4 0)
(208 51 55 1 0)
(208 60 60 1 0)
(208 68 65 1 0)
(208 84 74 1 0)
(209 82 73 1/3 0)
(628/3 80 72 1/3 0)
(629/3 77 70 1/3 0)
(210 39 48 1 0)
(210 79 71 1/2 0)
(421/2 77 70 1/2 0)
(211 51 55 1 0)
(211 55 57 1 0)
(211 61 61 1 0)
(211 75 69 1/2 0)
(423/2 73 68 1/2 0)
(212 51 55 1 0)
(212 55 57 1 0)
(212 61 61 1 0)
(212 70 66 1/2 0)
(425/2 65 63 1/2 0)
(213 44 51 1 0)
(213 63 62 1/2 0)
(427/2 72 67 1/2 0)
(214 51 55 1 0)
(214 60 60 1 0)
(214 84 74 1/2 0)
(429/2 82 73 1/2 0)
(215 51 55 1 0)
(215 60 60 1 0)
(215 80 72 1/2 0)
(431/2 77 70 1/2 0)
(216 44 51 1 0)
(216 79 71 1/2 0)
(433/2 77 70 1/2 0)
(217 51 55 1 0)
(217 61 61 1 0)
(217 75 69 1/2 0)
(435/2 73 68 1/2 0)
(218 51 55 1 0)
(218 61 61 1 0)
(218 70 66 1/2 0)
(437/2 65 63 1/2 0)
(219 44 51 1 0)
(219 63 62 1/2 0)
(439/2 72 67 1/2 0)
(220 51 55 1 0)
(220 60 60 1 0)
(220 84 74 1/2 0)
(441/2 82 73 1/2 0)
(221 51 55 1 0)
(221 60 60 1 0)
(221 80 72 1/2 0)
(443/2 77 70 1/2 0)
(222 44 51 1 0)
(222 75 69 1/2 0)
(445/2 72 67 1/2 0)
(223 51 55 1 0)
(223 63 62 1 0)
(223 84 74 1/2 0)
(447/2 82 73 1/2 0)
(224 51 55 1 0)
(224 63 62 1 0)
(224 80 72 1/2 0)
(449/2 77 70 1/2 0)
(225 44 51 1 0)
(225 75 69 1/2 0)
(451/2 72 67 1/2 0)
(226 51 55 1 0)
(226 63 62 1 0)
(226 84 74 1/2 0)
(453/2 82 73 1/2 0)
(227 51 55 1 0)
(227 63 62 1 0)
(227 80 72 1/2 0)
(455/2 77 70 1/2 0)
(228 44 51 1 0)
(228 75 69 1/2 0)
(457/2 72 67 1/2 0)
(229 51 55 1 0)
(229 63 62 1 0)
(229 84 74 1/2 0)
(459/2 82 73 1/2 0)
(230 80 72 1/2 0)
(461/2 77 70 1/2 0)
(231 75 69 1/2 0)
(463/2 72 67 1/2 0)
(232 79 71 1/2 0)
(465/2 77 70 1/2 0)
(233 75 69 1/2 0)
(467/2 68 65 1/2 0)
(234 72 67 3 0)
