(-1 69 65 3/2 0)
(0 38 47 1 1)
(3/4 66 63 1/4 0)
(1 50 54 1 1)
(1 57 58 1 1)
(1 60 60 1 1)
(1 62 61 1 0)
(2 50 54 1 1)
(2 57 58 1 1)
(2 60 60 1 1)
(2 62 61 1 1)
(2 66 63 1 0)
(3 43 50 1 1)
(3 67 64 2 0)
(4 55 57 1 1)
(4 58 59 1 1)
(4 62 61 1 1)
(5 55 57 1 1)
(5 58 59 1 1)
(5 62 61 1 1)
(5 69 65 1/2 0)
(11/2 70 66 1/2 0)
(6 72 67 1/2 0)
(27/4 74 68 1/4 0)
(7 55 57 1 1)
(7 60 60 1 1)
(7 63 62 1 1)
(7 67 64 1 1)
(7 75 69 1 0)
(8 55 57 1 1)
(8 60 60 1 1)
(8 63 62 1 1)
(8 69 65 1 1)
(8 78 70 1 0)
(9 70 66 3 0)
(9 79 71 1/2 0)
(19/2 74 68 3/2 0)
(10 55 57 1 1)
(10 62 61 1 1)
(11 55 57 1 1)
(11 62 61 1 1)
(12 38 47 1 1)
(12 69 65 1/2 0)
(51/4 66 63 1/4 0)
(13 50 54 1 1)
(13 57 58 1 1)
(13 60 60 1 1)
(13 62 61 1 0)
(14 50 54 1 1)
(14 57 58 1 1)
(14 60 60 1 1)
(14 62 61 1 1)
(14 66 63 1 0)
(15 43 50 1 1)
(15 67 64 2 0)
(16 55 57 1 1)
(16 58 59 1 1)
(16 62 61 1 1)
(17 55 57 1 1)
(17 58 59 1 1)
(17 62 61 1 1)
(17 74 68 3/4 0)
(71/4 73 67 1/4 0)
(18 70 66 1/2 0)
(75/4 69 65 1/4 0)
(19 50 54 1 1)
(19 55 57 1 1)
(19 58 59 1 1)
(19 64 62 1 1)
(19 67 64 1 0)
(20 50 54 1 1)
(20 57 58 1 1)
(20 61 60 1 1)
(20 66 63 1 0)
(21 62 61 2 0)
(22 50 54 1 1)
(22 57 58 1 1)
(23 50 54 1 1)
(23 57 58 1 1)
(23 69 65 3/2 0)
(24 38 47 1 1)
(49/2 66 63 1/2 0)
(25 50 54 1 1)
(25 57 58 1 1)
(25 60 60 1 1)
(25 62 61 1 0)
(26 50 54 1 1)
(26 57 58 1 1)
(26 60 60 1 1)
(26 62 61 1 1)
(26 66 63 1 0)
(26 70 66 3/4 0)
(107/4 69 65 1/4 0)
(27 43 50 1 1)
(27 67 64 2 0)
(28 55 57 1 1)
(28 58 59 1 1)
(28 62 61 1 1)
(29 55 57 1 1)
(29 58 59 1 1)
(29 62 61 1 1)
(29 69 65 1/2 0)
(59/2 70 66 1/2 0)
(30 72 67 1/2 0)
(123/4 74 68 1/4 0)
(31 55 57 1 1)
(31 60 60 1 1)
(31 63 62 1 1)
(31 67 64 1 1)
(31 75 69 1 0)
(32 55 57 1 1)
(32 60 60 1 1)
(32 63 62 1 1)
(32 69 65 1 1)
(32 78 70 1 0)
(33 70 66 3 0)
(33 79 71 1/2 0)
(67/2 74 68 3/2 0)
(34 55 57 1 1)
(34 62 61 1 1)
(35 55 57 1 1)
(35 62 61 1 1)
(36 38 47 1 1)
(36 69 65 1/2 0)
(147/4 66 63 1/4 0)
(37 50 54 1 1)
(37 57 58 1 1)
(37 60 60 1 1)
(37 62 61 1 0)
(38 50 54 1 1)
(38 57 58 1 1)
(38 60 60 1 1)
(38 62 61 1 1)
(38 66 63 1 0)
(39 43 50 1 1)
(39 67 64 2 0)
(40 55 57 1 1)
(40 58 59 1 1)
(40 62 61 1 1)
(41 55 57 1 1)
(41 58 59 1 1)
(41 62 61 1 1)
(41 74 68 3/4 0)
(167/4 73 67 1/4 0)
(42 70 66 1/2 0)
(85/2 69 65 1/2 0)
(43 50 54 1 1)
(43 55 57 1 1)
(43 58 59 1 1)
(43 64 62 1 1)
(43 67 64 1 0)
(44 50 54 1 1)
(44 57 58 1 1)
(44 61 60 1 1)
(44 66 63 1 0)
(45 62 61 3 0)
(46 50 54 1 1)
(46 57 58 1 1)
(47 50 54 1 1)
(47 57 58 1 1)
(48 41 49 1 1)
(48 65 63 1 0)
(49 53 56 1 1)
(49 58 59 1 1)
(49 63 62 1 1)
(49 67 64 1/3 0)
(148/3 69 65 1/3 0)
(149/3 67 64 1/3 0)
(50 53 56 1 1)
(50 57 58 1 1)
(50 63 62 1 1)
(50 65 63 1 0)
(51 53 56 1 1)
(51 58 59 1 1)
(51 63 62 1 1)
(51 67 64 1/3 0)
(154/3 69 65 1/3 0)
(155/3 67 64 1/3 0)
(52 53 56 1 1)
(52 57 58 1 1)
(52 63 62 1 1)
(52 65 63 1 0)
(53 79 71 1 0)
(54 41 49 1 1)
(54 77 70 1/3 0)
(163/3 79 71 1/3 0)
(164/3 77 70 1/3 0)
(55 60 60 1 1)
(55 63 62 1 1)
(55 69 65 1 1)
(55 76 69 3/2 0)
(56 60 60 1 1)
(56 63 62 1 1)
(56 69 65 1 1)
(113/2 75 69 1/2 0)
(57 46 52 1 1)
(57 75 69 1/3 0)
(172/3 77 70 1/3 0)
(173/3 75 69 1/3 0)
(58 53 56 1 1)
(58 58 59 1 1)
(58 62 61 1 1)
(58 70 66 1 1)
(58 74 68 2 0)
(60 41 49 1 1)
(60 65 63 1 0)
(61 53 56 1 1)
(61 58 59 1 1)
(61 63 62 1 1)
(61 67 64 1/3 0)
(184/3 69 65 1/3 0)
(185/3 67 64 1/3 0)
(62 53 56 1 1)
(62 57 58 1 1)
(62 63 62 1 1)
(62 65 63 1 0)
(63 53 56 1 1)
(63 58 59 1 1)
(63 63 62 1 1)
(63 67 64 1/3 0)
(190/3 69 65 1/3 0)
(191/3 67 64 1/3 0)
(64 53 56 1 1)
(64 57 58 1 1)
(64 63 62 1 1)
(64 65 63 1 0)
(65 53 56 1 1)
(65 57 58 1 1)
(65 67 64 1 1)
(65 75 69 1 0)
(66 53 56 1 1)
(66 57 58 1 1)
(66 65 63 1 1)
(66 74 68 1/3 0)
(199/3 75 69 1/3 0)
(200/3 74 68 1/3 0)
(67 53 56 1 1)
(67 57 58 1 1)
(67 64 62 1 1)
(67 73 67 3/2 0)
(68 53 56 1 1)
(68 57 58 1 1)
(68 63 62 1 1)
(137/2 72 67 1/2 0)
(69 46 52 1 1)
(69 72 67 1/3 0)
(208/3 74 68 1/3 0)
(209/3 72 67 1/3 0)
(70 53 56 1 1)
(70 58 59 1 1)
(70 62 61 1 1)
(70 70 66 1 0)
(71 53 56 1 1)
(71 58 59 1 1)
(71 62 61 1 1)
(71 69 65 1/2 0)
(143/2 67 64 1/2 0)
(72 41 49 1 1)
(72 65 63 1 0)
(73 53 56 1 1)
(73 58 59 1 1)
(73 63 62 1 1)
(73 67 64 1/3 0)
(220/3 69 65 1/3 0)
(221/3 67 64 1/3 0)
(74 53 56 1 1)
(74 57 58 1 1)
(74 63 62 1 1)
(74 65 63 1 0)
(75 53 56 1 1)
(75 58 59 1 1)
(75 63 62 1 1)
(75 67 64 1/3 0)
(226/3 69 65 1/3 0)
(227/3 67 64 1/3 0)
(76 53 56 1 1)
(76 57 58 1 1)
(76 63 62 1 1)
(76 65 63 1 0)
(77 53 56 1 1)
(77 57 58 1 1)
(77 63 62 1 1)
(77 79 71 1 0)
(78 41 49 1 1)
(78 77 70 1/3 0)
(235/3 79 71 1/3 0)
(236/3 77 70 1/3 0)
(79 60 60 1 1)
(79 63 62 1 1)
(79 69 65 1 1)
(79 76 69 3/2 0)
(80 60 60 1 1)
(80 63 62 1 1)
(80 69 65 1 1)
(161/2 75 69 1/2 0)
(81 46 52 1 1)
(81 75 69 1/3 0)
(244/3 77 70 1/3 0)
(245/3 75 69 1/3 0)
(82 53 56 1 1)
(82 58 59 1 1)
(82 62 61 1 1)
(82 70 66 1 1)
(82 74 68 2 0)
(84 41 49 1 1)
(84 65 63 1 0)
(85 53 56 1 1)
(85 58 59 1 1)
(85 63 62 1 1)
(85 67 64 1/3 0)
(256/3 69 65 1/3 0)
(257/3 67 64 1/3 0)
(86 53 56 1 1)
(86 57 58 1 1)
(86 63 62 1 1)
(86 65 63 1 0)
(87 53 56 1 1)
(87 58 59 1 1)
(87 63 62 1 1)
(87 67 64 1/3 0)
(262/3 69 65 1/3 0)
(263/3 67 64 1/3 0)
(88 53 56 1 1)
(88 57 58 1 1)
(88 63 62 1 1)
(88 65 63 1 0)
(89 53 56 1 1)
(89 57 58 1 1)
(89 67 64 1 1)
(89 75 69 1 0)
(90 53 56 1 1)
(90 57 58 1 1)
(90 65 63 1 1)
(90 74 68 1/3 0)
(271/3 75 69 1/3 0)
(272/3 74 68 1/3 0)
(91 53 56 1 1)
(91 57 58 1 1)
(91 64 62 1 1)
(91 73 67 3/2 0)
(92 53 56 1 1)
(92 57 58 1 1)
(92 63 62 1 1)
(185/2 72 67 1/2 0)
(93 46 52 1 1)
(93 72 67 1/3 0)
(280/3 74 68 1/3 0)
(281/3 72 67 1/3 0)
(94 54 56 1 1)
(94 62 61 1 1)
(94 71 66 3/2 0)
(95 55 57 1 1)
(95 62 61 1 1)
(191/2 70 66 1/2 0)
(96 38 47 1 1)
(96 69 65 1/2 0)
(387/4 66 63 1/4 0)
(97 50 54 1 1)
(97 57 58 1 1)
(97 60 60 1 1)
(97 62 61 1 0)
(98 50 54 1 1)
(98 57 58 1 1)
(98 60 60 1 1)
(98 62 61 1 1)
(98 66 63 1 0)
(99 43 50 1 1)
(99 67 64 2 0)
(100 55 57 1 1)
(100 58 59 1 1)
(100 62 61 1 1)
(101 55 57 1 1)
(101 58 59 1 1)
(101 62 61 1 1)
(101 69 65 1/2 0)
(203/2 70 66 1/2 0)
(102 72 67 1/2 0)
(411/4 74 68 1/4 0)
(103 55 57 1 1)
(103 60 60 1 1)
(103 63 62 1 1)
(103 67 64 1 1)
(103 75 69 1 0)
(104 55 57 1 1)
(104 60 60 1 1)
(104 63 62 1 1)
(104 69 65 1 1)
(104 78 70 1 0)
(105 70 66 3 0)
(105 79 71 1/2 0)
(211/2 74 68 3/2 0)
(106 55 57 1 1)
(106 62 61 1 1)
(107 55 57 1 1)
(107 62 61 1 1)
(108 38 47 1 1)
(108 69 65 1/2 0)
(435/4 66 63 1/4 0)
(109 50 54 1 1)
(109 57 58 1 1)
(109 60 60 1 1)
(109 62 61 1 0)
(110 50 54 1 1)
(110 57 58 1 1)
(110 60 60 1 1)
(110 62 61 1 1)
(110 66 63 1 0)
(111 43 50 1 1)
(111 67 64 2 0)
(112 55 57 1 1)
(112 58 59 1 1)
(112 62 61 1 1)
(113 55 57 1 1)
(113 58 59 1 1)
(113 62 61 1 1)
(113 74 68 3/4 0)
(455/4 73 67 1/4 0)
(114 70 66 1/2 0)
(459/4 69 65 1/4 0)
(115 50 54 1 1)
(115 55 57 1 1)
(115 58 59 1 1)
(115 64 62 1 1)
(115 67 64 1 0)
(116 50 54 1 1)
(116 57 58 1 1)
(116 61 60 1 1)
(116 66 63 1 0)
(117 62 61 2 0)
(118 50 54 1 1)
(118 57 58 1 1)
(119 50 54 1 1)
(119 57 58 1 1)
(119 69 65 3/2 0)
(120 38 47 1 1)
(241/2 66 63 1/2 0)
(121 50 54 1 1)
(121 57 58 1 1)
(121 60 60 1 1)
(121 62 61 1 0)
(122 50 54 1 1)
(122 57 58 1 1)
(122 60 60 1 1)
(122 62 61 1 1)
(122 66 63 1 0)
(122 70 66 3/4 0)
(491/4 69 65 1/4 0)
(123 43 50 1 1)
(123 67 64 2 0)
(124 55 57 1 1)
(124 58 59 1 1)
(124 62 61 1 1)
(125 55 57 1 1)
(125 58 59 1 1)
(125 62 61 1 1)
(125 69 65 1/2 0)
(251/2 70 66 1/2 0)
(126 72 67 1/2 0)
(507/4 74 68 1/4 0)
(127 55 57 1 1)
(127 60 60 1 1)
(127 63 62 1 1)
(127 67 64 1 1)
(127 75 69 1 0)
(128 55 57 1 1)
(128 60 60 1 1)
(128 63 62 1 1)
(128 69 65 1 1)
(128 78 70 1 0)
(129 70 66 3 0)
(129 79 71 1/2 0)
(259/2 74 68 3/2 0)
(130 55 57 1 1)
(130 62 61 1 1)
(131 55 57 1 1)
(131 62 61 1 1)
(132 38 47 1 1)
(132 69 65 1/2 0)
(531/4 66 63 1/4 0)
(133 50 54 1 1)
(133 57 58 1 1)
(133 60 60 1 1)
(133 62 61 1 0)
(134 50 54 1 1)
(134 57 58 1 1)
(134 60 60 1 1)
(134 62 61 1 1)
(134 66 63 1 0)
(135 43 50 1 1)
(135 67 64 2 0)
(136 55 57 1 1)
(136 58 59 1 1)
(136 62 61 1 1)
(137 55 57 1 1)
(137 58 59 1 1)
(137 62 61 1 1)
(137 74 68 3/4 0)
(551/4 73 67 1/4 0)
(138 70 66 1/2 0)
(277/2 69 65 1/2 0)
(139 50 54 1 1)
(139 55 57 1 1)
(139 58 59 1 1)
(139 64 62 1 1)
(139 67 64 1 0)
(140 50 54 1 1)
(140 57 58 1 1)
(140 61 60 1 1)
(140 66 63 1 0)
(141 62 61 3 0)
(142 50 54 1 1)
(142 57 58 1 1)
(143 50 54 1 1)
(143 57 58 1 1)
(144 41 49 1 1)
(144 65 63 1 0)
(145 53 56 1 1)
(145 58 59 1 1)
(145 63 62 1 1)
(145 67 64 1/3 0)
(436/3 69 65 1/3 0)
(437/3 67 64 1/3 0)
(146 53 56 1 1)
(146 57 58 1 1)
(146 63 62 1 1)
(146 65 63 1 0)
(147 53 56 1 1)
(147 58 59 1 1)
(147 63 62 1 1)
(147 67 64 1/3 0)
(442/3 69 65 1/3 0)
(443/3 67 64 1/3 0)
(148 53 56 1 1)
(148 57 58 1 1)
(148 63 62 1 1)
(148 65 63 1 0)
(149 79 71 1 0)
(150 41 49 1 1)
(150 77 70 1/3 0)
(451/3 79 71 1/3 0)
(452/3 77 70 1/3 0)
(151 60 60 1 1)
(151 63 62 1 1)
(151 69 65 1 1)
(151 76 69 3/2 0)
(152 60 60 1 1)
(152 63 62 1 1)
(152 69 65 1 1)
(305/2 75 69 1/2 0)
(153 46 52 1 1)
(153 75 69 1/3 0)
(460/3 77 70 1/3 0)
(461/3 75 69 1/3 0)
(154 53 56 1 1)
(154 58 59 1 1)
(154 62 61 1 1)
(154 70 66 1 1)
(154 74 68 2 0)
(156 41 49 1 1)
(156 65 63 1 0)
(157 53 56 1 1)
(157 58 59 1 1)
(157 63 62 1 1)
(157 67 64 1/3 0)
(472/3 69 65 1/3 0)
(473/3 67 64 1/3 0)
(158 53 56 1 1)
(158 57 58 1 1)
(158 63 62 1 1)
(158 65 63 1 0)
(159 53 56 1 1)
(159 58 59 1 1)
(159 63 62 1 1)
(159 67 64 1/3 0)
(478/3 69 65 1/3 0)
(479/3 67 64 1/3 0)
(160 53 56 1 1)
(160 57 58 1 1)
(160 63 62 1 1)
(160 65 63 1 0)
(161 53 56 1 1)
(161 57 58 1 1)
(161 67 64 1 1)
(161 75 69 1 0)
(162 53 56 1 1)
(162 57 58 1 1)
(162 65 63 1 1)
(162 74 68 1/3 0)
(487/3 75 69 1/3 0)
(488/3 74 68 1/3 0)
(163 53 56 1 1)
(163 57 58 1 1)
(163 64 62 1 1)
(163 73 67 3/2 0)
(164 53 56 1 1)
(164 57 58 1 1)
(164 63 62 1 1)
(329/2 72 67 1/2 0)
(165 46 52 1 1)
(165 72 67 1/3 0)
(496/3 74 68 1/3 0)
(497/3 72 67 1/3 0)
(166 53 56 1 1)
(166 58 59 1 1)
(166 62 61 1 1)
(166 70 66 1 0)
(167 53 56 1 1)
(167 58 59 1 1)
(167 62 61 1 1)
(167 69 65 1/2 0)
(335/2 67 64 1/2 0)
(168 41 49 1 1)
(168 65 63 1 0)
(169 53 56 1 1)
(169 58 59 1 1)
(169 63 62 1 1)
(169 67 64 1/3 0)
(508/3 69 65 1/3 0)
(509/3 67 64 1/3 0)
(170 53 56 1 1)
(170 57 58 1 1)
(170 63 62 1 1)
(170 65 63 1 0)
(171 53 56 1 1)
(171 58 59 1 1)
(171 63 62 1 1)
(171 67 64 1/3 0)
(514/3 69 65 1/3 0)
(515/3 67 64 1/3 0)
(172 53 56 1 1)
(172 57 58 1 1)
(172 63 62 1 1)
(172 65 63 1 0)
(173 53 56 1 1)
(173 57 58 1 1)
(173 63 62 1 1)
(173 79 71 1 0)
(174 41 49 1 1)
(174 77 70 1/3 0)
(523/3 79 71 1/3 0)
(524/3 77 70 1/3 0)
(175 60 60 1 1)
(175 63 62 1 1)
(175 69 65 1 1)
(175 76 69 3/2 0)
(176 60 60 1 1)
(176 63 62 1 1)
(176 69 65 1 1)
(353/2 75 69 1/2 0)
(177 46 52 1 1)
(177 75 69 1/3 0)
(532/3 77 70 1/3 0)
(533/3 75 69 1/3 0)
(178 53 56 1 1)
(178 58 59 1 1)
(178 62 61 1 1)
(178 70 66 1 1)
(178 74 68 2 0)
(180 41 49 1 1)
(180 65 63 1 0)
(181 53 56 1 1)
(181 58 59 1 1)
(181 63 62 1 1)
(181 67 64 1/3 0)
(544/3 69 65 1/3 0)
(545/3 67 64 1/3 0)
(182 53 56 1 1)
(182 57 58 1 1)
(182 63 62 1 1)
(182 65 63 1 0)
(183 53 56 1 1)
(183 58 59 1 1)
(183 63 62 1 1)
(183 67 64 1/3 0)
(550/3 69 65 1/3 0)
(551/3 67 64 1/3 0)
(184 53 56 1 1)
(184 57 58 1 1)
(184 63 62 1 1)
(184 65 63 1 0)
(185 53 56 1 1)
(185 57 58 1 1)
(185 67 64 1 1)
(185 75 69 1 0)
(186 53 56 1 1)
(186 57 58 1 1)
(186 65 63 1 1)
(186 74 68 1/3 0)
(559/3 75 69 1/3 0)
(560/3 74 68 1/3 0)
(187 53 56 1 1)
(187 57 58 1 1)
(187 64 62 1 1)
(187 73 67 3/2 0)
(188 53 56 1 1)
(188 57 58 1 1)
(188 63 62 1 1)
(377/2 72 67 1/2 0)
(189 46 52 1 1)
(189 72 67 1/3 0)
(568/3 74 68 1/3 0)
(569/3 72 67 1/3 0)
(190 53 56 1 1)
(190 62 61 1 1)
(190 70 66 3/2 0)
(191 53 56 1 1)
(191 62 61 1 1)
(383/2 71 66 1/2 0)
(192 34 45 1 1)
(192 68 65 1/2 0)
(192 72 67 1/2 0)
(771/4 67 64 1/4 0)
(771/4 70 66 1/4 0)
(193 53 56 1 1)
(193 58 59 1 1)
(193 62 61 1 1)
(193 65 63 3/2 0)
(193 68 65 3/2 0)
(194 53 56 1 1)
(194 58 59 1 1)
(194 62 61 1 1)
(389/2 68 65 1/2 0)
(389/2 72 67 1/2 0)
(195 39 48 1 1)
(195 68 65 1/2 0)
(195 72 67 1/2 0)
(783/4 67 64 1/4 0)
(783/4 70 66 1/4 0)
(196 55 57 1 1)
(196 58 59 1 1)
(196 63 62 3/2 0)
(196 67 64 3/2 0)
(197 55 57 1 1)
(197 58 59 1 1)
(197 63 62 1 1)
(395/2 68 65 1/2 0)
(395/2 72 67 1/2 0)
(198 46 52 1 1)
(198 68 65 1/2 0)
(198 72 67 1/2 0)
(795/4 67 64 1/4 0)
(795/4 70 66 1/4 0)
(199 53 56 1 1)
(199 58 59 1 1)
(199 62 61 1 1)
(199 65 63 3/2 0)
(199 68 65 3/2 0)
(200 53 56 1 1)
(200 58 59 1 1)
(200 62 61 1 1)
(401/2 68 65 1/2 0)
(401/2 72 67 1/2 0)
(201 39 48 1 1)
(201 68 65 1/2 0)
(201 72 67 1/2 0)
(807/4 67 64 1/4 0)
(807/4 70 66 1/4 0)
(202 51 55 1 1)
(202 58 59 1 1)
(202 63 62 1 1)
(202 67 64 1 0)
(202 75 69 1 0)
(203 51 55 1 1)
(203 59 59 1 1)
(203 63 62 1 1)
(203 67 64 1 0)
(203 79 71 1 0)
(204 51 55 1 1)
(204 60 60 1 1)
(204 63 62 1 1)
(204 68 65 1 0)
(204 77 70 3/4 0)
(819/4 75 69 1/4 0)
(205 51 55 1 1)
(205 60 60 1 1)
(205 63 62 1 1)
(205 68 65 1 0)
(205 72 67 1 0)
(206 51 55 1 1)
(206 58 59 1 1)
(206 63 62 1 1)
(206 67 64 1 0)
(206 75 69 1 0)
(207 51 55 1/2 1)
(207 60 60 1/2 1)
(207 63 62 1/2 1)
(207 68 65 1/2 0)
(207 77 70 1/2 0)
(831/4 75 69 1/4 0)
(208 51 55 1 1)
(208 60 60 1 1)
(208 63 62 1 1)
(208 68 65 1 0)
(208 72 67 1 0)
(209 51 55 1 1)
(209 58 59 1 1)
(209 63 62 1 1)
(209 67 64 1 0)
(209 75 69 1 0)
(210 51 55 1 1)
(210 58 59 1 1)
(210 62 61 1 1)
(210 68 65 3/4 0)
(210 72 67 3/4 0)
(843/4 67 64 1/4 0)
(843/4 70 66 1/4 0)
(211 51 55 1 1)
(211 58 59 1 1)
(211 62 61 1 1)
(211 65 63 3/2 0)
(211 68 65 3/2 0)
(212 51 55 1 1)
(212 58 59 1 1)
(212 62 61 1 1)
(425/2 68 65 1/2 0)
(425/2 72 67 1/2 0)
(213 39 48 1 1)
(213 68 65 3/4 0)
(213 72 67 3/4 0)
(855/4 67 64 1/4 0)
(855/4 70 66 1/4 0)
(214 55 57 1 1)
(214 58 59 1 1)
(214 63 62 2 0)
(214 67 64 2 0)
(215 55 57 1 1)
(215 58 59 1 1)
(216 46 52 1 1)
(216 68 65 1/2 0)
(216 72 67 1/2 0)
(867/4 67 64 1/4 0)
(867/4 70 66 1/4 0)
(217 53 56 1 1)
(217 58 59 1 1)
(217 62 61 1 1)
(217 65 63 3/2 0)
(217 68 65 3/2 0)
(218 53 56 1 1)
(218 58 59 1 1)
(218 62 61 1 1)
(437/2 68 65 1/2 0)
(437/2 72 67 1/2 0)
(219 39 48 1 1)
(219 68 65 1/2 0)
(219 72 67 1/2 0)
(879/4 67 64 1/4 0)
(879/4 70 66 1/4 0)
(220 55 57 1 1)
(220 58 59 1 1)
(220 63 62 3/2 0)
(220 67 64 3/2 0)
(221 55 57 1 1)
(221 58 59 1 1)
(221 63 62 1 1)
(443/2 67 64 1/2 0)
(443/2 70 66 1/2 0)
(222 46 52 1 1)
(222 68 65 1/2 0)
(222 72 67 1/2 0)
(891/4 67 64 1/4 0)
(891/4 70 66 1/4 0)
(223 53 56 1 1)
(223 58 59 1 1)
(223 62 61 1 1)
(223 65 63 3/2 0)
(223 68 65 3/2 0)
(224 53 56 1 1)
(224 58 59 1 1)
(224 62 61 1 1)
(449/2 68 65 1/2 0)
(449/2 72 67 1/2 0)
(225 39 48 1 1)
(225 68 65 1/2 0)
(225 72 67 1/2 0)
(903/4 67 64 1/4 0)
(903/4 70 66 1/4 0)
(226 51 55 1 1)
(226 58 59 1 1)
(226 63 62 1 1)
(226 67 64 1 0)
(226 75 69 1 0)
(227 51 55 1 1)
(227 59 59 1 1)
(227 63 62 1 1)
(227 67 64 1 0)
(227 79 71 1 0)
(228 51 55 1 1)
(228 60 60 1 1)
(228 63 62 1 1)
(228 68 65 1 0)
(228 77 70 3/4 0)
(915/4 75 69 1/4 0)
(229 51 55 1 1)
(229 60 60 1 1)
(229 63 62 1 1)
(229 68 65 1 0)
(229 72 67 1 0)
(230 51 55 1 1)
(230 58 59 1 1)
(230 63 62 1 1)
(230 67 64 1 0)
(230 75 69 1 0)
(231 51 55 1/2 1)
(231 60 60 1/2 1)
(231 63 62 1/2 1)
(231 68 65 1/2 0)
(231 77 70 1/2 0)
(927/4 75 69 1/4 0)
(232 51 55 1 1)
(232 60 60 1 1)
(232 63 62 1 1)
(232 68 65 1 0)
(232 72 67 1 0)
(233 51 55 1 1)
(233 58 59 1 1)
(233 63 62 1 1)
(233 67 64 1 0)
(233 75 69 1 0)
(234 51 55 1 1)
(234 58 59 1 1)
(234 62 61 1 1)
(234 68 65 3/4 0)
(234 72 67 3/4 0)
(939/4 67 64 1/4 0)
(939/4 70 66 1/4 0)
(235 51 55 1 1)
(235 58 59 1 1)
(235 62 61 1 1)
(235 65 63 3/2 0)
(235 68 65 3/2 0)
(236 51 55 1 1)
(236 58 59 1 1)
(236 62 61 1 1)
(473/2 68 65 1/2 0)
(473/2 72 67 1/2 0)
(237 39 48 1 1)
(237 61 61 1 0)
(237 67 64 3/4 0)
(237 72 67 3/4 0)
(951/4 70 66 1/4 0)
(238 51 55 1 1)
(238 58 59 1 1)
(238 61 61 1 0)
(238 67 64 2 0)
(239 51 55 1 1)
(239 57 58 1 1)
(239 61 60 1 0)
(240 38 47 1 1)
(240 60 60 1 0)
(240 69 65 1/2 0)
(963/4 66 63 1/4 0)
(241 50 54 1 1)
(241 57 58 1 1)
(241 60 60 1 0)
(241 62 61 1 0)
(242 50 54 1 1)
(242 57 58 1 1)
(242 60 60 1 0)
(242 66 63 1 0)
(243 43 50 1 1)
(243 58 59 1 0)
(243 67 64 2 0)
(244 55 57 1 1)
(244 58 59 1 1)
(244 62 61 1 1)
(245 55 57 1 1)
(245 58 59 1 1)
(245 62 61 1 1)
(245 69 65 1/2 0)
(491/2 70 66 1/2 0)
(246 72 67 1/2 0)
(987/4 74 68 1/4 0)
(247 55 57 1 1)
(247 60 60 1 1)
(247 63 62 1 1)
(247 67 64 1 1)
(247 75 69 1 0)
(248 55 57 1 1)
(248 60 60 1 1)
(248 63 62 1 1)
(248 69 65 1 1)
(248 78 70 1 0)
(249 70 66 3 0)
(249 79 71 1/2 0)
(499/2 74 68 3/2 0)
(250 55 57 1 1)
(250 62 61 1 1)
(251 55 57 1 1)
(251 62 61 1 1)
(252 38 47 1 1)
(252 69 65 1/2 0)
(1011/4 66 63 1/4 0)
(253 50 54 1 1)
(253 57 58 1 1)
(253 60 60 1 1)
(253 62 61 1 0)
(254 50 54 1 1)
(254 57 58 1 1)
(254 60 60 1 1)
(254 62 61 1 1)
(254 66 63 1 0)
(255 43 50 1 1)
(255 67 64 2 0)
(256 55 57 1 1)
(256 58 59 1 1)
(256 62 61 1 1)
(257 55 57 1 1)
(257 58 59 1 1)
(257 62 61 1 1)
(257 74 68 3/4 0)
(1031/4 73 67 1/4 0)
(258 70 66 1/2 0)
(517/2 69 65 1/2 0)
(259 50 54 1 1)
(259 55 57 1 1)
(259 58 59 1 1)
(259 64 62 1 1)
(259 67 64 1 0)
(260 50 54 1 1)
(260 57 58 1 1)
(260 61 60 1 1)
(260 66 63 1 0)
(261 62 61 2 0)
(262 50 54 1 1)
(262 57 58 1 1)
(263 50 54 1 1)
(263 57 58 1 1)
(263 69 65 3/2 0)
(264 38 47 1 1)
(1059/4 66 63 1/4 0)
(265 50 54 1 1)
(265 57 58 1 1)
(265 61 60 1/2 0)
(531/2 62 61 1/2 0)
(266 50 54 1 1)
(266 57 58 1 1)
(266 60 60 1 1)
(266 66 63 3/4 0)
(266 70 66 3/4 0)
(1067/4 69 65 1/4 0)
(267 43 50 1 1)
(267 67 64 2 0)
(268 55 57 1 1)
(268 58 59 1 1)
(268 62 61 1 1)
(269 55 57 1 1)
(269 58 59 1 1)
(269 62 61 1 1)
(269 69 65 1/2 0)
(539/2 70 66 1/2 0)
(270 72 67 1/2 0)
(1083/4 74 68 1/4 0)
(271 55 57 1 1)
(271 60 60 1 1)
(271 63 62 1 1)
(271 67 64 1 1)
(271 75 69 1 0)
(272 55 57 1 1)
(272 60 60 1 1)
(272 63 62 1 1)
(272 69 65 1 1)
(272 78 70 1 0)
(273 70 66 3 0)
(273 79 71 1/2 0)
(547/2 74 68 3/2 0)
(274 55 57 1 1)
(274 62 61 1 1)
(275 55 57 1 1)
(275 62 61 1 1)
(276 38 47 1 1)
(276 69 65 1/2 0)
(1107/4 66 63 1/4 0)
(277 50 54 1 1)
(277 57 58 1 1)
(277 60 60 1 1)
(277 62 61 1 0)
(278 50 54 1 1)
(278 57 58 1 1)
(278 60 60 1 1)
(278 66 63 1 0)
(279 43 50 1 1)
(279 67 64 3/2 0)
(280 50 54 1 1)
(280 58 59 1 1)
(561/2 74 68 1/2 0)
(281 75 69 1/2 0)
(1127/4 74 68 1/4 0)
(282 38 47 1 1)
(282 73 67 1/2 0)
(565/2 74 68 1/2 0)
(283 50 54 1 1)
(283 54 56 1 1)
(283 60 60 1 1)
(283 69 65 1 0)
(284 50 54 1 1)
(284 54 56 1 1)
(284 60 60 1 1)
(284 70 66 1/2 0)
(569/2 69 65 1/2 0)
(285 43 50 1 1)
(285 50 54 1 1)
(285 58 59 1 1)
(285 67 64 1 0)
(286 31 43 1 1)
(286 79 71 1 0)
