(-1 74 68 1 0)
(0 47 52 1 1)
(0 74 68 1/3 0)
(1/3 76 69 1/3 0)
(2/3 74 68 1/3 0)
(1 54 56 1 1)
(1 62 61 1 1)
(1 73 67 1 0)
(2 54 56 1 1)
(2 62 61 1 1)
(2 71 66 1 0)
(3 42 49 1 1)
(3 70 65 1/2 0)
(7/2 67 64 1/2 0)
(7/2 79 71 1/2 0)
(4 54 56 1 1)
(4 58 58 1 1)
(4 64 62 1 1)
(4 66 63 2 0)
(4 78 70 2 0)
(5 54 56 1 1)
(5 58 58 1 1)
(5 64 62 1 1)
(6 47 52 1 1)
(6 74 68 1/3 0)
(19/3 76 69 1/3 0)
(20/3 74 68 1/3 0)
(7 54 56 1 1)
(7 62 61 1 1)
(7 73 67 1 0)
(8 54 56 1 1)
(8 62 61 1 1)
(8 71 66 1 0)
(9 42 49 1 1)
(9 69 65 1/2 0)
(19/2 68 64 1/2 0)
(10 54 56 1 1)
(10 57 58 1 1)
(10 61 60 1 1)
(10 66 63 1 0)
(11 54 56 1 1)
(11 57 58 1 1)
(11 61 60 1 1)
(12 43 50 1 1)
(12 71 66 1/3 0)
(37/3 73 67 1/3 0)
(38/3 71 66 1/3 0)
(13 50 54 1 1)
(13 59 59 1 1)
(13 69 65 1 0)
(14 50 54 1 1)
(14 59 59 1 1)
(14 67 64 1 0)
(15 38 47 1 1)
(15 66 63 1/2 0)
(31/2 64 62 1/2 0)
(31/2 76 69 1/2 0)
(16 50 54 1 1)
(16 57 58 1 1)
(16 62 61 2 0)
(16 74 68 2 0)
(17 50 54 1 1)
(17 57 58 1 1)
(18 40 48 1 1)
(18 67 64 1/3 0)
(55/3 69 65 1/3 0)
(56/3 67 64 1/3 0)
(19 47 52 1 1)
(19 49 53 1 1)
(19 55 57 1 1)
(19 66 63 1 0)
(20 42 49 1 1)
(20 46 51 1 1)
(20 52 55 1 1)
(20 64 62 1 0)
(21 35 45 2 1)
(21 62 61 1/2 0)
(43/2 61 60 1/2 0)
(22 42 49 1 1)
(22 50 54 1 1)
(22 59 59 1 0)
(47/2 74 68 1/2 0)
(24 47 52 1 1)
(24 74 68 1/3 0)
(73/3 76 69 1/3 0)
(74/3 74 68 1/3 0)
(25 54 56 1 1)
(25 62 61 1 1)
(25 73 67 1 0)
(26 54 56 1 1)
(26 62 61 1 1)
(26 71 66 1 0)
(27 42 49 1 1)
(27 70 65 1/2 0)
(111/4 67 64 1/4 0)
(111/4 79 71 1/4 0)
(28 54 56 1 1)
(28 58 58 1 1)
(28 64 62 1 1)
(28 66 63 2 0)
(28 78 70 2 0)
(29 54 56 1 1)
(29 58 58 1 1)
(29 64 62 1 1)
(30 47 52 1 1)
(30 74 68 1/3 0)
(91/3 76 69 1/3 0)
(92/3 74 68 1/3 0)
(31 54 56 1 1)
(31 62 61 1 1)
(31 73 67 1 0)
(32 54 56 1 1)
(32 62 61 1 1)
(32 71 66 1 0)
(33 42 49 1 1)
(33 69 65 1/2 0)
(135/4 67 64 1/4 0)
(34 54 56 1 1)
(34 57 58 1 1)
(34 61 60 1 1)
(34 66 63 1 0)
(35 54 56 1 1)
(35 57 58 1 1)
(35 61 60 1 1)
(36 43 50 1 1)
(36 71 66 1/3 0)
(109/3 73 67 1/3 0)
(110/3 71 66 1/3 0)
(37 50 54 1 1)
(37 59 59 1 1)
(37 69 65 1 0)
(38 50 54 1 1)
(38 59 59 1 1)
(38 67 64 1 0)
(39 38 47 1 1)
(39 66 63 1/2 0)
(159/4 64 62 1/4 0)
(159/4 76 69 1/4 0)
(40 50 54 1 1)
(40 57 58 1 1)
(40 62 61 2 0)
(40 74 68 2 0)
(41 50 54 1 1)
(41 57 58 1 1)
(42 40 48 1 1)
(42 67 64 1/3 0)
(127/3 69 65 1/3 0)
(128/3 67 64 1/3 0)
(43 47 52 1 1)
(43 49 53 1 1)
(43 55 57 1 1)
(43 66 63 1 0)
(44 42 49 1 1)
(44 46 51 1 1)
(44 52 55 1 1)
(44 64 62 1 0)
(45 35 45 2 1)
(45 62 61 1/2 0)
(183/4 61 60 1/4 0)
(46 42 49 1 1)
(46 50 54 1 1)
(46 59 59 1 0)
(47 66 63 1 0)
(48 37 46 1 1)
(48 65 62 1/2 0)
(97/2 66 63 1/2 0)
(49 49 53 1 1)
(49 54 56 1 1)
(49 59 59 1 1)
(49 62 61 1 0)
(49 68 64 1 0)
(50 49 53 1 1)
(50 53 55 1 1)
(50 59 59 1 1)
(50 61 60 1 0)
(50 69 65 1/2 0)
(101/2 68 64 1/2 0)
(51 42 49 1 1)
(51 61 60 1 0)
(51 66 63 1/2 0)
(103/2 68 64 1/2 0)
(52 54 56 1 1)
(52 57 58 1 1)
(52 61 60 1 0)
(52 69 65 1 0)
(53 53 56 1 1)
(53 57 58 1 1)
(53 63 61 1 0)
(53 71 66 1/2 0)
(107/2 69 65 1/2 0)
(54 52 55 1 1)
(54 59 59 1 1)
(54 64 62 1 0)
(54 68 64 1/2 0)
(109/2 69 65 1/2 0)
(55 52 55 1 1)
(55 57 58 1 1)
(55 62 61 1 1)
(55 65 63 1 0)
(55 71 66 1 0)
(56 52 55 1 1)
(56 56 57 1 1)
(56 62 61 1 1)
(56 64 62 1 0)
(56 73 67 1/2 0)
(113/2 71 66 1/2 0)
(57 45 51 1 1)
(57 64 62 1 0)
(57 69 65 1/2 0)
(115/2 71 66 1/2 0)
(58 57 58 1 1)
(58 64 62 1 1)
(58 69 65 1 0)
(58 73 67 1 0)
(59 57 58 1 1)
(59 61 60 1 1)
(59 67 63 1 0)
(59 75 68 1/2 0)
(119/2 73 67 1/2 0)
(60 56 57 1 1)
(60 63 61 1 1)
(60 68 64 1 0)
(60 72 66 1/2 0)
(121/2 73 67 1/2 0)
(61 56 57 1 1)
(61 61 60 1 1)
(61 66 63 1 1)
(61 69 65 1 0)
(61 75 68 1 0)
(62 56 57 1 1)
(62 60 59 1 1)
(62 66 63 1 1)
(62 68 64 1 0)
(62 77 69 1/2 0)
(125/2 75 68 1/2 0)
(63 49 53 1 1)
(63 71 66 1 0)
(63 73 67 1/2 0)
(127/2 75 68 1/2 0)
(64 61 60 1 1)
(64 68 64 1 1)
(64 71 66 1 0)
(64 73 67 1 0)
(64 77 69 1 0)
(65 61 60 1 1)
(65 69 65 1 1)
(65 73 67 1 0)
(65 78 70 1 0)
(66 61 60 1/2 1)
(66 68 64 1/2 1)
(66 71 66 1/2 1)
(66 73 67 1 0)
(66 77 69 1/2 0)
(133/2 66 63 1/2 1)
(133/2 78 70 1/2 0)
(67 61 60 1 1)
(67 65 62 1 1)
(67 71 66 1 1)
(67 73 67 1 0)
(67 80 71 1 0)
(68 61 60 1 1)
(68 65 62 1 1)
(68 71 66 1 1)
(68 73 67 1 0)
(68 81 72 1 0)
(69 42 49 1 1)
(69 78 70 2 0)
(70 54 56 1 1)
(70 61 60 1 1)
(70 66 63 1 1)
(70 69 65 1 0)
(70 73 67 1 0)
(71 50 54 1 1)
(71 56 57 1 1)
(71 60 59 1 0)
(71 66 63 1 0)
(72 49 53 1 1)
(72 56 57 1 1)
(72 61 60 1 0)
(72 65 62 1/2 0)
(145/2 66 63 1/2 0)
(73 49 53 1 1)
(73 54 56 1 1)
(73 59 59 1 1)
(73 62 61 1 0)
(73 68 64 1 0)
(74 49 53 1 1)
(74 53 55 1 1)
(74 59 59 1 1)
(74 61 60 1 0)
(74 69 65 1/2 0)
(149/2 68 64 1/2 0)
(75 42 49 1 1)
(75 61 60 1 0)
(75 66 63 1/2 0)
(151/2 68 64 1/2 0)
(76 54 56 1 1)
(76 57 58 1 1)
(76 61 60 1 0)
(76 69 65 1 0)
(77 53 56 1 1)
(77 57 58 1 1)
(77 63 61 1 0)
(77 71 66 1/2 0)
(155/2 69 65 1/2 0)
(78 52 55 1 1)
(78 59 59 1 1)
(78 64 62 1 0)
(78 68 64 1/2 0)
(157/2 69 65 1/2 0)
(79 52 55 1 1)
(79 57 58 1 1)
(79 62 61 1 1)
(79 65 63 1 0)
(79 71 66 1 0)
(80 52 55 1 1)
(80 56 57 1 1)
(80 62 61 1 1)
(80 64 62 1 0)
(80 73 67 1/2 0)
(161/2 71 66 1/2 0)
(81 45 51 1 1)
(81 64 62 1 0)
(81 69 65 1/2 0)
(163/2 71 66 1/2 0)
(82 57 58 1 1)
(82 64 62 1 1)
(82 69 65 1 0)
(82 73 67 1 0)
(83 57 58 1 1)
(83 61 60 1 1)
(83 67 63 1 0)
(83 75 68 1/2 0)
(167/2 73 67 1/2 0)
(84 56 57 1 1)
(84 63 61 1 1)
(84 68 64 1 0)
(84 72 66 1/2 0)
(169/2 73 67 1/2 0)
(85 56 57 1 1)
(85 61 60 1 1)
(85 66 63 1 1)
(85 69 65 1 0)
(85 75 68 1 0)
(86 56 57 1 1)
(86 60 59 1 1)
(86 66 63 1 1)
(86 68 64 1 0)
(86 77 69 1/2 0)
(173/2 75 68 1/2 0)
(87 49 53 1 1)
(87 61 60 1 1)
(87 71 66 1 0)
(87 73 67 1/2 0)
(175/2 75 68 1/2 0)
(88 61 60 1 1)
(88 68 64 1 1)
(88 71 66 1 0)
(88 73 67 1 0)
(88 77 69 1 0)
(89 61 60 1 1)
(89 69 65 1 1)
(89 73 67 1 0)
(89 78 70 1 0)
(90 61 60 3/4 1)
(90 68 64 3/4 1)
(90 71 66 3/4 1)
(90 73 67 3/4 0)
(90 77 69 3/4 0)
(363/4 61 60 1/4 1)
(363/4 66 63 1/4 1)
(363/4 71 66 1/4 1)
(363/4 74 68 1/4 0)
(363/4 86 75 1/4 0)
(91 61 60 1 1)
(91 65 62 1 1)
(91 71 66 1 1)
(91 73 67 1 0)
(91 85 74 1 0)
(92 61 60 1 1)
(92 65 62 1 1)
(92 71 66 1 1)
(92 73 67 1 0)
(92 80 71 1/2 0)
(185/2 81 72 1/2 0)
(93 42 49 1 1)
(93 78 70 2 0)
(94 54 56 1 1)
(94 61 60 1 1)
(94 66 63 1 1)
(94 69 65 1 0)
(94 73 67 1 0)
(95 78 70 1 0)
(96 47 52 1 1)
(96 78 70 1/2 0)
(193/2 77 69 1/2 0)
(97 54 56 1 1)
(97 59 59 1 1)
(97 62 61 1 1)
(97 78 70 1 0)
(98 54 56 1 1)
(98 59 59 1 1)
(98 62 61 1 1)
(98 74 68 1 0)
(99 42 49 1 1)
(99 73 67 1 0)
(100 54 56 1 1)
(100 57 58 1 1)
(100 61 60 1 1)
(100 69 65 2 0)
(101 54 56 1 1)
(101 57 58 1 1)
(101 61 60 1 1)
(102 50 54 1 1)
(102 78 70 1/2 0)
(205/2 77 69 1/2 0)
(103 54 56 1 1)
(103 57 58 1 1)
(103 62 61 1 1)
(103 78 70 1 0)
(104 54 56 1 1)
(104 57 58 1 1)
(104 62 61 1 1)
(104 74 68 1 0)
(105 45 51 1 1)
(105 73 67 1 0)
(106 52 55 1 1)
(106 57 58 1 1)
(106 61 60 1 1)
(106 69 65 2 0)
(107 52 55 1 1)
(107 57 58 1 1)
(107 61 60 1 1)
(108 47 52 1 1)
(108 78 70 1/2 0)
(217/2 77 69 1/2 0)
(109 54 56 1 1)
(109 59 59 1 1)
(109 62 61 1 1)
(109 78 70 1 0)
(110 54 56 1 1)
(110 59 59 1 1)
(110 62 61 1 1)
(110 74 68 1 0)
(111 52 55 1 1)
(111 73 67 1 0)
(112 57 58 1 1)
(112 61 60 1 1)
(112 64 62 1 1)
(112 69 65 2 0)
(113 57 58 1 1)
(113 61 60 1 1)
(113 64 62 1 1)
(114 40 48 1 1)
(114 78 70 1/2 0)
(229/2 77 69 1/2 0)
(115 52 55 1 1)
(115 56 57 1 1)
(115 62 61 1 1)
(115 78 70 1 0)
(116 52 55 1 1)
(116 56 57 1 1)
(116 62 61 1 1)
(116 74 68 1 0)
(117 45 51 1 1)
(117 73 67 1 0)
(118 52 55 1 1)
(118 57 58 1 1)
(118 61 60 1 1)
(118 69 65 2 0)
(119 54 56 1 1)
(119 61 60 1 1)
(120 47 52 1 1)
(120 78 70 1/2 0)
(241/2 77 69 1/2 0)
(121 54 56 1 1)
(121 59 59 1 1)
(121 62 61 1 1)
(121 78 70 1 0)
(122 54 56 1 1)
(122 59 59 1 1)
(122 62 61 1 1)
(122 74 68 1 0)
(123 42 49 1 1)
(123 73 67 1 0)
(124 54 56 1 1)
(124 57 58 1 1)
(124 61 60 1 1)
(124 69 65 2 0)
(125 54 56 1 1)
(125 57 58 1 1)
(125 61 60 1 1)
(126 50 54 1 1)
(126 78 70 1/2 0)
(253/2 77 69 1/2 0)
(127 54 56 1 1)
(127 57 58 1 1)
(127 62 61 1 1)
(127 78 70 1 0)
(128 54 56 1 1)
(128 57 58 1 1)
(128 62 61 1 1)
(128 74 68 1 0)
(129 45 51 1 1)
(129 73 67 1 0)
(130 52 55 1 1)
(130 57 58 1 1)
(130 61 60 1 1)
(130 69 65 2 0)
(131 52 55 1 1)
(131 57 58 1 1)
(131 61 60 1 1)
(132 47 52 1 1)
(132 78 70 1/2 0)
(265/2 77 69 1/2 0)
(133 54 56 1 1)
(133 59 59 1 1)
(133 62 61 1 1)
(133 78 70 1 0)
(134 54 56 1 1)
(134 59 59 1 1)
(134 62 61 1 1)
(134 74 68 1 0)
(135 52 55 1 1)
(135 73 67 1 0)
(136 57 58 1 1)
(136 61 60 1 1)
(136 64 62 1 1)
(136 69 65 2 0)
(137 57 58 1 1)
(137 61 60 1 1)
(137 64 62 1 1)
(138 40 48 1 1)
(138 78 70 1/2 0)
(277/2 77 69 1/2 0)
(139 52 55 1 1)
(139 56 57 1 1)
(139 62 61 1 1)
(139 78 70 1 0)
(140 52 55 1 1)
(140 56 57 1 1)
(140 62 61 1 1)
(140 74 68 1 0)
(141 45 51 1 1)
(141 73 67 1 0)
(142 57 58 1 1)
(142 61 60 1 1)
(142 69 65 1 0)
(143 47 52 1 1)
(143 54 56 1 1)
(143 59 59 1 1)
(143 62 61 1 0)
(143 66 63 1 0)
(144 49 53 1 1)
(144 56 57 1 1)
(144 59 59 1 1)
(144 62 61 1 0)
(144 65 62 1/2 0)
(289/2 66 63 1/2 0)
(145 49 53 1 1)
(145 54 56 1 1)
(145 59 59 1 1)
(145 62 61 1 0)
(145 68 64 1 0)
(146 49 53 1 1)
(146 53 55 1 1)
(146 59 59 1 1)
(146 61 60 1 0)
(146 69 65 1/2 0)
(293/2 68 64 1/2 0)
(147 42 49 1 1)
(147 61 60 1 0)
(147 66 63 1/2 0)
(295/2 68 64 1/2 0)
(148 54 56 1 1)
(148 57 58 1 1)
(148 61 60 1 0)
(148 69 65 1 0)
(149 53 56 1 1)
(149 57 58 1 1)
(149 63 61 1 0)
(149 71 66 1/2 0)
(299/2 69 65 1/2 0)
(150 52 55 1 1)
(150 59 59 1 1)
(150 64 62 1 0)
(150 68 64 1/2 0)
(301/2 69 65 1/2 0)
(151 52 55 1 1)
(151 57 58 1 1)
(151 62 61 1 1)
(151 65 63 1 0)
(151 71 66 1 0)
(152 52 55 1 1)
(152 56 57 1 1)
(152 62 61 1 1)
(152 64 62 1 0)
(152 73 67 1/2 0)
(305/2 71 66 1/2 0)
(153 45 51 1 1)
(153 64 62 1 0)
(153 69 65 1/2 0)
(307/2 71 66 1/2 0)
(154 57 58 1 1)
(154 64 62 1 1)
(154 69 65 1 0)
(154 73 67 1 0)
(155 57 58 1 1)
(155 61 60 1 1)
(155 67 63 1 0)
(155 75 68 1/2 0)
(311/2 73 67 1/2 0)
(156 56 57 1 1)
(156 63 61 1 1)
(156 68 64 1 0)
(156 72 66 1/2 0)
(313/2 73 67 1/2 0)
(157 56 57 1 1)
(157 61 60 1 1)
(157 66 63 1 1)
(157 69 65 1 0)
(157 75 68 1 0)
(158 56 57 1 1)
(158 60 59 1 1)
(158 66 63 1 1)
(158 68 64 1 0)
(158 77 69 1/2 0)
(317/2 75 68 1/2 0)
(159 49 53 1 1)
(159 71 66 1 0)
(159 73 67 1/2 0)
(319/2 75 68 1/2 0)
(160 61 60 1 1)
(160 68 64 1 1)
(160 71 66 1 0)
(160 73 67 1 0)
(160 77 69 1 0)
(161 61 60 1 1)
(161 69 65 1 1)
(161 73 67 1 0)
(161 78 70 1 0)
(162 61 60 1/2 1)
(162 68 64 1/2 1)
(162 71 66 1/2 1)
(162 73 67 1 0)
(162 77 69 1/2 0)
(325/2 66 63 1/2 1)
(325/2 78 70 1/2 0)
(163 61 60 1 1)
(163 65 62 1 1)
(163 71 66 1 1)
(163 73 67 1 0)
(163 80 71 1 0)
(164 61 60 1 1)
(164 65 62 1 1)
(164 71 66 1 1)
(164 73 67 1 0)
(164 81 72 1 0)
(165 42 49 1 1)
(165 78 70 2 0)
(166 54 56 1 1)
(166 61 60 1 1)
(166 66 63 1 1)
(166 69 65 1 0)
(166 73 67 1 0)
(167 50 54 1 1)
(167 56 57 1 1)
(167 60 59 1 0)
(167 66 63 1 0)
(168 49 53 1 1)
(168 56 57 1 1)
(168 61 60 1 0)
(168 65 62 1/2 0)
(337/2 66 63 1/2 0)
(169 49 53 1 1)
(169 54 56 1 1)
(169 59 59 1 1)
(169 62 61 1 0)
(169 68 64 1 0)
(170 49 53 1 1)
(170 53 55 1 1)
(170 59 59 1 1)
(170 61 60 1 0)
(170 69 65 1/2 0)
(341/2 68 64 1/2 0)
(171 42 49 1 1)
(171 61 60 1 0)
(171 66 63 1/2 0)
(343/2 68 64 1/2 0)
(172 54 56 1 1)
(172 57 58 1 1)
(172 61 60 1 0)
(172 69 65 1 0)
(173 53 56 1 1)
(173 57 58 1 1)
(173 63 61 1 0)
(173 71 66 1/2 0)
(347/2 69 65 1/2 0)
(174 52 55 1 1)
(174 59 59 1 1)
(174 64 62 1 0)
(174 68 64 1/2 0)
(349/2 69 65 1/2 0)
(175 52 55 1 1)
(175 57 58 1 1)
(175 62 61 1 1)
(175 65 63 1 0)
(175 71 66 1 0)
(176 52 55 1 1)
(176 56 57 1 1)
(176 62 61 1 1)
(176 64 62 1 0)
(176 73 67 1/2 0)
(353/2 71 66 1/2 0)
(177 45 51 1 1)
(177 64 62 1 0)
(177 69 65 1/2 0)
(355/2 71 66 1/2 0)
(178 57 58 1 1)
(178 64 62 1 1)
(178 69 65 1 0)
(178 73 67 1 0)
(179 57 58 1 1)
(179 61 60 1 1)
(179 67 63 1 0)
(179 75 68 1/2 0)
(359/2 73 67 1/2 0)
(180 56 57 1 1)
(180 63 61 1 1)
(180 68 64 1 0)
(180 72 66 1/2 0)
(361/2 73 67 1/2 0)
(181 56 57 1 1)
(181 61 60 1 1)
(181 66 63 1 1)
(181 69 65 1 0)
(181 75 68 1 0)
(182 56 57 1 1)
(182 60 59 1 1)
(182 66 63 1 1)
(182 68 64 1 0)
(182 77 69 1/2 0)
(365/2 75 68 1/2 0)
(183 49 53 1 1)
(183 61 60 1 1)
(183 71 66 1 0)
(183 73 67 1/2 0)
(367/2 75 68 1/2 0)
(184 61 60 1 1)
(184 68 64 1 1)
(184 71 66 1 0)
(184 73 67 1 0)
(184 77 69 1 0)
(185 61 60 1 1)
(185 69 65 1 1)
(185 73 67 1 0)
(185 78 70 1 0)
(186 61 60 3/4 1)
(186 68 64 3/4 1)
(186 71 66 3/4 1)
(186 73 67 3/4 0)
(186 77 69 3/4 0)
(747/4 61 60 1/4 1)
(747/4 66 63 1/4 1)
(747/4 71 66 1/4 1)
(747/4 74 68 1/4 0)
(747/4 86 75 1/4 0)
(187 61 60 1 1)
(187 65 62 1 1)
(187 71 66 1 1)
(187 73 67 1 0)
(187 85 74 1 0)
(188 61 60 1 1)
(188 65 62 1 1)
(188 71 66 1 1)
(188 73 67 1 0)
(188 80 71 1/2 0)
(377/2 81 72 1/2 0)
(189 54 56 1 1)
(189 61 60 1 1)
(189 66 63 1 1)
(189 69 65 1 0)
(189 78 70 1 0)
(190 42 49 1 1)
(190 54 56 1 1)
(190 78 70 1 0)
(190 90 77 1 0)
