(-1 67 64 3/2 0)
(1/2 68 65 1/2 0)
(1 55 57 1 1)
(1 62 61 1 1)
(1 67 64 1 0)
(3/2 71 66 1/2 0)
(2 55 57 1 1)
(2 62 61 1 1)
(2 65 63 1 0)
(2 72 67 1/2 0)
(5/2 74 68 1/2 0)
(3 75 69 1/2 0)
(7/2 74 68 1/2 0)
(4 48 53 1 1)
(4 55 57 1 1)
(4 63 62 1 0)
(4 72 67 2 0)
(5 48 53 1 1)
(5 55 57 1 1)
(5 63 62 1 0)
(6 74 68 1/2 0)
(13/2 75 69 1/2 0)
(7 48 53 1 1)
(7 55 57 1 1)
(7 59 59 1 1)
(7 65 63 1 0)
(7 77 70 1 0)
(8 48 53 1 1)
(8 55 57 1 1)
(8 62 61 1 1)
(8 65 63 1 0)
(8 75 69 1/2 0)
(17/2 74 68 1/2 0)
(9 74 68 1/2 0)
(19/2 75 69 1/2 0)
(10 48 53 1 1)
(10 55 57 1 1)
(10 60 60 1 1)
(10 63 62 1 0)
(10 72 67 2 0)
(11 48 53 1 1)
(11 55 57 1 1)
(11 60 60 1 1)
(11 63 62 1 0)
(12 62 61 1/2 0)
(25/2 63 62 1/2 0)
(13 50 54 1 1)
(13 57 58 1 1)
(13 62 61 1 0)
(27/2 66 63 1/2 0)
(14 50 54 1 1)
(14 57 58 1 1)
(14 60 60 1 0)
(14 67 64 1/2 0)
(29/2 69 65 1/2 0)
(15 70 66 1/2 0)
(31/2 69 65 1/2 0)
(16 43 50 1 1)
(16 55 57 3 1)
(16 58 59 1 0)
(16 67 64 2 0)
(17 46 52 1 1)
(17 62 61 1 0)
(18 48 53 1 1)
(18 69 65 1/2 0)
(37/2 70 66 1/2 0)
(19 45 51 1 1)
(19 57 58 1 1)
(19 63 62 1 0)
(19 67 64 1 0)
(19 72 67 1 0)
(20 50 54 1 1)
(20 60 60 1 0)
(20 66 63 1 0)
(20 70 66 1/2 0)
(41/2 69 65 1/2 0)
(21 67 64 7/2 0)
(22 43 50 1 1)
(22 59 59 1 0)
(22 62 61 1 0)
(23 55 57 1 1)
(23 60 60 1/2 0)
(23 63 62 1/2 0)
(47/2 61 60 1/2 0)
(47/2 64 62 1/2 0)
(24 62 61 1 0)
(24 65 63 1 0)
(49/2 68 65 1/2 0)
(25 55 57 1 1)
(25 62 61 1 1)
(25 65 63 1 0)
(25 67 64 1/2 0)
(51/2 71 66 1/2 0)
(26 55 57 1 1)
(26 62 61 1 1)
(26 65 63 1 0)
(26 72 67 1/2 0)
(53/2 74 68 1/2 0)
(27 75 69 1/2 0)
(55/2 74 68 1/2 0)
(28 48 53 1 1)
(28 55 57 1 1)
(28 63 62 1 0)
(28 72 67 2 0)
(29 48 53 1 1)
(29 55 57 1 1)
(29 63 62 1 0)
(30 74 68 1/2 0)
(61/2 75 69 1/2 0)
(31 48 53 1 1)
(31 55 57 1 1)
(31 59 59 1 1)
(31 65 63 1 0)
(31 77 70 1 0)
(32 48 53 1 1)
(32 55 57 1 1)
(32 62 61 1 1)
(32 65 63 1 0)
(32 75 69 1/2 0)
(65/2 74 68 1/2 0)
(33 74 68 1/2 0)
(67/2 75 69 1/2 0)
(34 48 53 1 1)
(34 55 57 1 1)
(34 60 60 1 1)
(34 63 62 1 0)
(34 72 67 2 0)
(35 48 53 1 1)
(35 55 57 1 1)
(35 60 60 1 1)
(35 63 62 1 0)
(36 62 61 1/2 0)
(73/2 63 62 1/2 0)
(37 50 54 1 1)
(37 57 58 1 1)
(37 62 61 1 0)
(75/2 66 63 1/2 0)
(38 50 54 1 1)
(38 57 58 1 1)
(38 60 60 1 0)
(38 67 64 1/2 0)
(77/2 69 65 1/2 0)
(39 70 66 1/2 0)
(79/2 69 65 1/2 0)
(40 43 50 1 1)
(40 55 57 3 1)
(40 58 59 1 0)
(40 67 64 2 0)
(41 46 52 1 1)
(41 62 61 1 0)
(42 48 53 1 1)
(42 63 62 1 0)
(42 69 65 1/2 0)
(85/2 70 66 1/2 0)
(43 45 51 1 1)
(43 57 58 1 1)
(43 63 62 1 0)
(43 67 64 1 0)
(43 72 67 1 0)
(44 50 54 1 1)
(44 60 60 1 0)
(44 66 63 1 0)
(44 70 66 1/2 0)
(89/2 69 65 1/2 0)
(45 43 50 1 1)
(45 67 64 2 0)
(46 55 57 1 1)
(46 59 59 1 0)
(46 62 61 1 0)
(47 52 55 2 1)
(47 58 59 2 1)
(47 61 61 2 0)
(47 67 64 3/4 0)
(191/4 67 64 1/4 0)
(48 44 51 3 1)
(48 67 64 1/2 0)
(97/2 68 65 2 0)
(49 53 56 1 1)
(49 56 58 1 1)
(49 60 60 6 0)
(50 53 56 1 1)
(50 56 58 1 1)
(101/2 67 64 1/2 0)
(51 32 44 1 1)
(51 64 62 3/4 0)
(207/4 65 63 1/4 0)
(52 48 53 1 1)
(52 56 58 1 1)
(52 74 68 3/2 0)
(53 53 56 1 1)
(53 56 58 1 1)
(107/2 72 67 1/2 0)
(54 34 45 1 1)
(54 65 63 1/2 0)
(109/2 67 64 2 0)
(55 46 52 1 1)
(55 56 58 1 1)
(55 60 60 1 0)
(56 46 52 1 1)
(56 56 58 1 1)
(56 62 61 1 0)
(113/2 65 63 1/2 0)
(57 39 48 1 1)
(57 63 62 3/4 0)
(231/4 70 66 1/4 0)
(58 58 59 1 1)
(58 63 62 1 1)
(58 67 64 1 1)
(58 79 71 3/2 0)
(59 59 59 1 1)
(59 63 62 1 1)
(59 67 64 1 1)
(119/2 77 70 1/2 0)
(60 60 60 3/4 1)
(60 63 62 1 1)
(60 68 65 1 1)
(60 75 69 3/4 0)
(243/4 62 61 1/4 1)
(243/4 72 67 1/4 0)
(61 63 62 1 1)
(61 67 64 1 1)
(61 70 66 1 0)
(62 56 58 1 1)
(62 63 62 1 1)
(62 68 65 1 0)
(62 72 67 1 0)
(63 58 59 1 1)
(63 62 61 1 1)
(63 65 63 1 0)
(63 70 66 3/4 0)
(255/4 68 65 1/4 0)
(64 51 55 2 1)
(64 58 59 2 1)
(64 63 62 2 0)
(64 67 64 5/2 0)
(66 55 57 2 1)
(66 59 59 1 1)
(66 62 61 1 0)
(133/2 65 63 1/2 0)
(67 48 53 1 1)
(67 60 60 2 0)
(67 63 62 1 0)
(68 41 49 1 1)
(68 56 58 1 1)
(68 65 63 1 0)
(69 43 50 2 1)
(69 50 54 2 1)
(69 62 61 1/2 0)
(139/2 59 59 1/2 0)
(70 55 57 1 0)
(71 40 48 1 1)
(71 58 59 2 0)
(71 61 61 2 0)
(71 67 64 3/4 0)
(287/4 67 64 1/4 0)
(72 41 49 1 1)
(72 67 64 1/2 0)
(145/2 68 65 2 0)
(73 56 58 1 1)
(73 60 60 6 0)
(74 48 53 1 1)
(74 56 58 1 1)
(149/2 67 64 1/2 0)
(75 32 44 1 1)
(75 64 62 3/4 0)
(303/4 65 63 1/4 0)
(76 48 53 1 1)
(76 56 58 1 1)
(76 74 68 3/2 0)
(77 53 56 1 1)
(77 56 58 1 1)
(155/2 72 67 1/2 0)
(78 34 45 1 1)
(78 65 63 1/2 0)
(157/2 67 64 2 0)
(79 46 52 1 1)
(79 56 58 1 1)
(79 60 60 1 0)
(80 46 52 1 1)
(80 56 58 1 1)
(80 62 61 1 0)
(161/2 65 63 1/2 0)
(81 39 48 1 1)
(81 63 62 3/4 0)
(327/4 70 66 1/4 0)
(82 58 59 1 1)
(82 63 62 1 1)
(82 67 64 1 1)
(82 75 69 2 0)
(83 57 58 1 1)
(83 60 60 1 1)
(83 67 64 1 1)
(84 57 58 1 1)
(84 60 60 1 1)
(84 66 63 1 1)
(84 74 68 1 0)
(85 57 58 1 1)
(85 60 60 1 1)
(85 66 63 1 1)
(85 73 67 3/4 0)
(343/4 74 68 1/4 0)
(86 56 58 1 1)
(86 60 60 1 1)
(86 66 63 1 1)
(86 75 69 3/4 0)
(347/4 74 68 1/4 0)
(87 55 57 1 1)
(87 59 59 1 1)
(87 67 64 1 0)
(88 55 57 1 1)
(88 57 58 1 1)
(88 66 63 1 1)
(88 73 67 3/4 0)
(355/4 74 68 1/4 0)
(89 55 57 1 1)
(89 57 58 1 1)
(89 66 63 1 1)
(89 75 69 3/4 0)
(359/4 74 68 1/4 0)
(90 55 57 1 1)
(90 59 59 1 1)
(90 65 63 1 1)
(90 79 71 1 0)
(91 55 57 1 1)
(91 57 58 1 1)
(91 66 63 1 1)
(91 73 67 3/4 0)
(367/4 74 68 1/4 0)
(92 55 57 1 1)
(92 57 58 1 1)
(92 66 63 1 1)
(92 75 69 3/4 0)
(371/4 74 68 1/4 0)
(93 55 57 1 1)
(93 59 59 1 1)
(93 67 64 1 0)
(94 55 57 1 1)
(94 57 58 1 1)
(94 66 63 1 1)
(94 73 67 3/4 0)
(379/4 74 68 1/4 0)
(95 55 57 1 1)
(95 57 58 1 1)
(95 66 63 1 1)
(95 75 69 3/4 0)
(383/4 74 68 1/4 0)
(96 55 57 8 1)
(96 59 59 8 1)
(96 65 63 8 1)
(96 79 71 1 0)
(97 73 67 3/4 0)
(391/4 74 68 1/4 0)
(98 75 69 3/4 0)
(395/4 74 68 1/4 0)
(99 67 64 5 0)
(100 73 67 3/4 0)
(403/4 74 68 1/4 0)
(101 75 69 3/4 0)
(407/4 74 68 1/4 0)
(102 79 71 1 0)
(103 73 67 3/4 0)
(415/4 74 68 1/4 0)
(104 75 69 3/4 0)
(419/4 74 68 1/4 0)
(105 80 72 2 0)
(107 79 71 1 0)
(108 67 64 1/2 0)
(217/2 68 65 1/2 0)
(109 55 57 1 1)
(109 62 61 1 1)
(109 67 64 1 0)
(219/2 71 66 1/2 0)
(110 55 57 1 1)
(110 62 61 1 1)
(110 65 63 1 0)
(110 72 67 1/2 0)
(221/2 74 68 1/2 0)
(111 75 69 1/2 0)
(223/2 74 68 1/2 0)
(112 48 53 1 1)
(112 55 57 1 1)
(112 63 62 1 0)
(112 72 67 2 0)
(113 48 53 1 1)
(113 55 57 1 1)
(113 63 62 1 0)
(114 74 68 1/2 0)
(229/2 75 69 1/2 0)
(115 48 53 1 1)
(115 55 57 1 1)
(115 59 59 1 1)
(115 65 63 1 0)
(115 77 70 1 0)
(116 48 53 1 1)
(116 55 57 1 1)
(116 62 61 1 1)
(116 65 63 1 0)
(116 75 69 1/2 0)
(233/2 74 68 1/2 0)
(117 74 68 1/2 0)
(235/2 75 69 1/2 0)
(118 48 53 1 1)
(118 55 57 1 1)
(118 60 60 1 1)
(118 63 62 1 0)
(118 72 67 2 0)
(119 48 53 1 1)
(119 55 57 1 1)
(119 60 60 1 1)
(119 63 62 1 0)
(120 62 61 1/2 0)
(241/2 63 62 1/2 0)
(121 50 54 1 1)
(121 57 58 1 1)
(121 62 61 1 0)
(243/2 66 63 1/2 0)
(122 50 54 1 1)
(122 57 58 1 1)
(122 60 60 1 0)
(122 67 64 1/2 0)
(245/2 69 65 1/2 0)
(123 70 66 1/2 0)
(247/2 69 65 1/2 0)
(124 43 50 1 1)
(124 55 57 3 1)
(124 58 59 1 0)
(124 67 64 2 0)
(125 46 52 1 1)
(125 62 61 1 0)
(126 48 53 1 1)
(126 63 62 1 0)
(126 69 65 1/2 0)
(253/2 70 66 1/2 0)
(127 45 51 1 1)
(127 57 58 1 1)
(127 63 62 1 0)
(127 67 64 1 0)
(127 72 67 1 0)
(128 50 54 1 1)
(128 60 60 1 0)
(128 66 63 1 0)
(128 70 66 1/2 0)
(257/2 69 65 1/2 0)
(129 67 64 7/2 0)
(130 43 50 1 1)
(130 59 59 1 0)
(130 62 61 1 0)
(131 55 57 1 1)
(131 60 60 1/2 0)
(131 63 62 1/2 0)
(263/2 61 60 1/2 0)
(263/2 64 62 1/2 0)
(132 62 61 1 0)
(132 65 63 1 0)
(265/2 68 65 1/2 0)
(133 55 57 1 1)
(133 62 61 1 1)
(133 65 63 1 0)
(133 67 64 1/2 0)
(267/2 71 66 1/2 0)
(134 55 57 1 1)
(134 62 61 1 1)
(134 65 63 1 0)
(134 72 67 1/2 0)
(269/2 74 68 1/2 0)
(135 75 69 1/2 0)
(271/2 74 68 1/2 0)
(136 48 53 1 1)
(136 55 57 1 1)
(136 63 62 1 0)
(136 72 67 2 0)
(137 48 53 1 1)
(137 55 57 1 1)
(137 63 62 1 0)
(138 74 68 1/2 0)
(277/2 75 69 1/2 0)
(139 48 53 1 1)
(139 55 57 1 1)
(139 59 59 1 1)
(139 65 63 1 0)
(139 77 70 1 0)
(140 48 53 1 1)
(140 55 57 1 1)
(140 62 61 1 1)
(140 65 63 1 0)
(140 75 69 1/2 0)
(281/2 74 68 1/2 0)
(141 74 68 1/2 0)
(283/2 75 69 1/2 0)
(142 48 53 1 1)
(142 55 57 1 1)
(142 60 60 1 1)
(142 63 62 1 0)
(142 72 67 2 0)
(143 48 53 1 1)
(143 55 57 1 1)
(143 60 60 1 1)
(143 63 62 1 0)
(144 74 68 1/2 0)
(289/2 75 69 1/2 0)
(145 48 53 1 1)
(145 55 57 1 1)
(145 59 59 1 1)
(145 65 63 1 0)
(145 77 70 1 0)
(146 48 53 1 1)
(146 55 57 1 1)
(146 59 59 1 1)
(146 65 63 1 0)
(146 75 69 1/2 0)
(293/2 74 68 1/2 0)
(147 80 72 1/2 0)
(295/2 74 68 1/2 0)
(148 48 53 1 1)
(148 55 57 1 1)
(148 59 59 1 1)
(148 65 63 1 0)
(148 77 70 1 0)
(149 48 53 1 1)
(149 55 57 1 1)
(149 59 59 1 1)
(149 65 63 1 0)
(149 75 69 1/2 0)
(299/2 74 68 1/2 0)
(150 36 46 1 1)
(150 80 72 1/2 0)
(301/2 74 68 1/2 0)
(151 56 58 1 1)
(151 59 59 1 1)
(151 65 63 1 1)
(151 77 70 1 0)
(152 56 58 2 1)
(152 59 59 2 1)
(152 65 63 2 1)
(152 75 69 1/2 0)
(305/2 74 68 1/2 0)
(153 74 68 1/2 0)
(307/2 75 69 1/2 0)
(154 56 58 1 1)
(154 60 60 1 1)
(154 65 63 1 1)
(154 72 67 5 0)
(155 56 58 1 1)
(155 60 60 1 1)
(155 65 63 1 1)
(156 50 54 1/2 1)
(156 62 61 1/2 0)
(313/2 51 55 1/2 1)
(313/2 63 62 1/2 0)
(157 48 53 2 1)
(157 60 60 2 0)
