(0 56 58 3 1)
(3 56 58 3 1)
(6 56 58 1 1)
(7 56 58 2 1)
(9 56 58 1 1)
(10 56 58 2 1)
(12 56 58 1 1)
(13 53 56 1/2 1)
(27/2 54 57 1/2 1)
(14 56 58 1/2 1)
(29/2 58 59 1/2 1)
(15 56 58 1 1)
(16 53 56 1/2 1)
(33/2 54 57 1/2 1)
(17 56 58 1/2 1)
(35/2 58 59 1/2 1)
(18 56 58 1/3 1)
(55/3 58 59 1/3 1)
(56/3 56 58 1/3 1)
(19 53 56 1/2 1)
(39/2 54 57 1/2 1)
(20 56 58 1/2 1)
(41/2 58 59 1/2 1)
(21 56 58 1/2 0)
(43/2 61 61 1/2 0)
(22 63 62 1/2 0)
(45/2 66 64 1/2 0)
(23 65 63 1/2 0)
(47/2 63 62 1/2 0)
(24 25 40 1/2 1)
(24 37 47 1/2 1)
(24 61 61 1/2 0)
(24 65 63 1/2 0)
(99/4 61 61 1/4 1)
(99/4 63 62 1/4 0)
(99/4 66 64 1/4 0)
(25 53 56 1 1)
(25 64 62 1 0)
(25 67 64 1 0)
(26 44 51 1 1)
(26 65 63 1 0)
(26 68 65 1 0)
(27 37 47 1/2 1)
(27 66 64 1/2 0)
(27 70 66 1/2 0)
(111/4 61 61 1/4 1)
(111/4 65 63 1/4 0)
(111/4 68 65 1/4 0)
(28 53 56 1 1)
(28 73 68 2 0)
(28 77 70 2 0)
(29 44 51 1 1)
(30 30 43 1/2 1)
(30 72 67 1/2 0)
(30 75 69 1/2 0)
(123/4 58 59 1/4 1)
(123/4 70 66 1/4 0)
(123/4 73 68 1/4 0)
(31 49 54 1 1)
(31 66 64 1 0)
(31 70 66 1 0)
(32 42 50 1 1)
(32 58 59 1 0)
(32 66 64 1 0)
(33 37 47 1/2 1)
(33 56 58 1/2 0)
(33 65 63 1/2 0)
(135/4 61 61 1/4 1)
(135/4 66 64 1/4 0)
(135/4 70 66 1/4 0)
(34 53 56 1 1)
(34 65 63 2 0)
(34 68 65 2 0)
(35 44 51 1 1)
(36 30 43 1/2 1)
(36 72 67 1/2 0)
(36 75 69 1/2 0)
(147/4 57 59 1/4 1)
(147/4 69 66 1/4 0)
(147/4 73 68 1/4 0)
(37 49 54 1 1)
(37 66 64 1 0)
(37 69 66 1 0)
(38 42 50 1 1)
(38 57 59 1 0)
(38 66 64 1 0)
(39 37 47 1/2 1)
(39 56 58 1/2 0)
(39 65 63 1/2 0)
(159/4 61 61 1/4 1)
(159/4 66 64 1/4 0)
(159/4 69 66 1/4 0)
(40 53 56 1 1)
(40 65 63 2 0)
(40 68 65 2 0)
(41 44 51 1 1)
(42 25 40 1/2 1)
(42 37 47 1/2 1)
(42 56 58 1/2 0)
(42 65 63 1/2 0)
(171/4 61 61 1/4 1)
(171/4 66 64 1/4 0)
(171/4 70 66 1/4 0)
(43 53 56 1 1)
(43 65 63 2 0)
(43 68 65 2 0)
(44 44 51 1 1)
(45 37 47 1/2 1)
(45 56 58 1/2 0)
(45 65 63 1/2 0)
(183/4 61 61 1/4 1)
(183/4 66 64 1/4 0)
(183/4 69 66 1/4 0)
(46 53 56 1 1)
(46 65 63 2 0)
(46 68 65 2 0)
(47 44 51 1 1)
(48 32 44 1/2 1)
(48 66 64 1/2 0)
(48 70 66 1/2 0)
(195/4 60 60 1/4 1)
(195/4 68 65 1/4 0)
(195/4 72 67 1/4 0)
(49 54 57 1 1)
(49 70 66 1 0)
(49 73 68 1 0)
(50 44 51 1 1)
(50 72 67 1 0)
(50 75 69 1 0)
(51 37 47 1/2 1)
(51 73 68 1/2 0)
(51 77 70 1/2 0)
(207/4 61 61 1/4 1)
(207/4 75 69 1/4 0)
(207/4 78 71 1/4 0)
(52 53 56 1 1)
(52 76 69 1 0)
(52 79 71 1 0)
(53 44 51 1 1)
(53 77 70 1 0)
(53 80 72 1 0)
(54 32 44 1/2 1)
(54 80 72 1/2 0)
(54 84 74 1/2 0)
(219/4 60 60 1/4 1)
(219/4 78 71 1/4 0)
(219/4 82 73 1/4 0)
(55 54 57 1 1)
(55 77 70 1 0)
(55 80 72 1 0)
(56 44 51 1 1)
(56 75 69 1 0)
(56 78 71 1 0)
(57 37 47 1/2 1)
(57 73 68 1/2 0)
(57 77 70 1/2 0)
(231/4 61 61 1/4 1)
(231/4 68 65 1/4 0)
(231/4 75 69 1/4 0)
(58 53 56 1 1)
(58 65 63 2 0)
(58 73 68 2 0)
(59 44 51 1 1)
(60 32 44 1/2 1)
(60 66 64 1/2 0)
(60 69 66 1/2 0)
(121/2 60 60 1/2 1)
(121/2 68 65 1/2 0)
(121/2 72 67 1/2 0)
(61 54 57 1 1)
(61 69 66 1 0)
(61 73 68 1 0)
(62 44 51 1 1)
(62 72 67 1 0)
(62 75 69 1 0)
(63 37 47 1/2 1)
(63 73 68 1/2 0)
(63 76 70 1/2 0)
(127/2 61 61 1/2 1)
(127/2 75 69 1/2 0)
(127/2 79 71 1/2 0)
(64 52 56 1 1)
(64 76 70 1 0)
(64 80 72 1 0)
(65 44 51 1 1)
(65 78 71 1 0)
(65 81 73 1 0)
(66 32 44 1/2 1)
(66 80 72 1/2 0)
(66 84 74 1/2 0)
(267/4 60 60 1/4 1)
(267/4 78 71 1/4 0)
(267/4 81 73 1/4 0)
(67 54 57 1 1)
(67 76 70 1 0)
(67 80 72 1 0)
(68 44 51 1 1)
(68 75 69 1 0)
(68 78 71 1 0)
(69 37 47 1/2 1)
(69 73 68 3/4 0)
(69 76 70 3/4 0)
(279/4 61 61 1/4 1)
(279/4 68 65 1/4 0)
(279/4 75 69 1/4 0)
(70 52 56 1 1)
(70 64 63 2 0)
(70 73 68 2 0)
(71 44 51 1 1)
(72 25 40 1/2 1)
(72 37 47 1/2 1)
(72 61 61 1/2 0)
(72 65 63 1/2 0)
(291/4 61 61 1/4 1)
(291/4 63 62 1/4 0)
(291/4 66 64 1/4 0)
(73 53 56 1 1)
(73 64 62 1 0)
(73 67 64 1 0)
(74 44 51 1 1)
(74 65 63 1 0)
(74 68 65 1 0)
(75 37 47 1/2 1)
(75 66 64 1/2 0)
(75 70 66 1/2 0)
(303/4 61 61 1/4 1)
(303/4 65 63 1/4 0)
(303/4 68 65 1/4 0)
(76 53 56 1 1)
(76 73 68 2 0)
(76 77 70 2 0)
(77 44 51 1 1)
(78 30 43 1/2 1)
(78 72 67 1/2 0)
(78 75 69 1/2 0)
(315/4 58 59 1/4 1)
(315/4 70 66 1/4 0)
(315/4 73 68 1/4 0)
(79 49 54 1 1)
(79 66 64 1 0)
(79 70 66 1 0)
(80 42 50 1 1)
(80 58 59 1 0)
(80 66 64 1 0)
(81 37 47 1/2 1)
(81 56 58 1/2 0)
(81 65 63 1/2 0)
(327/4 61 61 1/4 1)
(327/4 66 64 1/4 0)
(327/4 70 66 1/4 0)
(82 53 56 1 1)
(82 65 63 2 0)
(82 68 65 2 0)
(83 44 51 1 1)
(84 30 43 1/2 1)
(84 72 67 1/2 0)
(84 75 69 1/2 0)
(339/4 57 59 1/4 1)
(339/4 69 66 1/4 0)
(339/4 73 68 1/4 0)
(85 49 54 1 1)
(85 66 64 1 0)
(85 69 66 1 0)
(86 42 50 1 1)
(86 57 59 1 0)
(86 66 64 1 0)
(87 37 47 1/2 1)
(87 56 58 1/2 0)
(87 65 63 1/2 0)
(351/4 61 61 1/4 1)
(351/4 66 64 1/4 0)
(351/4 69 66 1/4 0)
(88 53 56 1 1)
(88 65 63 2 0)
(88 68 65 2 0)
(89 44 51 1 1)
(90 25 40 1/2 1)
(90 37 47 1/2 1)
(90 56 58 1/2 0)
(90 65 63 1/2 0)
(363/4 61 61 1/4 1)
(363/4 66 64 1/4 0)
(363/4 70 66 1/4 0)
(91 53 56 1 1)
(91 65 63 2 0)
(91 68 65 2 0)
(92 44 51 1 1)
(93 37 47 1/2 1)
(93 56 58 1/2 0)
(93 65 63 1/2 0)
(375/4 61 61 1/4 1)
(375/4 66 64 1/4 0)
(375/4 69 66 1/4 0)
(94 53 56 1 1)
(94 65 63 2 0)
(94 68 65 2 0)
(95 44 51 1 1)
(96 32 44 1/2 1)
(96 66 64 1/2 0)
(96 70 66 1/2 0)
(387/4 60 60 1/4 1)
(387/4 68 65 1/4 0)
(387/4 72 67 1/4 0)
(97 54 57 1 1)
(97 70 66 1 0)
(97 73 68 1 0)
(98 44 51 1 1)
(98 72 67 1 0)
(98 75 69 1 0)
(99 37 47 1/2 1)
(99 73 68 1/2 0)
(99 77 70 1/2 0)
(399/4 61 61 1/4 1)
(399/4 75 69 1/4 0)
(399/4 78 71 1/4 0)
(100 53 56 1 1)
(100 76 69 1 0)
(100 79 71 1 0)
(101 44 51 1 1)
(101 77 70 1 0)
(101 80 72 1 0)
(102 32 44 1/2 1)
(102 80 72 1/2 0)
(102 84 74 1/2 0)
(411/4 60 60 1/4 1)
(411/4 78 71 1/4 0)
(411/4 82 73 1/4 0)
(103 54 57 1 1)
(103 77 70 1 0)
(103 80 72 1 0)
(104 44 51 1 1)
(104 75 69 1 0)
(104 78 71 1 0)
(105 37 47 1/2 1)
(105 73 68 1/2 0)
(105 77 70 1/2 0)
(423/4 61 61 1/4 1)
(423/4 68 65 1/4 0)
(423/4 75 69 1/4 0)
(106 53 56 1 1)
(106 65 63 2 0)
(106 73 68 2 0)
(107 44 51 1 1)
(108 32 44 1/2 1)
(108 66 64 1/2 0)
(108 69 66 1/2 0)
(217/2 60 60 1/2 1)
(217/2 68 65 1/2 0)
(217/2 72 67 1/2 0)
(109 54 57 1 1)
(109 69 66 1 0)
(109 73 68 1 0)
(110 44 51 1 1)
(110 72 67 1 0)
(110 75 69 1 0)
(111 37 47 1/2 1)
(111 73 68 1/2 0)
(111 76 70 1/2 0)
(223/2 61 61 1/2 1)
(223/2 75 69 1/2 0)
(223/2 79 71 1/2 0)
(112 52 56 1 1)
(112 76 70 1 0)
(112 80 72 1 0)
(113 44 51 1 1)
(113 78 71 1 0)
(113 81 73 1 0)
(114 32 44 1/2 1)
(114 80 72 1/2 0)
(114 84 74 1/2 0)
(459/4 60 60 1/4 1)
(459/4 78 71 1/4 0)
(459/4 81 73 1/4 0)
(115 54 57 1 1)
(115 76 70 1 0)
(115 80 72 1 0)
(116 44 51 1 1)
(116 75 69 1 0)
(116 78 71 1 0)
(117 37 47 1/2 1)
(117 73 68 3/4 0)
(117 76 70 3/4 0)
(471/4 61 61 1/4 1)
(471/4 68 65 1/4 0)
(471/4 75 69 1/4 0)
(118 52 56 1 1)
(118 64 63 2 0)
(118 73 68 2 0)
(119 44 51 1 1)
(120 30 43 1 1)
(120 42 50 1 1)
(120 76 70 7/2 0)
(121 54 57 1 1)
(121 58 59 1 1)
(121 64 63 1 1)
(122 54 57 1 1)
(122 58 59 1 1)
(122 64 63 1 1)
(123 54 57 1 1)
(123 59 60 1 1)
(123 63 62 1 1)
(247/2 75 69 1/2 0)
(124 54 57 1 1)
(124 59 60 1 1)
(124 63 62 1 1)
(124 74 68 1/2 0)
(249/2 75 69 1/2 0)
(125 54 57 1 1)
(125 59 60 1 1)
(125 63 62 1 1)
(125 83 74 3/4 0)
(503/4 75 69 1/4 0)
(126 42 50 1 1)
(126 80 72 3/2 0)
(127 54 57 1 1)
(127 58 59 1 1)
(127 64 63 1 1)
(255/2 78 71 1/2 0)
(128 54 57 1 1)
(128 58 59 1 1)
(128 64 63 1 1)
(128 76 70 1/2 0)
(257/2 73 68 1/2 0)
(129 47 53 1 1)
(129 73 68 1/2 0)
(259/2 75 69 1/2 0)
(130 54 57 1 1)
(130 59 60 1 1)
(130 63 62 1 1)
(130 71 67 2 0)
(131 54 57 1 1)
(131 59 60 1 1)
(131 63 62 1 1)
(132 41 49 1 1)
(132 75 69 7/2 0)
(133 53 56 1 1)
(133 57 58 1 1)
(133 63 62 1 1)
(134 53 56 1 1)
(134 57 58 1 1)
(134 63 62 1 1)
(135 53 56 1 1)
(135 58 59 1 1)
(135 62 61 1 1)
(271/2 74 68 1/2 0)
(136 53 56 1 1)
(136 58 59 1 1)
(136 62 61 1 1)
(136 73 67 1/2 0)
(273/2 74 68 1/2 0)
(137 53 56 1 1)
(137 58 59 1 1)
(137 62 61 1 1)
(137 82 73 3/4 0)
(551/4 74 68 1/4 0)
(138 41 49 1 1)
(138 79 71 3/2 0)
(139 53 56 1 1)
(139 57 58 1 1)
(139 63 62 1 1)
(279/2 77 70 1/2 0)
(140 53 56 1 1)
(140 57 58 1 1)
(140 63 62 1 1)
(140 75 69 1/2 0)
(281/2 72 67 1/2 0)
(141 46 52 1 1)
(141 72 67 1/2 0)
(283/2 74 68 1/2 0)
(142 53 56 1 1)
(142 58 59 1 1)
(142 62 61 1 1)
(142 70 66 2 0)
(143 53 56 1 1)
(143 58 59 1 1)
(143 62 61 1 1)
(144 55 57 1 1)
(144 58 59 1 1)
(144 61 61 1 1)
(144 64 62 1 1)
(145 55 57 1 1)
(145 58 59 1 1)
(145 61 61 1 1)
(145 64 63 1 1)
(145 76 70 5/2 0)
(146 54 57 1 1)
(146 58 59 1 1)
(146 61 61 1 1)
(146 64 63 1 1)
(147 54 57 1 1)
(147 59 60 1 1)
(147 63 62 1 1)
(295/2 75 69 1/2 0)
(148 54 57 1 1)
(148 59 60 1 1)
(148 63 62 1 1)
(148 74 68 1/2 0)
(297/2 75 69 1/2 0)
(149 54 57 1 1)
(149 59 60 1 1)
(149 63 62 1 1)
(149 83 74 3/4 0)
(599/4 75 69 1/4 0)
(150 42 50 1 1)
(150 80 72 3/2 0)
(151 54 57 1 1)
(151 58 59 1 1)
(151 64 63 1 1)
(303/2 78 71 1/2 0)
(152 54 57 1 1)
(152 58 59 1 1)
(152 64 63 1 1)
(152 76 70 1/2 0)
(305/2 73 68 1/2 0)
(153 47 53 1 1)
(153 73 68 1/2 0)
(615/4 75 69 1/4 0)
(154 54 57 1 1)
(154 59 60 1 1)
(154 63 62 1 1)
(154 71 67 2 0)
(155 54 57 1 1)
(155 59 60 1 1)
(155 63 62 1 1)
(156 53 56 1 1)
(156 57 58 1 1)
(156 63 62 1 1)
(156 75 69 7/2 0)
(157 53 56 1 1)
(157 57 58 1 1)
(157 63 62 1 1)
(158 53 56 1 1)
(158 57 58 1 1)
(158 63 62 1 1)
(159 53 56 1 1)
(159 58 59 1 1)
(159 62 61 1 1)
(319/2 74 68 1/2 0)
(160 53 56 1 1)
(160 58 59 1 1)
(160 62 61 1 1)
(160 73 67 1/2 0)
(321/2 74 68 1/2 0)
(161 53 56 1 1)
(161 58 59 1 1)
(161 62 61 1 1)
(161 82 73 3/4 0)
(647/4 74 68 1/4 0)
(162 41 49 1 1)
(162 79 71 3/2 0)
(163 53 56 1 1)
(163 57 58 1 1)
(163 63 62 1 1)
(327/2 77 70 1/2 0)
(164 53 56 1 1)
(164 57 58 1 1)
(164 63 62 1 1)
(164 75 69 1/2 0)
(329/2 72 67 1/2 0)
(165 53 56 1 1)
(165 56 58 1 1)
(165 62 61 1 1)
(165 71 67 1 0)
(166 52 55 3 1)
(166 55 57 2 1)
(166 61 61 2 1)
(166 70 66 2 0)
(168 49 54 1 1)
(168 58 59 1 1)
(168 64 62 1/2 0)
(675/4 67 64 1/4 0)
(169 49 54 1 1)
(169 52 55 1 1)
(169 58 59 1 1)
(169 70 66 1 0)
(170 49 54 1 1)
(170 52 55 1 1)
(170 58 59 1 1)
(170 68 65 1 0)
(171 49 54 1 1)
(171 52 55 1 1)
(171 58 59 1 1)
(171 67 64 1 0)
(172 49 54 1 1)
(172 53 56 1 1)
(172 58 59 1 1)
(172 65 63 1 0)
(173 49 54 1 1)
(173 53 56 1 1)
(173 58 59 1 1)
(174 49 54 1 1)
(174 52 55 1 1)
(174 58 59 1 1)
(174 67 64 1/2 0)
(349/2 70 66 1/2 0)
(175 49 54 1 1)
(175 52 55 1 1)
(175 58 59 1 1)
(175 73 68 1 0)
(176 49 54 1 1)
(176 52 55 1 1)
(176 58 59 1 1)
(176 72 67 1 0)
(177 49 54 1 1)
(177 53 56 1 1)
(177 58 59 1 1)
(177 70 66 1 0)
(178 49 54 1 1)
(178 53 56 1 1)
(178 59 59 1 1)
(178 68 65 1 0)
(179 48 53 1 1)
(179 53 56 1 1)
(179 60 60 1 1)
(180 48 53 1 1)
(180 53 56 1 1)
(180 62 61 1 1)
(180 71 66 1/2 0)
(361/2 74 68 1/2 0)
(181 48 53 1 1)
(181 53 56 1 1)
(181 56 58 1 1)
(181 77 70 1 0)
(182 48 53 1 1)
(182 53 56 1 1)
(182 55 57 1 1)
(182 76 69 1 0)
(183 48 53 1 1)
(183 53 56 1 1)
(183 55 57 1 1)
(183 74 68 1 0)
(184 48 53 1 1)
(184 52 55 1 1)
(184 55 57 1 1)
(184 72 67 1 0)
(185 48 53 1 1)
(185 50 54 1 1)
(185 55 57 1 1)
(186 48 53 1 1)
(186 76 69 1/2 0)
(373/2 79 71 1/2 0)
(187 55 57 1 1)
(187 58 59 1 1)
(187 64 62 1 1)
(187 82 73 3/2 0)
(188 55 57 1 1)
(188 58 59 1 1)
(188 64 62 1 1)
(377/2 80 72 1/2 0)
(189 41 49 1 1)
(189 79 71 2 0)
(190 56 58 1 1)
(190 60 60 1 1)
(190 65 63 1 1)
(191 56 58 1 1)
(191 60 60 1 1)
(191 65 63 1 1)
(191 77 70 1 0)
(192 36 46 1 1)
(192 64 62 4 0)
(771/4 67 64 1/4 0)
(193 48 53 1 1)
(193 52 55 1 1)
(193 58 59 1 1)
(193 61 61 3/2 0)
(193 70 66 3/2 0)
(194 48 53 1 1)
(194 52 55 1 1)
(194 58 59 1 1)
(389/2 60 60 1/2 0)
(389/2 68 65 1/2 0)
(195 41 49 1 1)
(195 58 59 1 0)
(195 67 64 1 0)
(196 48 53 1 1)
(196 53 56 1 1)
(196 56 58 1 0)
(196 65 63 1 0)
(197 48 53 1 1)
(197 53 56 1 1)
(198 39 48 1 1)
(198 67 64 4 0)
(795/4 70 66 1/4 0)
(199 51 55 1 1)
(199 55 57 1 1)
(199 61 61 1 1)
(199 65 63 3/2 0)
(199 73 68 3/2 0)
(200 51 55 1 1)
(200 55 57 1 1)
(200 61 61 1 1)
(401/2 63 62 1/2 0)
(401/2 72 67 1/2 0)
(201 44 51 1 1)
(201 61 61 1 0)
(201 70 66 1 0)
(202 51 55 1 1)
(202 56 58 1 1)
(202 60 60 1 0)
(202 68 65 1 0)
(203 51 55 1 1)
(203 56 58 1 1)
(204 43 50 1 1)
(204 71 66 4 0)
(819/4 74 68 1/4 0)
(205 55 57 1 1)
(205 59 59 1 1)
(205 65 63 1 1)
(205 68 65 3/2 0)
(205 77 70 3/2 0)
(206 55 57 1 1)
(206 59 59 1 1)
(206 65 63 1 1)
(413/2 67 64 1/2 0)
(413/2 76 69 1/2 0)
(207 48 53 1 1)
(207 65 63 1 0)
(207 74 68 1 0)
(208 55 57 1 1)
(208 60 60 1 1)
(208 64 62 1 0)
(208 72 67 1 0)
(209 76 69 6 0)
(210 36 46 1 1)
(843/4 79 71 1/4 0)
(211 55 57 1 1)
(211 58 59 1 1)
(211 64 62 1 1)
(211 73 68 3/2 0)
(211 82 73 3/2 0)
(212 55 57 1 1)
(212 58 59 1 1)
(212 64 62 1 1)
(425/2 72 67 1/2 0)
(425/2 80 72 1/2 0)
(213 41 49 1 1)
(213 70 66 2 0)
(213 79 71 2 0)
(214 53 56 2 1)
(214 61 61 1 1)
(214 64 62 1 1)
(215 60 60 1 1)
(215 65 63 1 1)
(215 68 65 3/2 0)
(215 77 70 3/2 0)
(216 42 50 1 1)
(433/2 66 64 1/2 0)
(433/2 75 69 1/2 0)
(217 54 57 1 1)
(217 58 59 1 1)
(217 63 62 1 1)
(217 65 63 1/2 0)
(217 74 68 1/2 0)
(435/2 66 64 1/2 0)
(435/2 75 69 1/2 0)
(218 54 57 1 1)
(218 58 59 1 1)
(218 63 62 1 1)
(218 68 65 1/2 0)
(218 77 70 1/2 0)
(437/2 70 66 1/2 0)
(437/2 78 71 1/2 0)
(219 44 51 1 1)
(219 70 66 1/2 0)
(219 78 71 1/2 0)
(879/4 70 66 1/4 0)
(879/4 78 71 1/4 0)
(220 53 56 1 1)
(220 56 58 1 1)
(220 61 61 1 1)
(220 65 63 3/2 0)
(220 73 68 3/2 0)
(221 53 56 1 1)
(221 56 58 1 1)
(221 61 61 1 1)
(443/2 68 65 1/2 0)
(443/2 77 70 1/2 0)
(222 44 51 1 1)
(222 68 65 1/2 0)
(222 77 70 1/2 0)
(891/4 68 65 1/4 0)
(891/4 77 70 1/4 0)
(223 51 55 1 1)
(223 54 57 1 1)
(223 60 60 1 1)
(223 63 62 2 0)
(223 72 67 7/4 0)
(224 45 51 1 1)
(899/4 75 69 1/4 0)
(225 46 52 2 1)
(225 66 64 1 0)
(225 75 69 1/2 0)
(903/4 73 68 1/4 0)
(226 53 56 1 1)
(226 61 61 1 1)
(226 65 63 5/2 0)
(226 73 68 3/2 0)
(455/2 73 68 1 0)
(228 39 48 1 1)
(457/2 63 62 1/2 0)
(457/2 72 67 1/2 0)
(229 51 55 1 1)
(229 54 57 1 1)
(229 60 60 1 1)
(229 62 61 1/2 0)
(229 71 66 1/2 0)
(459/2 63 62 1/2 0)
(459/2 72 67 1/2 0)
(230 51 55 1 1)
(230 54 57 1 1)
(230 60 60 1 1)
(230 65 63 1/2 0)
(230 73 68 1/2 0)
(461/2 66 64 1/2 0)
(461/2 75 69 1/2 0)
(231 41 49 1 1)
(231 66 64 1/2 0)
(231 75 69 1/2 0)
(927/4 66 64 1/4 0)
(927/4 75 69 1/4 0)
(232 49 54 1 1)
(232 58 59 1 1)
(232 61 61 3/2 0)
(232 70 66 3/2 0)
(233 49 54 1 1)
(233 58 59 1 1)
(467/2 65 63 1/2 0)
(467/2 73 68 1/2 0)
(234 41 49 3 1)
(234 65 63 1/2 0)
(234 73 68 1/2 0)
(939/4 65 63 1/4 0)
(939/4 73 68 1/4 0)
(235 48 53 1 1)
(235 57 58 1 1)
(235 60 60 2 0)
(235 69 65 7/4 0)
(236 48 53 1 1)
(236 57 58 1 1)
(947/4 72 67 1/4 0)
(237 34 45 1 1)
(237 63 62 1 0)
(237 72 67 1/2 0)
(951/4 70 66 1/4 0)
(238 46 52 1 1)
(238 53 56 1 1)
(238 58 59 1 1)
(238 61 61 1 0)
(238 70 66 1 0)
(479/2 65 63 1/2 0)
(479/2 73 68 1/2 0)
(240 32 44 1 1)
(240 44 51 1 1)
(240 66 64 1 0)
(481/2 75 69 1/2 0)
(241 51 55 1 1)
(241 54 57 1 1)
(241 56 58 1 1)
(241 60 60 1 1)
(241 65 63 1/2 0)
(241 74 68 1/2 0)
(483/2 66 64 1/2 0)
(483/2 75 69 1/2 0)
(242 51 55 1 1)
(242 54 57 1 1)
(242 56 58 1 1)
(242 60 60 1 1)
(242 68 65 1/2 0)
(242 77 70 1/2 0)
(485/2 70 66 1/2 0)
(485/2 78 71 1/2 0)
(243 37 47 1 1)
(243 49 54 1 1)
(243 70 66 1/3 0)
(243 78 71 1/3 0)
(730/3 70 66 1/3 0)
(730/3 78 71 1/3 0)
(731/3 70 66 1/3 0)
(731/3 78 71 1/3 0)
(244 53 56 1 1)
(244 56 58 1 1)
(244 61 61 1 1)
(244 65 63 1 0)
(244 73 68 1 0)
(245 53 56 1 1)
(245 56 58 1 1)
(245 61 61 1 1)
(491/2 68 65 1/2 0)
(491/2 77 70 1/2 0)
(246 44 51 1 1)
(246 68 65 1/3 0)
(246 77 70 1/3 0)
(739/3 68 65 1/3 0)
(739/3 77 70 1/3 0)
(740/3 68 65 1/3 0)
(740/3 77 70 1/3 0)
(247 51 55 1 1)
(247 54 57 1 1)
(247 60 60 1 1)
(247 63 62 1 0)
(247 72 67 1 0)
(248 45 51 1 1)
(995/4 75 69 3/4 0)
(249 46 52 2 1)
(249 66 64 1 0)
(999/4 73 68 1/4 0)
(250 53 56 1 1)
(250 61 61 1 1)
(250 65 63 5/2 0)
(250 73 68 3/2 0)
(503/2 73 68 1 0)
(252 39 48 1 1)
(505/2 63 62 1/2 0)
(505/2 72 67 1/2 0)
(253 51 55 1 1)
(253 54 57 1 1)
(253 60 60 1 1)
(253 62 61 1/2 0)
(253 71 66 1/2 0)
(507/2 63 62 1/2 0)
(507/2 72 67 1/2 0)
(254 51 55 1 1)
(254 54 57 1 1)
(254 60 60 1 1)
(254 65 63 1/2 0)
(254 73 68 1/2 0)
(509/2 66 64 1/2 0)
(509/2 75 69 1/2 0)
(255 41 49 2 1)
(255 66 64 1/3 0)
(255 75 69 1/3 0)
(766/3 66 64 1/3 0)
(766/3 75 69 1/3 0)
(767/3 66 64 1/3 0)
(767/3 75 69 1/3 0)
(256 49 54 1 1)
(256 58 59 1 1)
(256 61 61 1 0)
(256 70 66 1 0)
(515/2 65 63 1/2 0)
(515/2 73 68 1/2 0)
(258 29 42 1 1)
(258 65 63 1/3 0)
(258 73 68 1/3 0)
(775/3 65 63 1/3 0)
(775/3 73 68 1/3 0)
(776/3 65 63 1/3 0)
(776/3 73 68 1/3 0)
(259 41 49 1 1)
(259 48 53 1 1)
(259 57 58 1 1)
(259 60 60 1 0)
(259 69 65 1 0)
(521/2 63 62 1/2 0)
(521/2 72 67 1/2 0)
(261 65 63 1/2 0)
(261 73 68 1/2 0)
(523/2 65 63 1/2 0)
(523/2 73 68 1/2 0)
(262 60 60 1 0)
(262 69 65 1 0)
(263 63 62 1 0)
(263 72 67 1 0)
(264 41 49 1 1)
(264 53 56 18 1)
(265 41 49 1 1)
(267 40 48 1 1)
(268 40 48 1 1)
(270 65 63 1/2 0)
(270 73 68 1/2 0)
(541/2 65 63 1/2 0)
(541/2 73 68 1/2 0)
(271 60 60 1 0)
(271 69 65 1 0)
(272 63 62 1 0)
(272 72 67 1 0)
(273 65 63 1/2 0)
(273 73 68 1/2 0)
(547/2 65 63 1/2 0)
(547/2 73 68 1/2 0)
(274 60 60 1 0)
(274 69 65 1 0)
(275 63 62 1 0)
(275 72 67 1 0)
(276 39 48 1 1)
(277 39 48 1 1)
(279 38 48 1 1)
(280 38 48 1 1)
(282 37 47 1/2 1)
(282 61 61 1/2 0)
(282 65 63 1/2 0)
(1131/4 61 61 1/4 1)
(1131/4 63 62 1/4 0)
(1131/4 66 64 1/4 0)
(283 53 56 1 1)
(283 64 62 1 0)
(283 67 64 1 0)
(284 44 51 1 1)
(284 65 63 1 0)
(284 68 65 1 0)
(285 37 47 1/2 1)
(285 66 64 1/2 0)
(285 70 66 1/2 0)
(1143/4 61 61 1/4 1)
(1143/4 65 63 1/4 0)
(1143/4 68 65 1/4 0)
(286 53 56 1 1)
(286 73 68 2 0)
(286 77 70 2 0)
(287 44 51 1 1)
(288 30 43 1/2 1)
(288 72 67 1/2 0)
(288 75 69 1/2 0)
(1155/4 58 59 1/4 1)
(1155/4 70 66 1/4 0)
(1155/4 73 68 1/4 0)
(289 49 54 1 1)
(289 66 64 1 0)
(289 70 66 1 0)
(290 42 50 1 1)
(290 58 59 1 0)
(290 66 64 1 0)
(291 37 47 1/2 1)
(291 56 58 1/2 0)
(291 65 63 1/2 0)
(1167/4 61 61 1/4 1)
(1167/4 66 64 1/4 0)
(1167/4 70 66 1/4 0)
(292 53 56 1 1)
(292 65 63 2 0)
(292 68 65 2 0)
(293 44 51 1 1)
(294 30 43 1/2 1)
(294 72 67 1/2 0)
(294 75 69 1/2 0)
(1179/4 57 59 1/4 1)
(1179/4 69 66 1/4 0)
(1179/4 73 68 1/4 0)
(295 49 54 1 1)
(295 66 64 1 0)
(295 69 66 1 0)
(296 42 50 1 1)
(296 57 59 1 0)
(296 66 64 1 0)
(297 37 47 1/2 1)
(297 56 58 1/2 0)
(297 65 63 1/2 0)
(1191/4 61 61 1/4 1)
(1191/4 66 64 1/4 0)
(1191/4 69 66 1/4 0)
(298 53 56 1 1)
(298 65 63 2 0)
(298 68 65 2 0)
(299 44 51 1 1)
(300 25 40 1/2 1)
(300 37 47 1/2 1)
(300 56 58 1/2 0)
(300 65 63 1/2 0)
(1203/4 61 61 1/4 1)
(1203/4 66 64 1/4 0)
(1203/4 70 66 1/4 0)
(301 53 56 1 1)
(301 65 63 2 0)
(301 68 65 2 0)
(302 44 51 1 1)
(303 37 47 1/2 1)
(303 56 58 1/2 0)
(303 65 63 1/2 0)
(1215/4 61 61 1/4 1)
(1215/4 66 64 1/4 0)
(1215/4 69 66 1/4 0)
(304 53 56 1 1)
(304 65 63 2 0)
(304 68 65 2 0)
(305 44 51 1 1)
(306 32 44 1/2 1)
(306 66 64 1/2 0)
(306 70 66 1/2 0)
(1227/4 60 60 1/4 1)
(1227/4 68 65 1/4 0)
(1227/4 72 67 1/4 0)
(307 54 57 1 1)
(307 70 66 1 0)
(307 73 68 1 0)
(308 44 51 1 1)
(308 72 67 1 0)
(308 75 69 1 0)
(309 37 47 1/2 1)
(309 73 68 1/2 0)
(309 77 70 1/2 0)
(1239/4 61 61 1/4 1)
(1239/4 75 69 1/4 0)
(1239/4 78 71 1/4 0)
(310 53 56 1 1)
(310 76 69 1 0)
(310 79 71 1 0)
(311 44 51 1 1)
(311 77 70 1 0)
(311 80 72 1 0)
(312 32 44 1/2 1)
(312 80 72 1/2 0)
(312 84 74 1/2 0)
(1251/4 60 60 1/4 1)
(1251/4 78 71 1/4 0)
(1251/4 82 73 1/4 0)
(313 54 57 1 1)
(313 77 70 1 0)
(313 80 72 1 0)
(314 44 51 1 1)
(314 75 69 1 0)
(314 78 71 1 0)
(315 37 47 1/2 1)
(315 73 68 1/2 0)
(315 77 70 1/2 0)
(1263/4 61 61 1/4 1)
(1263/4 68 65 1/4 0)
(1263/4 75 69 1/4 0)
(316 53 56 1 1)
(316 65 63 2 0)
(316 73 68 2 0)
(317 44 51 1 1)
(318 32 44 1/2 1)
(318 66 64 1/2 0)
(318 69 66 1/2 0)
(637/2 60 60 1/2 1)
(637/2 68 65 1/2 0)
(637/2 72 67 1/2 0)
(319 54 57 1 1)
(319 69 66 1 0)
(319 73 68 1 0)
(320 44 51 1 1)
(320 72 67 1 0)
(320 75 69 1 0)
(321 37 47 1/2 1)
(321 73 68 1/2 0)
(321 76 70 1/2 0)
(643/2 61 61 1/2 1)
(643/2 75 69 1/2 0)
(643/2 79 71 1/2 0)
(322 52 56 1 1)
(322 76 70 1 0)
(322 80 72 1 0)
(323 44 51 1 1)
(323 78 71 1 0)
(323 81 73 1 0)
(324 32 44 1/2 1)
(324 80 72 1/2 0)
(324 84 74 1/2 0)
(1299/4 60 60 1/4 1)
(1299/4 78 71 1/4 0)
(1299/4 81 73 1/4 0)
(325 54 57 1 1)
(325 76 70 1 0)
(325 80 72 1 0)
(326 44 51 1 1)
(326 75 69 1 0)
(326 78 71 1 0)
(327 37 47 1/2 1)
(327 73 68 1/2 0)
(327 76 70 1/2 0)
(655/2 61 61 1/2 1)
(655/2 68 65 1/2 0)
(655/2 75 69 1/2 0)
(328 52 56 1 1)
(328 64 63 2 0)
(328 73 68 2 0)
(329 44 51 1 1)
(330 49 54 3 1)
(330 56 58 3 1)
(330 65 63 3 0)
