(0 52 55 3/2 1)
(0 61 60 15/2 0)
(0 67 63 6 0)
(3/2 51 54 1/2 1)
(2 52 55 3/4 1)
(11/4 51 54 1/4 1)
(3 52 55 3/4 1)
(15/4 51 54 1/4 1)
(4 52 55 1 1)
(5 51 54 1 1)
(6 45 51 3/2 1)
(6 63 61 6 0)
(6 66 63 6 0)
(15/2 44 50 1/2 1)
(15/2 60 59 1/2 0)
(8 45 51 3/4 1)
(8 61 60 3/4 0)
(35/4 44 50 1/4 1)
(35/4 60 59 1/4 0)
(9 45 51 3/4 1)
(9 61 60 3/4 0)
(39/4 44 50 1/4 1)
(39/4 60 59 1/4 0)
(10 45 51 1 1)
(10 61 60 1 0)
(11 44 50 1 1)
(11 60 59 1 0)
(12 37 46 1 1)
(12 44 50 1 1)
(12 52 55 1 1)
(12 61 60 1/2 0)
(12 64 62 1/2 0)
(25/2 66 63 1/2 0)
(25/2 69 65 1/6 0)
(38/3 71 66 1/6 0)
(77/6 69 65 1/6 0)
(13 37 46 1 1)
(13 44 50 1 1)
(13 52 55 1 1)
(13 64 62 1/2 0)
(13 68 64 1/2 0)
(14 37 46 1 1)
(14 44 50 1 1)
(14 52 55 1 1)
(14 73 67 1 0)
(14 76 69 1 0)
(15 37 46 1 1)
(15 44 50 1 1)
(15 54 56 1 1)
(15 72 66 1/2 0)
(15 75 68 1/2 0)
(63/4 70 65 1/4 0)
(63/4 73 67 1/4 0)
(16 37 46 1 1)
(16 44 50 1 1)
(16 54 56 1 1)
(16 72 66 1 0)
(16 75 68 1 0)
(17 37 46 1 1)
(17 44 50 1 1)
(17 52 55 1 1)
(17 73 67 1 0)
(17 76 69 1 0)
(18 37 46 1 1)
(18 44 50 1 1)
(18 52 55 1 1)
(18 64 62 1/2 0)
(18 68 64 1/2 0)
(37/2 66 63 1/2 0)
(37/2 69 65 1/6 0)
(56/3 71 66 1/6 0)
(113/6 69 65 1/6 0)
(19 37 46 1 1)
(19 44 50 1 1)
(19 52 55 1 1)
(19 64 62 1/2 0)
(19 68 64 1/2 0)
(20 37 46 1 1)
(20 44 50 1 1)
(20 52 55 1 1)
(20 73 67 1 0)
(20 76 69 1 0)
(21 37 46 1 1)
(21 44 50 1 1)
(21 54 56 1 1)
(21 72 66 1/2 0)
(21 75 68 1/2 0)
(87/4 70 65 1/4 0)
(87/4 73 67 1/4 0)
(22 37 46 1 1)
(22 44 50 1 1)
(22 54 56 1 1)
(22 72 66 1 0)
(22 75 68 1 0)
(23 37 46 1 1)
(23 44 50 1 1)
(23 52 55 1 1)
(23 73 67 1 0)
(23 76 69 1 0)
(24 32 43 1 1)
(24 75 68 1/2 0)
(24 78 70 1/2 0)
(99/4 76 69 1/4 0)
(99/4 80 71 1/4 0)
(25 44 50 1 1)
(25 51 54 2 1)
(25 54 56 1 1)
(25 60 59 1 1)
(25 78 70 1 0)
(25 81 72 1 0)
(26 44 50 1 1)
(26 54 56 1 1)
(26 60 59 1 1)
(26 78 70 1/2 0)
(26 81 72 1/2 0)
(53/2 76 69 1/2 0)
(53/2 80 71 1/2 0)
(27 44 50 1 1)
(27 51 54 2 1)
(27 54 56 1 1)
(27 60 59 1 1)
(27 75 68 1/2 0)
(27 78 70 1/2 0)
(111/4 73 67 1/4 0)
(111/4 76 69 1/4 0)
(28 44 50 1 1)
(28 54 56 1 1)
(28 60 59 1 1)
(28 75 68 1 0)
(28 78 70 1 0)
(29 44 50 1 1)
(29 52 55 1 1)
(29 61 60 1 1)
(29 76 69 1 0)
(29 80 71 1 0)
(30 32 43 1 1)
(30 75 68 1/2 0)
(30 78 70 1/2 0)
(123/4 76 69 1/4 0)
(123/4 80 71 1/4 0)
(31 44 50 1 1)
(31 51 54 1 1)
(31 54 56 1 1)
(31 60 59 1 1)
(31 78 70 1 0)
(31 81 72 1 0)
(32 78 70 1/2 0)
(32 81 72 1/2 0)
(65/2 76 69 1/2 0)
(65/2 80 71 1/2 0)
(33 75 68 1/2 0)
(33 78 70 1/2 0)
(67/2 73 67 1/2 0)
(67/2 76 69 1/2 0)
(34 72 66 1/2 0)
(34 75 68 1/2 0)
(69/2 69 65 1 0)
(69/2 73 67 1 0)
(71/2 66 63 1/2 0)
(71/2 69 65 1/2 0)
(36 37 46 1 1)
(36 44 50 1 1)
(36 52 55 1 1)
(36 64 62 1/2 0)
(36 68 64 1/2 0)
(73/2 66 63 1/2 0)
(73/2 69 65 1/6 0)
(110/3 71 66 1/6 0)
(221/6 69 65 1/6 0)
(37 37 46 1 1)
(37 44 50 1 1)
(37 52 55 1 1)
(37 64 62 1/2 0)
(37 68 64 1/2 0)
(38 37 46 1 1)
(38 44 50 1 1)
(38 52 55 1 1)
(38 73 67 1 0)
(38 76 69 1 0)
(39 37 46 1 1)
(39 44 50 1 1)
(39 54 56 1 1)
(39 72 66 1/2 0)
(39 75 68 1/2 0)
(159/4 70 65 1/4 0)
(159/4 73 67 1/4 0)
(40 37 46 1 1)
(40 44 50 1 1)
(40 54 56 1 1)
(40 72 66 1 0)
(40 75 68 1 0)
(41 37 46 1 1)
(41 44 50 1 1)
(41 52 55 1 1)
(41 73 67 1 0)
(41 76 69 1 0)
(42 37 46 1 1)
(42 44 50 1 1)
(42 52 55 1 1)
(42 64 62 1/2 0)
(42 68 64 1/2 0)
(85/2 66 63 1/2 0)
(85/2 69 65 1/6 0)
(128/3 71 66 1/6 0)
(257/6 69 65 1/6 0)
(43 37 46 1 1)
(43 44 50 1 1)
(43 52 55 1 1)
(43 64 62 1/2 0)
(43 68 64 1/2 0)
(44 37 46 1 1)
(44 44 50 1 1)
(44 52 55 1 1)
(44 73 67 1 0)
(44 76 69 1 0)
(45 37 46 1 1)
(45 44 50 1 1)
(45 54 56 1 1)
(45 72 66 1/2 0)
(45 75 68 1/2 0)
(183/4 70 65 1/4 0)
(183/4 73 67 1/4 0)
(46 37 46 1 1)
(46 44 50 1 1)
(46 54 56 1 1)
(46 72 66 1 0)
(46 75 68 1 0)
(47 37 46 1 1)
(47 44 50 1 1)
(47 52 55 1 1)
(47 73 67 1 0)
(47 76 69 1 0)
(48 35 45 1 1)
(48 75 68 1/2 0)
(48 78 70 1/2 0)
(195/4 76 69 1/4 0)
(195/4 80 71 1/4 0)
(49 47 52 1 1)
(49 54 56 4 1)
(49 57 58 1 1)
(49 63 61 1 1)
(49 78 70 1 0)
(49 81 72 1 0)
(50 47 52 1 1)
(50 57 58 1 1)
(50 63 61 1 1)
(50 78 70 1/2 0)
(50 81 72 1/2 0)
(101/2 76 69 1/2 0)
(101/2 80 71 1/2 0)
(51 47 52 1 1)
(51 57 58 1 1)
(51 63 61 1 1)
(51 75 68 1/2 0)
(51 78 70 1/2 0)
(207/4 73 67 1/4 0)
(207/4 76 69 1/4 0)
(52 47 52 1 1)
(52 57 58 1 1)
(52 63 61 1 1)
(52 75 68 1 0)
(52 78 70 1 0)
(53 47 52 1 1)
(53 52 55 1 1)
(53 56 57 1 1)
(53 64 62 1 1)
(53 76 69 1 0)
(53 80 71 1 0)
(54 47 52 1 1)
(54 54 56 5 1)
(54 57 58 1 1)
(54 63 61 1 1)
(54 75 68 2/5 0)
(54 78 70 2/5 0)
(272/5 76 69 2/5 0)
(272/5 80 71 2/5 0)
(274/5 78 70 2/5 0)
(274/5 81 72 2/5 0)
(55 47 52 1 1)
(55 57 58 1 1)
(55 63 61 1 1)
(276/5 80 71 2/5 0)
(276/5 83 73 2/5 0)
(278/5 83 73 2/5 0)
(278/5 87 75 2/5 0)
(56 81 72 1/2 0)
(56 85 74 1/2 0)
(113/2 78 70 1/2 0)
(113/2 81 72 1/2 0)
(57 47 52 1 1)
(57 57 58 1 1)
(57 63 61 1 1)
(57 75 68 1/2 0)
(57 78 70 1/2 0)
(231/4 73 67 1/4 0)
(231/4 76 69 1/4 0)
(58 47 52 1 1)
(58 57 58 1 1)
(58 63 61 1 1)
(58 75 68 1 0)
(58 78 70 1 0)
(59 52 55 1 1)
(59 56 57 1 1)
(59 64 62 1 1)
(59 76 69 1 0)
(59 80 71 1 0)
(60 42 49 1 1)
(60 74 68 1/2 0)
(60 78 70 1/2 0)
(243/4 69 65 1/4 0)
(61 54 56 1 1)
(61 57 58 1 1)
(61 62 61 1 1)
(61 74 68 3/2 0)
(61 78 70 3/2 0)
(125/2 73 67 1/2 0)
(125/2 76 69 1/2 0)
(63 56 57 1 1)
(63 63 61 1 1)
(63 66 63 1 1)
(63 72 66 1/2 0)
(63 75 68 1/2 0)
(255/4 70 65 1/4 0)
(255/4 73 67 1/4 0)
(64 56 57 1 1)
(64 63 61 1 1)
(64 66 63 1 1)
(64 72 66 1 0)
(64 75 68 1 0)
(65 61 60 1 1)
(65 64 62 1 1)
(65 73 67 1 0)
(65 76 69 1 0)
(66 42 49 1 1)
(66 69 65 1 0)
(67 54 56 1/2 1)
(67 62 61 1/2 1)
(67 69 65 1/2 1)
(67 86 75 1/2 0)
(67 90 77 1/2 0)
(137/2 73 67 1/2 0)
(137/2 76 69 1/2 0)
(69 56 57 1 1)
(69 63 61 1 1)
(69 66 63 1 1)
(69 72 66 1/2 0)
(69 75 68 1/2 0)
(279/4 70 65 1/4 0)
(279/4 73 67 1/4 0)
(70 56 57 1 1)
(70 63 61 1 1)
(70 66 63 1 1)
(70 72 66 1 0)
(70 75 68 1 0)
(71 61 60 1 1)
(71 64 62 1 1)
(71 73 67 1 0)
(71 76 69 1 0)
(72 42 49 1 1)
(72 69 65 1 0)
(73 54 56 1/2 1)
(73 62 61 1/2 1)
(73 69 65 1/2 1)
(73 93 79 1/2 0)
(149/2 73 67 1/2 0)
(149/2 76 69 1/2 0)
(75 56 57 1 1)
(75 63 61 1 1)
(75 66 63 1 1)
(75 72 66 1/2 0)
(75 75 68 1/2 0)
(303/4 70 65 1/4 0)
(303/4 73 67 1/4 0)
(76 56 57 1 1)
(76 63 61 1 1)
(76 66 63 1 1)
(76 72 66 1 0)
(76 75 68 1 0)
(77 61 60 1 1)
(77 64 62 1 1)
(77 73 67 1 0)
(77 76 69 1 0)
(78 42 49 1 1)
(78 69 65 1 0)
(79 54 56 1/2 1)
(79 62 61 1/2 1)
(79 69 65 1/2 1)
(79 98 82 1/2 0)
(161/2 73 67 1/2 0)
(161/2 76 69 1/2 0)
(81 56 57 1 1)
(81 63 61 1 1)
(81 66 63 1 1)
(81 72 66 1/2 0)
(81 75 68 1/2 0)
(327/4 70 65 1/4 0)
(327/4 73 67 1/4 0)
(82 56 57 1 1)
(82 63 61 1 1)
(82 66 63 1 1)
(82 72 66 1 0)
(82 75 68 1 0)
(83 61 60 1 1)
(83 64 62 1 1)
(83 73 67 1 0)
(83 76 69 1 0)
(84 56 57 1 1)
(84 63 61 1 1)
(84 72 66 1/2 0)
(84 75 68 1/2 0)
(169/2 70 65 1/2 0)
(169/2 73 67 1/2 0)
(85 56 57 1 1)
(85 63 61 1 1)
(85 72 66 1 0)
(85 75 68 1 0)
(86 61 60 1 1)
(86 64 62 1 1)
(86 73 67 1 0)
(86 76 69 1 0)
(87 56 57 1 1)
(87 63 61 1 1)
(87 72 66 1/2 0)
(87 75 68 1/2 0)
(175/2 70 65 1/2 0)
(175/2 73 67 1/2 0)
(88 56 57 1 1)
(88 63 61 1 1)
(88 72 66 1 0)
(88 75 68 1 0)
(89 61 60 1 1)
(89 64 62 1 1)
(89 73 67 1 0)
(89 76 69 1 0)
(90 56 57 3 1)
(90 63 61 3 1)
(90 72 66 3 0)
(90 75 68 3 0)
(91 68 64 2 1)
(91 80 71 2 0)
(93 68 64 1 1)
(93 80 71 1 0)
(94 68 64 2 1)
(94 80 71 2 0)
(96 44 50 1/2 1)
(96 78 70 2 0)
(387/4 55 56 1/4 1)
(97 56 57 1 1)
(97 60 59 1 1)
(97 66 63 1 1)
(98 44 50 1 1)
(98 76 69 1/2 0)
(197/2 75 68 1/2 0)
(99 49 53 3/4 1)
(99 76 69 1/2 0)
(399/4 55 56 1/4 1)
(399/4 76 69 1/4 0)
(100 56 57 1 1)
(100 61 60 1 1)
(100 64 62 1 1)
(100 73 67 1 0)
(101 49 53 1 1)
(101 80 71 1 0)
(102 44 50 1/2 1)
(102 78 70 2 0)
(411/4 55 56 1/4 1)
(103 56 57 1 1)
(103 60 59 1 1)
(103 66 63 1 1)
(104 44 50 1 1)
(104 76 69 1/2 0)
(209/2 75 68 1/2 0)
(105 49 53 1/2 1)
(105 76 69 1/2 0)
(423/4 55 56 1/4 1)
(423/4 76 69 1/4 0)
(106 56 57 1 1)
(106 61 60 1 1)
(106 64 62 1 1)
(106 73 67 1 0)
(107 49 53 1 1)
(107 68 64 1 0)
(108 44 50 1/2 1)
(108 78 70 2 0)
(435/4 55 56 1/4 1)
(109 56 57 1 1)
(109 60 59 1 1)
(109 66 63 1 1)
(110 44 50 1 1)
(110 76 69 1/2 0)
(221/2 75 68 1/2 0)
(111 49 53 1/2 1)
(111 76 69 1/2 0)
(447/4 55 56 1/4 1)
(447/4 76 69 1/4 0)
(112 56 57 1 1)
(112 61 60 1 1)
(112 64 62 1 1)
(112 73 67 1 0)
(113 49 53 1 1)
(113 80 71 1 0)
(114 32 43 1/2 1)
(114 68 64 6 0)
(459/4 50 53 1/4 1)
(115 51 54 1 1)
(115 56 57 1 1)
(115 59 59 1 1)
(116 44 50 1 1)
(117 32 43 1/2 1)
(471/4 50 53 1/4 1)
(118 51 54 1 1)
(118 56 57 1 1)
(118 59 59 1 1)
(119 44 50 1 1)
(120 39 47 1/2 1)
(120 73 67 2 0)
(483/4 50 53 1/4 1)
(121 51 54 1 1)
(121 55 56 1 1)
(121 61 60 1 1)
(122 39 47 1 1)
(122 71 66 1/2 0)
(245/2 70 65 1/2 0)
(123 44 50 1/2 1)
(123 71 66 1/2 0)
(495/4 50 53 1/4 1)
(495/4 71 66 1/4 0)
(124 51 54 1 1)
(124 56 57 1 1)
(124 59 59 1 1)
(124 68 64 1 0)
(125 44 50 1 1)
(125 75 68 1 0)
(126 39 47 1/2 1)
(126 73 67 2 0)
(507/4 50 53 1/4 1)
(127 51 54 1 1)
(127 55 56 1 1)
(127 61 60 1 1)
(128 39 47 1 1)
(128 71 66 1/2 0)
(257/2 70 65 1/2 0)
(129 44 50 1/2 1)
(129 71 66 1/2 0)
(519/4 50 53 1/4 1)
(519/4 71 66 1/4 0)
(130 51 54 1 1)
(130 56 57 1 1)
(130 59 59 1 1)
(130 68 64 1 0)
(131 44 50 1 1)
(131 63 61 1 0)
(132 39 47 1/2 1)
(132 73 67 2 0)
(531/4 50 53 1/4 1)
(133 51 54 1 1)
(133 55 56 1 1)
(133 61 60 1 1)
(134 39 47 1 1)
(134 71 66 1/2 0)
(269/2 70 65 1/2 0)
(135 44 50 1/2 1)
(135 71 66 1/2 0)
(543/4 50 53 1/4 1)
(543/4 71 66 1/4 0)
(136 51 54 1 1)
(136 56 57 1 1)
(136 59 59 1 1)
(136 68 64 1 0)
(137 63 61 1 1)
(137 75 68 1 0)
(138 59 59 3/4 1)
(138 71 66 3/4 0)
(555/4 59 59 1/4 1)
(555/4 71 66 1/4 0)
(139 56 57 1 1)
(139 68 64 1 0)
(140 63 61 1 1)
(140 75 68 1 0)
(141 66 63 3/4 1)
(141 78 70 3/4 0)
(567/4 68 64 1/4 1)
(567/4 80 71 1/4 0)
(142 66 63 1/2 1)
(142 78 70 3/4 0)
(571/4 80 71 1/4 0)
(143 78 70 3/4 0)
(575/4 80 71 1/4 0)
(144 44 50 1/2 1)
(144 78 70 2 0)
(579/4 55 56 1/4 1)
(145 56 57 1 1)
(145 60 59 1 1)
(145 66 63 1 1)
(146 44 50 1 1)
(146 76 69 1/2 0)
(293/2 75 68 1/2 0)
(147 49 53 1/2 1)
(147 76 69 1/2 0)
(591/4 55 56 1/4 1)
(591/4 76 69 1/4 0)
(148 56 57 1 1)
(148 61 60 1 1)
(148 64 62 1 1)
(148 73 67 1 0)
(149 49 53 1 1)
(149 80 71 7 0)
(150 44 50 1/2 1)
(150 78 70 2 0)
(603/4 55 56 1/4 1)
(151 56 57 1 1)
(151 60 59 1 1)
(151 66 63 1 1)
(152 44 50 1 1)
(152 76 69 1/2 0)
(305/2 75 68 1/2 0)
(153 49 53 1/2 1)
(153 76 69 1/2 0)
(615/4 55 56 1/4 1)
(615/4 76 69 1/4 0)
(154 56 57 1 1)
(154 61 60 1 1)
(154 64 62 1 1)
(154 73 67 1 0)
(155 49 53 1 1)
(155 68 64 7 0)
(156 44 50 1/2 1)
(156 78 70 2 0)
(627/4 55 56 1/4 1)
(157 56 57 1 1)
(157 60 59 1 1)
(157 66 63 1 1)
(158 44 50 1 1)
(158 76 69 1/2 0)
(317/2 75 68 1/2 0)
(159 49 53 1/2 1)
(159 76 69 1/2 0)
(639/4 55 56 1/4 1)
(639/4 76 69 1/4 0)
(160 56 57 1 1)
(160 61 60 1 1)
(160 64 62 1 1)
(160 73 67 1 0)
(161 49 53 1 1)
(161 80 71 1 0)
(162 44 50 1/2 1)
(162 68 64 6 0)
(651/4 50 53 1/4 1)
(163 51 54 1 1)
(163 56 57 1 1)
(163 59 59 1 1)
(164 44 50 1 1)
(165 32 43 1/2 1)
(663/4 50 53 1/4 1)
(166 51 54 1 1)
(166 56 57 1 1)
(166 59 59 1 1)
(167 44 50 1 1)
(168 39 47 1/2 1)
(168 73 67 2 0)
(675/4 50 53 1/4 1)
(169 51 54 1 1)
(169 55 56 1 1)
(169 61 60 1 1)
(170 39 47 1 1)
(170 71 66 1/2 0)
(341/2 70 65 1/2 0)
(171 44 50 1/2 1)
(171 71 66 1/2 0)
(687/4 50 53 1/4 1)
(687/4 71 66 1/4 0)
(172 51 54 1 1)
(172 56 57 1 1)
(172 59 59 1 1)
(172 68 64 1 0)
(173 44 50 1 1)
(173 75 68 7 0)
(174 39 47 1/2 1)
(174 73 67 2 0)
(699/4 50 53 1/4 1)
(175 51 54 1 1)
(175 55 56 1 1)
(175 61 60 1 1)
(176 39 47 1 1)
(176 71 66 1/2 0)
(353/2 70 65 1/2 0)
(177 44 50 1/2 1)
(177 71 66 1/2 0)
(711/4 50 53 1/4 1)
(711/4 71 66 1/4 0)
(178 51 54 1 1)
(178 56 57 1 1)
(178 59 59 1 1)
(178 68 64 1 0)
(179 44 50 1 1)
(179 63 61 4 0)
(180 39 47 1/2 1)
(180 73 67 2 0)
(723/4 50 53 1/4 1)
(181 51 54 1 1)
(181 55 56 1 1)
(181 61 60 1 1)
(182 39 47 1 1)
(182 71 66 1/2 0)
(365/2 70 65 1/2 0)
(183 44 50 1/2 1)
(183 71 66 1/2 0)
(735/4 50 53 1/4 1)
(735/4 71 66 1/4 0)
(184 51 54 1 1)
(184 56 57 1 1)
(184 59 59 1 1)
(184 68 64 1 0)
(185 63 61 1 1)
(185 75 68 1 0)
(186 59 59 3/4 1)
(186 71 66 3/4 0)
(747/4 59 59 1/4 1)
(747/4 71 66 1/4 0)
(187 56 57 2 1)
(187 68 64 2 0)
(188 63 61 1 1)
(188 75 68 1 0)
(189 59 59 3/4 1)
(189 71 66 3/4 0)
(759/4 59 59 1/4 1)
(759/4 71 66 1/4 0)
(190 55 57 2 1)
(190 67 64 3 0)
(191 63 61 1 1)
(191 75 68 1 0)
(192 42 49 1 1)
(192 75 68 3/2 0)
(193 54 56 1 1)
(193 58 58 1 1)
(193 64 62 1 1)
(193 66 63 1 0)
(387/2 73 67 1/2 0)
(194 54 56 1 1)
(194 58 58 1 1)
(194 64 62 1 1)
(194 66 63 2 0)
(194 72 66 1/2 0)
(389/2 73 67 1/2 0)
(195 47 52 1 1)
(195 76 69 3/2 0)
(196 54 56 1 1)
(196 59 59 1 1)
(196 63 61 1 1)
(196 66 63 1 0)
(196 71 66 1 0)
(393/2 75 68 1/2 0)
(197 54 56 1 1)
(197 59 59 1 1)
(197 63 61 1 1)
(197 66 63 2 0)
(197 71 66 1 0)
(197 75 68 1 0)
(198 46 51 1 1)
(198 78 70 3/2 0)
(199 54 56 1 1)
(199 61 60 1 1)
(199 64 62 1 1)
(199 66 63 1 0)
(199 73 67 1 0)
(399/2 78 70 1/2 0)
(200 54 56 1 1)
(200 61 60 1 1)
(200 64 62 1 1)
(200 66 63 2 0)
(200 73 67 1 0)
(200 77 69 3/4 0)
(803/4 76 69 1/4 0)
(201 47 52 1 1)
(201 76 69 2 0)
(202 54 56 1 1)
(202 59 59 1 1)
(202 63 61 1 1)
(202 66 63 1 0)
(202 71 66 1 0)
(203 54 56 1 1)
(203 59 59 1 1)
(203 63 61 1 1)
(203 66 63 1 0)
(203 71 66 1 0)
(203 75 68 1 0)
(204 46 51 1 1)
(204 78 70 1/2 0)
(409/2 77 69 1/2 0)
(205 58 58 1 1)
(205 65 62 1 1)
(205 68 64 1 0)
(205 74 67 1 0)
(205 76 68 1 0)
(206 58 58 1 1)
(206 65 62 1 1)
(206 68 64 1 0)
(206 74 67 1 0)
(206 77 69 1 0)
(207 39 47 1 1)
(207 80 71 3/2 0)
(208 51 54 1 1)
(208 58 58 1 1)
(208 66 63 1 1)
(208 70 65 1 0)
(208 75 68 1 0)
(417/2 78 70 1/2 0)
(209 51 54 1 1)
(209 58 58 1 1)
(209 66 63 1 1)
(209 70 65 2 0)
(209 75 68 1 0)
(209 78 70 1 0)
(210 38 46 1 1)
(210 82 72 3/2 0)
(211 50 53 1 1)
(211 58 58 1 1)
(211 65 62 1 1)
(211 69 65 1 0)
(211 77 69 1 0)
(423/2 82 72 1/2 0)
(212 50 53 1 1)
(212 58 58 1 1)
(212 65 62 1 1)
(212 69 65 2 0)
(212 77 69 1 0)
(212 81 71 3/4 0)
(851/4 80 71 1/4 0)
(213 39 47 1 1)
(213 80 71 2 0)
(214 51 54 1 1)
(214 58 58 1 1)
(214 66 63 1 1)
(214 70 65 1 0)
(214 75 68 1 0)
(215 51 54 1 1)
(215 58 58 1 1)
(215 66 63 1 1)
(215 70 65 1 0)
(215 75 68 1 0)
(215 78 70 1 0)
(216 37 46 1 1)
(216 49 53 1 1)
(216 70 65 1/2 0)
(216 78 70 1/2 0)
(216 82 72 1/2 0)
(867/4 68 64 1/4 0)
(867/4 77 69 1/4 0)
(867/4 80 71 1/4 0)
(217 56 57 1 1)
(217 59 59 1 1)
(217 61 60 1 1)
(217 65 62 1 1)
(217 67 63 1 0)
(217 76 68 1 0)
(217 79 70 1 0)
(218 56 57 1 1)
(218 59 59 1 1)
(218 61 60 1 1)
(218 65 62 1 1)
(218 68 64 1 0)
(218 77 69 1 0)
(218 80 71 1 0)
(219 30 42 1/2 1)
(219 42 49 1/2 1)
(219 71 66 1/2 0)
(219 80 71 1/2 0)
(219 83 73 1/2 0)
(879/4 54 56 1/4 1)
(879/4 61 60 1/4 1)
(879/4 66 63 1/4 1)
(879/4 70 65 1/4 0)
(879/4 78 70 1/4 0)
(879/4 82 72 1/4 0)
(220 54 56 2 1)
(220 61 60 2 1)
(220 66 63 2 1)
(220 70 65 11/4 0)
(220 78 70 11/4 0)
(220 82 72 11/4 0)
(222 32 43 1 1)
(222 44 50 1 1)
(891/4 68 64 1/4 0)
(891/4 76 69 1/4 0)
(891/4 80 71 1/4 0)
(223 52 55 1 1)
(223 59 59 1 1)
(223 64 62 1 1)
(223 68 64 1 0)
(223 76 69 1 0)
(223 80 71 1 0)
(224 34 44 1 1)
(224 46 51 1 1)
(224 70 65 3/4 0)
(224 78 70 3/4 0)
(224 82 72 3/4 0)
(899/4 68 64 1/4 0)
(899/4 76 69 1/4 0)
(899/4 80 71 1/4 0)
(225 35 45 1/2 1)
(225 47 52 1/2 1)
(225 68 64 1/2 0)
(225 76 69 1/2 0)
(225 80 71 1/2 0)
(903/4 51 54 1/4 1)
(903/4 54 56 1/4 1)
(903/4 59 59 1/4 1)
(903/4 63 61 1/4 1)
(903/4 66 63 1/4 0)
(903/4 75 68 1/4 0)
(903/4 78 70 1/4 0)
(226 51 54 2 1)
(226 54 56 2 1)
(226 59 59 2 1)
(226 63 61 2 1)
(226 66 63 11/4 0)
(226 75 68 11/4 0)
(226 78 70 11/4 0)
(228 40 48 1/2 1)
(228 52 55 1/2 1)
(915/4 55 56 1/4 1)
(915/4 66 63 1/4 0)
(915/4 68 64 1/4 0)
(229 56 57 1 1)
(229 66 63 1 0)
(229 68 64 1 0)
(230 61 60 1 1)
(230 64 62 1 0)
(230 73 67 1 0)
(230 76 69 1 0)
(231 42 49 1/2 1)
(927/4 53 55 1/4 1)
(927/4 64 62 1/4 0)
(927/4 66 63 1/4 0)
(232 54 56 1 1)
(232 64 62 1 0)
(232 66 63 1 0)
(233 59 59 1 1)
(233 63 61 7/4 0)
(233 71 66 7/4 0)
(233 75 68 7/4 0)
(234 42 49 1 1)
(939/4 61 60 1/4 0)
(939/4 70 65 1/4 0)
(939/4 73 67 1/4 0)
(235 54 56 1 1)
(235 58 58 1 1)
(235 60 59 1 0)
(235 64 62 1 1)
(235 69 64 1 0)
(235 72 66 1 0)
(236 54 56 1 1)
(236 58 58 1 1)
(236 61 60 1 0)
(236 64 62 1 1)
(236 70 65 1 0)
(236 73 67 1 0)
(237 47 52 2 1)
(237 68 64 2 0)
(237 76 69 2 0)
(237 80 71 2 0)
(238 56 57 1 1)
(238 59 59 1 1)
(238 64 62 1 1)
(239 54 56 1 1)
(239 59 59 1 1)
(239 63 61 1 1)
(239 66 63 2 0)
(239 75 68 1 0)
(239 78 70 1 0)
(240 42 49 1 1)
(240 75 68 3/2 0)
(241 54 56 1 1)
(241 58 58 1 1)
(241 64 62 1 1)
(241 66 63 1 0)
(483/2 73 67 1/2 0)
(242 54 56 1 1)
(242 58 58 1 1)
(242 64 62 1 1)
(242 66 63 2 0)
(242 72 66 1/2 0)
(485/2 73 67 1/2 0)
(243 47 52 1 1)
(243 76 69 3/2 0)
(244 54 56 1 1)
(244 59 59 1 1)
(244 63 61 1 1)
(244 66 63 1 0)
(244 71 66 1 0)
(489/2 75 68 1/2 0)
(245 54 56 1 1)
(245 59 59 1 1)
(245 63 61 1 1)
(245 66 63 2 0)
(245 71 66 1 0)
(245 75 68 1 0)
(246 46 51 1 1)
(246 78 70 3/2 0)
(247 54 56 1 1)
(247 61 60 1 1)
(247 64 62 1 1)
(247 66 63 1 0)
(247 73 67 1 0)
(495/2 78 70 1/2 0)
(248 54 56 1 1)
(248 61 60 1 1)
(248 64 62 1 1)
(248 66 63 2 0)
(248 73 67 1 0)
(248 77 69 3/4 0)
(995/4 76 69 1/4 0)
(249 47 52 1 1)
(249 76 69 2 0)
(250 54 56 1 1)
(250 59 59 1 1)
(250 63 61 1 1)
(250 66 63 1 0)
(250 71 66 1 0)
(251 54 56 1 1)
(251 59 59 1 1)
(251 63 61 1 1)
(251 66 63 1 0)
(251 71 66 1 0)
(251 75 68 1 0)
(252 46 51 1 1)
(252 78 70 1/2 0)
(505/2 77 69 1/2 0)
(253 58 58 1 1)
(253 65 62 1 1)
(253 68 64 1 0)
(253 74 67 1 0)
(253 76 68 1 0)
(254 58 58 1 1)
(254 65 62 1 1)
(254 68 64 1 0)
(254 74 67 1 0)
(254 77 69 1 0)
(255 39 47 1 1)
(255 80 71 3/2 0)
(256 51 54 1 1)
(256 58 58 1 1)
(256 66 63 1 1)
(256 70 65 1 0)
(256 75 68 1 0)
(513/2 78 70 1/2 0)
(257 51 54 1 1)
(257 58 58 1 1)
(257 66 63 1 1)
(257 70 65 2 0)
(257 75 68 1 0)
(257 78 70 1 0)
(258 38 46 1 1)
(258 82 72 3/2 0)
(259 50 53 1 1)
(259 58 58 1 1)
(259 65 62 1 1)
(259 70 65 1 0)
(259 77 69 1 0)
(519/2 82 72 1/2 0)
(260 50 53 1 1)
(260 58 58 1 1)
(260 65 62 1 1)
(260 70 65 2 0)
(260 77 69 1 0)
(260 81 71 3/4 0)
(1043/4 80 71 1/4 0)
(261 39 47 1 1)
(261 80 71 2 0)
(262 51 54 1 1)
(262 58 58 1 1)
(262 66 63 1 1)
(262 70 65 1 0)
(262 75 68 1 0)
(263 51 54 1 1)
(263 58 58 1 1)
(263 66 63 1 1)
(263 70 65 1 0)
(263 75 68 1 0)
(263 78 70 1 0)
(264 37 46 1 1)
(264 49 53 1 1)
(264 70 65 1/2 0)
(264 78 70 1/2 0)
(264 82 72 1/2 0)
(1059/4 68 64 1/4 0)
(1059/4 77 69 1/4 0)
(1059/4 80 71 1/4 0)
(265 56 57 1 1)
(265 59 59 1 1)
(265 61 60 1 1)
(265 65 62 1 1)
(265 67 63 1 0)
(265 76 68 1 0)
(265 79 70 1 0)
(266 56 57 1 1)
(266 59 59 1 1)
(266 61 60 1 1)
(266 65 62 1 1)
(266 68 64 1 0)
(266 77 69 1 0)
(266 80 71 1 0)
(267 30 42 1/2 1)
(267 42 49 1/2 1)
(267 71 66 1/2 0)
(267 80 71 1/2 0)
(267 83 73 1/2 0)
(1071/4 54 56 1/4 1)
(1071/4 61 60 1/4 1)
(1071/4 66 63 1/4 1)
(1071/4 70 65 1/4 0)
(1071/4 78 70 1/4 0)
(1071/4 82 72 1/4 0)
(268 54 56 1 1)
(268 61 60 1 1)
(268 66 63 1 1)
(268 70 65 1 0)
(268 78 70 1 0)
(268 82 72 1 0)
(270 32 43 1 1)
(270 44 50 1 1)
(1083/4 68 64 1/4 0)
(1083/4 76 69 1/4 0)
(1083/4 80 71 1/4 0)
(271 52 55 1 1)
(271 59 59 1 1)
(271 64 62 1 1)
(271 68 64 1 0)
(271 76 69 1 0)
(271 80 71 1 0)
(272 34 44 1 1)
(272 46 51 1 1)
(272 70 65 3/4 0)
(272 78 70 3/4 0)
(272 82 72 3/4 0)
(1091/4 68 64 1/4 0)
(1091/4 76 69 1/4 0)
(1091/4 80 71 1/4 0)
(273 35 45 1/2 1)
(273 47 52 1/2 1)
(273 68 64 1/2 0)
(273 76 69 1/2 0)
(273 80 71 1/2 0)
(1095/4 51 54 1/4 1)
(1095/4 54 56 1/4 1)
(1095/4 59 59 1/4 1)
(1095/4 63 61 1/4 1)
(1095/4 66 63 1/4 0)
(1095/4 75 68 1/4 0)
(1095/4 78 70 1/4 0)
(274 51 54 1 1)
(274 54 56 1 1)
(274 59 59 1 1)
(274 63 61 1 1)
(274 66 63 1 0)
(274 75 68 1 0)
(274 78 70 1 0)
(276 40 48 1/2 1)
(276 52 55 1/2 1)
(1107/4 55 56 1/4 1)
(1107/4 66 63 1/4 0)
(1107/4 68 64 1/4 0)
(277 56 57 1 1)
(277 66 63 1 0)
(277 68 64 1 0)
(278 61 60 1 1)
(278 64 62 1 0)
(278 73 67 1 0)
(278 76 69 1 0)
(279 42 49 1/2 1)
(1119/4 53 55 1/4 1)
(1119/4 64 62 1/4 0)
(1119/4 66 63 1/4 0)
(280 54 56 1 1)
(280 64 62 1 0)
(280 66 63 1 0)
(281 59 59 1 1)
(281 63 61 5/2 0)
(281 71 66 5/2 0)
(281 75 68 5/2 0)
(282 42 49 1 1)
(567/2 61 60 1/2 1)
(567/2 70 65 1/2 0)
(567/2 73 67 1/2 0)
(284 63 61 1/2 1)
(284 71 66 1/2 0)
(284 75 68 1/2 0)
(569/2 61 60 1/2 1)
(569/2 70 65 1/2 0)
(569/2 73 67 1/2 0)
(285 63 61 3/4 1)
(285 71 66 3/4 0)
(285 75 68 3/4 0)
(1143/4 61 60 1/4 1)
(1143/4 70 65 1/4 0)
(1143/4 73 67 1/4 0)
(286 63 61 1 1)
(286 71 66 1 0)
(286 75 68 1 0)
(287 61 60 1 1)
(287 70 65 1 0)
(287 73 67 1 0)
(288 52 55 3/2 1)
(288 61 60 15/2 0)
(288 67 63 6 0)
(579/2 51 54 1/2 1)
(290 52 55 3/4 1)
(1163/4 51 54 1/4 1)
(291 52 55 3/4 1)
(1167/4 51 54 1/4 1)
(292 52 55 1 1)
(293 51 54 1 1)
(294 45 51 3/2 1)
(294 63 61 6 0)
(294 66 63 6 0)
(591/2 44 50 1/2 1)
(591/2 60 59 1/2 0)
(296 45 51 3/4 1)
(296 61 60 3/4 0)
(1187/4 44 50 1/4 1)
(1187/4 60 59 1/4 0)
(297 45 51 3/4 1)
(297 61 60 3/4 0)
(1191/4 44 50 1/4 1)
(1191/4 60 59 1/4 0)
(298 45 51 1 1)
(298 61 60 1 0)
(299 44 50 1 1)
(299 60 59 1 0)
(300 37 46 1 1)
(300 44 50 1 1)
(300 52 55 1 1)
(300 61 60 1/2 0)
(300 64 62 1/2 0)
(601/2 66 63 1/2 0)
(601/2 69 65 1/6 0)
(902/3 71 66 1/6 0)
(1805/6 69 65 1/6 0)
(301 37 46 1 1)
(301 44 50 1 1)
(301 52 55 1 1)
(301 64 62 1/2 0)
(301 68 64 1/2 0)
(302 37 46 1 1)
(302 44 50 1 1)
(302 52 55 1 1)
(302 73 67 1 0)
(302 76 69 1 0)
(303 37 46 1 1)
(303 44 50 1 1)
(303 54 56 1 1)
(303 72 66 1/2 0)
(303 75 68 1/2 0)
(1215/4 70 65 1/4 0)
(1215/4 73 67 1/4 0)
(304 37 46 1 1)
(304 44 50 1 1)
(304 54 56 1 1)
(304 72 66 1 0)
(304 75 68 1 0)
(305 37 46 1 1)
(305 44 50 1 1)
(305 52 55 1 1)
(305 73 67 1 0)
(305 76 69 1 0)
(306 37 46 1 1)
(306 44 50 1 1)
(306 52 55 1 1)
(306 64 62 1/2 0)
(306 68 64 1/2 0)
(613/2 66 63 1/2 0)
(613/2 69 65 1/6 0)
(920/3 71 66 1/6 0)
(1841/6 69 65 1/6 0)
(307 37 46 1 1)
(307 44 50 1 1)
(307 52 55 1 1)
(307 64 62 1/2 0)
(307 68 64 1/2 0)
(308 37 46 1 1)
(308 44 50 1 1)
(308 52 55 1 1)
(308 73 67 1 0)
(308 76 69 1 0)
(309 37 46 1 1)
(309 44 50 1 1)
(309 54 56 1 1)
(309 72 66 1/2 0)
(309 75 68 1/2 0)
(1239/4 70 65 1/4 0)
(1239/4 73 67 1/4 0)
(310 37 46 1 1)
(310 44 50 1 1)
(310 54 56 1 1)
(310 72 66 1 0)
(310 75 68 1 0)
(311 37 46 1 1)
(311 44 50 1 1)
(311 52 55 1 1)
(311 73 67 1 0)
(311 76 69 1 0)
(312 32 43 1 1)
(312 75 68 1/2 0)
(312 78 70 1/2 0)
(1251/4 76 69 1/4 0)
(1251/4 80 71 1/4 0)
(313 44 50 1 1)
(313 51 54 4 1)
(313 54 56 1 1)
(313 60 59 1 1)
(313 78 70 1 0)
(313 81 72 1 0)
(314 44 50 1 1)
(314 54 56 1 1)
(314 60 59 1 1)
(314 78 70 1/2 0)
(314 81 72 1/2 0)
(629/2 76 69 1/2 0)
(629/2 80 71 1/2 0)
(315 44 50 1 1)
(315 54 56 1 1)
(315 60 59 1 1)
(315 75 68 1/2 0)
(315 78 70 1/2 0)
(1263/4 73 67 1/4 0)
(1263/4 76 69 1/4 0)
(316 44 50 1 1)
(316 54 56 1 1)
(316 60 59 1 1)
(316 75 68 1 0)
(316 78 70 1 0)
(317 44 50 1 1)
(317 52 55 1 1)
(317 61 60 1 1)
(317 76 69 1 0)
(317 80 71 1 0)
(318 32 43 1 1)
(318 75 68 1/2 0)
(318 78 70 1/2 0)
(1275/4 76 69 1/4 0)
(1275/4 80 71 1/4 0)
(319 44 50 1 1)
(319 51 54 1 1)
(319 54 56 1 1)
(319 60 59 1 1)
(319 78 70 1 0)
(319 81 72 1 0)
(320 78 70 1/2 0)
(320 81 72 1/2 0)
(641/2 76 69 1/2 0)
(641/2 80 71 1/2 0)
(321 75 68 1/2 0)
(321 78 70 1/2 0)
(643/2 73 67 1/2 0)
(643/2 76 69 1/2 0)
(322 72 66 1/2 0)
(322 75 68 1/2 0)
(645/2 69 65 1 0)
(645/2 73 67 1 0)
(647/2 66 63 1/2 0)
(647/2 69 65 1/2 0)
(324 37 46 1 1)
(324 44 50 1 1)
(324 52 55 1 1)
(324 64 62 1/2 0)
(324 68 64 1/2 0)
(649/2 66 63 1/2 0)
(649/2 69 65 1/6 0)
(974/3 71 66 1/6 0)
(1949/6 69 65 1/6 0)
(325 37 46 1 1)
(325 44 50 1 1)
(325 52 55 1 1)
(325 64 62 1/2 0)
(325 68 64 1/2 0)
(326 37 46 1 1)
(326 44 50 1 1)
(326 52 55 1 1)
(326 73 67 1 0)
(326 76 69 1 0)
(327 37 46 1 1)
(327 44 50 1 1)
(327 54 56 1 1)
(327 72 66 1/2 0)
(327 75 68 1/2 0)
(1311/4 70 65 1/4 0)
(1311/4 73 67 1/4 0)
(328 37 46 1 1)
(328 44 50 1 1)
(328 54 56 1 1)
(328 72 66 1 0)
(328 75 68 1 0)
(329 37 46 1 1)
(329 44 50 1 1)
(329 52 55 1 1)
(329 73 67 1 0)
(329 76 69 1 0)
(330 37 46 1 1)
(330 44 50 1 1)
(330 52 55 1 1)
(330 64 62 1/2 0)
(330 68 64 1/2 0)
(661/2 66 63 1/2 0)
(661/2 69 65 1/6 0)
(992/3 71 66 1/6 0)
(1985/6 69 65 1/6 0)
(331 37 46 1 1)
(331 44 50 1 1)
(331 52 55 1 1)
(331 64 62 1/2 0)
(331 68 64 1/2 0)
(332 37 46 1 1)
(332 44 50 1 1)
(332 52 55 1 1)
(332 73 67 1 0)
(332 76 69 1 0)
(333 37 46 1 1)
(333 44 50 1 1)
(333 54 56 1 1)
(333 72 66 1/2 0)
(333 75 68 1/2 0)
(1335/4 70 65 1/4 0)
(1335/4 73 67 1/4 0)
(334 37 46 1 1)
(334 44 50 1 1)
(334 54 56 1 1)
(334 72 66 1 0)
(334 75 68 1 0)
(335 37 46 1 1)
(335 44 50 1 1)
(335 52 55 1 1)
(335 73 67 1 0)
(335 76 69 1 0)
(336 35 45 1 1)
(336 75 68 1/2 0)
(336 78 70 1/2 0)
(1347/4 76 69 1/4 0)
(1347/4 80 71 1/4 0)
(337 47 52 1 1)
(337 54 56 4 1)
(337 57 58 1 1)
(337 63 61 1 1)
(337 78 70 1 0)
(337 81 72 1 0)
(338 47 52 1 1)
(338 57 58 1 1)
(338 63 61 1 1)
(338 78 70 1/2 0)
(338 81 72 1/2 0)
(677/2 76 69 1/2 0)
(677/2 80 71 1/2 0)
(339 47 52 1 1)
(339 57 58 1 1)
(339 63 61 1 1)
(339 75 68 1/2 0)
(339 78 70 1/2 0)
(1359/4 73 67 1/4 0)
(1359/4 76 69 1/4 0)
(340 47 52 1 1)
(340 57 58 1 1)
(340 63 61 1 1)
(340 75 68 1 0)
(340 78 70 1 0)
(341 47 52 1 1)
(341 52 55 1 1)
(341 56 57 1 1)
(341 64 62 1 1)
(341 76 69 1 0)
(341 80 71 1 0)
(342 47 52 1 1)
(342 54 56 5 1)
(342 57 58 1 1)
(342 63 61 1 1)
(342 75 68 2/5 0)
(342 78 70 2/5 0)
(1712/5 76 69 2/5 0)
(1712/5 80 71 2/5 0)
(1714/5 78 70 2/5 0)
(1714/5 81 72 2/5 0)
(343 47 52 1 1)
(343 57 58 1 1)
(343 63 61 1 1)
(1716/5 80 71 2/5 0)
(1716/5 83 73 2/5 0)
(1718/5 83 73 2/5 0)
(1718/5 87 75 2/5 0)
(344 81 72 1/2 0)
(344 85 74 1/2 0)
(689/2 78 70 1/2 0)
(689/2 81 72 1/2 0)
(345 47 52 1 1)
(345 57 58 1 1)
(345 63 61 1 1)
(345 75 68 1/2 0)
(345 78 70 1/2 0)
(1383/4 73 67 1/4 0)
(1383/4 76 69 1/4 0)
(346 47 52 1 1)
(346 57 58 1 1)
(346 63 61 1 1)
(346 75 68 1 0)
(346 78 70 1 0)
(347 52 55 1 1)
(347 56 57 1 1)
(347 64 62 1 1)
(347 76 69 1 0)
(347 80 71 1 0)
(348 42 49 1 1)
(348 74 68 1/2 0)
(348 78 70 1/2 0)
(1395/4 69 65 1/4 0)
(349 54 56 1 1)
(349 57 58 1 1)
(349 62 61 1 1)
(349 74 68 3/2 0)
(349 78 70 3/2 0)
(701/2 73 67 1/2 0)
(701/2 76 69 1/2 0)
(351 56 57 1 1)
(351 63 61 1 1)
(351 66 63 1 1)
(351 72 66 1/2 0)
(351 75 68 1/2 0)
(1407/4 70 65 1/4 0)
(1407/4 73 67 1/4 0)
(352 56 57 1 1)
(352 63 61 1 1)
(352 66 63 1 1)
(352 72 66 1 0)
(352 75 68 1 0)
(353 61 60 1 1)
(353 64 62 1 1)
(353 73 67 1 0)
(353 76 69 1 0)
(354 42 49 1 1)
(354 69 65 1 0)
(355 54 56 1/2 1)
(355 62 61 1/2 1)
(355 69 65 1/2 1)
(355 86 75 1/2 0)
(355 90 77 1/2 0)
(713/2 73 67 1/2 0)
(713/2 76 69 1/2 0)
(357 56 57 1 1)
(357 63 61 1 1)
(357 66 63 1 1)
(357 72 66 1/2 0)
(357 75 68 1/2 0)
(1431/4 70 65 1/4 0)
(1431/4 73 67 1/4 0)
(358 56 57 1 1)
(358 63 61 1 1)
(358 66 63 1 1)
(358 72 66 1 0)
(358 75 68 1 0)
(359 61 60 1 1)
(359 64 62 1 1)
(359 73 67 1 0)
(359 76 69 1 0)
(360 42 49 1 1)
(360 69 65 1 0)
(361 54 56 1/2 1)
(361 62 61 1/2 1)
(361 69 65 1/2 1)
(361 93 79 1/2 0)
(725/2 73 67 1/2 0)
(725/2 76 69 1/2 0)
(363 56 57 1 1)
(363 63 61 1 1)
(363 66 63 1 1)
(363 72 66 1/2 0)
(363 75 68 1/2 0)
(1455/4 70 65 1/4 0)
(1455/4 73 67 1/4 0)
(364 56 57 1 1)
(364 63 61 1 1)
(364 66 63 1 1)
(364 72 66 1 0)
(364 75 68 1 0)
(365 61 60 1 1)
(365 64 62 1 1)
(365 73 67 1 0)
(365 76 69 1 0)
(366 42 49 1 1)
(366 69 65 1 0)
(367 54 56 1/2 1)
(367 62 61 1/2 1)
(367 69 65 1/2 1)
(367 98 82 1/2 0)
(737/2 73 67 1/2 0)
(737/2 76 69 1/2 0)
(369 56 57 1 1)
(369 63 61 1 1)
(369 66 63 1 1)
(369 72 66 1/2 0)
(369 75 68 1/2 0)
(1479/4 70 65 1/4 0)
(1479/4 73 67 1/4 0)
(370 56 57 1 1)
(370 63 61 1 1)
(370 66 63 1 1)
(370 72 66 1 0)
(370 75 68 1 0)
(371 61 60 1 1)
(371 64 62 1 1)
(371 73 67 1 0)
(371 76 69 1 0)
(372 56 57 1 1)
(372 63 61 1 1)
(372 72 66 3/4 0)
(372 75 68 3/4 0)
(1491/4 70 65 1/4 0)
(1491/4 73 67 1/4 0)
(373 56 57 1 1)
(373 63 61 1 1)
(373 72 66 1 0)
(373 75 68 1 0)
(374 61 60 1 1)
(374 64 62 1 1)
(374 73 67 1 0)
(374 76 69 1 0)
(375 56 57 1 1)
(375 63 61 1 1)
(375 72 66 1/2 0)
(375 75 68 1/2 0)
(751/2 70 65 1/2 0)
(751/2 73 67 1/2 0)
(376 56 57 1 1)
(376 63 61 1 1)
(376 72 66 1 0)
(376 75 68 1 0)
(377 61 60 1 1)
(377 64 62 1 1)
(377 73 67 1 0)
(377 76 69 1 0)
(378 56 57 1 1)
(378 63 61 1 1)
(378 72 66 1/2 0)
(378 75 68 1/2 0)
(757/2 70 65 1/2 0)
(757/2 73 67 1/2 0)
(379 56 57 1 1)
(379 63 61 1 1)
(379 72 66 1 0)
(379 75 68 1 0)
(380 55 56 1 1)
(380 61 60 1 1)
(380 64 62 1 1)
(380 73 67 1 0)
(380 76 69 1 0)
(381 56 57 1 1)
(381 63 61 1 1)
(381 72 66 1/2 0)
(381 75 68 1/2 0)
(763/2 70 65 1/2 0)
(763/2 73 67 1/2 0)
(382 56 57 1 1)
(382 63 61 1 1)
(382 72 66 1 0)
(382 75 68 1 0)
(383 55 57 1 1)
(383 61 60 1 1)
(383 64 62 1 1)
(383 73 67 1 0)
(383 76 69 1 0)
(384 54 56 1 1)
(384 61 60 1 1)
(384 64 62 1 1)
(384 70 65 3/4 0)
(384 73 67 3/4 0)
(1539/4 69 64 1/4 0)
(1539/4 72 66 1/4 0)
(385 54 56 1 1)
(385 61 60 1 1)
(385 64 62 1 1)
(385 70 65 1 0)
(385 73 67 1 0)
(386 53 56 1 1)
(386 60 60 1 1)
(386 63 62 1 1)
(386 69 65 1 0)
(386 72 67 1 0)
(387 52 55 1 1)
(387 59 59 1 1)
(387 62 61 1 1)
(387 68 64 3/4 0)
(387 71 66 3/4 0)
(1551/4 67 63 1/4 0)
(1551/4 70 65 1/4 0)
(388 52 55 1 1)
(388 59 59 1 1)
(388 62 61 1 1)
(388 68 64 1 0)
(388 71 66 1 0)
(389 51 55 1 1)
(389 58 59 1 1)
(389 61 61 1 1)
(389 67 64 1 0)
(389 70 66 1 0)
(390 50 54 1 1)
(390 57 58 1 1)
(390 60 60 1 1)
(390 66 63 3/4 0)
(390 69 65 3/4 0)
(1563/4 65 62 1/4 0)
(1563/4 68 64 1/4 0)
(391 50 54 1 1)
(391 57 58 1 1)
(391 60 60 1 1)
(391 66 63 1 0)
(391 69 65 1 0)
(392 49 54 1 1)
(392 56 58 1 1)
(392 59 60 1 1)
(392 65 63 1 0)
(392 68 65 1 0)
(393 48 53 1 1)
(393 55 57 1 1)
(393 58 59 1 1)
(393 64 62 3/4 0)
(393 67 64 3/4 0)
(1575/4 63 61 1/4 0)
(1575/4 66 63 1/4 0)
(394 48 53 1 1)
(394 55 57 1 1)
(394 58 59 1 1)
(394 64 62 1 0)
(394 67 64 1 0)
(395 47 52 1 1)
(395 54 56 1 1)
(395 57 58 1 1)
(395 63 61 1 0)
(395 66 63 1 0)
(396 45 51 3/4 1)
(396 54 56 3 1)
(396 61 60 3 0)
(396 66 63 2 0)
(1587/4 44 50 1/4 1)
(397 45 51 1 1)
(398 39 47 1 1)
(398 64 62 1/2 0)
(797/2 63 61 1/2 0)
(399 45 51 3/4 1)
(399 54 56 3 1)
(399 61 60 3 0)
(399 66 63 3/4 0)
(1599/4 44 50 1/4 1)
(1599/4 66 63 1/4 0)
(400 45 51 1 1)
(400 63 61 1 0)
(401 39 47 1 1)
(401 73 67 1 0)
(402 45 51 3/4 1)
(402 54 56 3 1)
(402 61 60 3 0)
(402 66 63 2 0)
(1611/4 44 50 1/4 1)
(403 45 51 1 1)
(404 39 47 1 1)
(404 64 62 1/2 0)
(809/2 63 61 1/2 0)
(405 45 51 3/4 1)
(405 54 56 2 1)
(405 61 60 3 0)
(405 66 63 3/4 0)
(1623/4 44 50 1/4 1)
(1623/4 66 63 1/4 0)
(406 45 51 1 1)
(406 63 61 1 0)
(407 75 68 1 0)
(408 73 67 1/2 0)
(817/2 69 65 1/2 0)
(409 66 63 1 0)
(410 63 61 1 0)
(411 61 60 1/2 1)
(823/2 57 58 1/2 1)
(412 54 56 1 1)
(413 49 53 1 1)
(414 37 46 3 1)
(414 44 50 3 1)
(414 52 55 3 1)
