(-1 78 70 3/2 0)
(0 47 52 1 1)
(1/2 83 73 1/2 0)
(1 55 57 1 1)
(1 59 59 1 1)
(1 64 62 1 1)
(1 79 71 1 0)
(2 55 57 1 1)
(2 59 59 1 1)
(2 64 62 1 1)
(2 78 70 1/2 0)
(5/2 76 69 1/2 0)
(3 47 52 1 1)
(3 71 66 3 0)
(4 54 56 1 1)
(4 59 59 1 1)
(4 62 61 1 1)
(5 54 56 1 1)
(5 59 59 1 1)
(5 62 61 1 1)
(6 47 52 1 1)
(6 73 67 1/2 0)
(13/2 76 69 1/2 0)
(7 54 56 1 1)
(7 58 58 1 1)
(7 64 62 1 1)
(7 74 68 1 0)
(8 54 56 1 1)
(8 58 58 1 1)
(8 64 62 1 1)
(8 73 67 1 0)
(9 47 52 1 1)
(9 71 66 3 0)
(10 54 56 1 1)
(10 59 59 1 1)
(10 62 61 1 1)
(11 54 56 1 1)
(11 59 59 1 1)
(11 62 61 1 1)
(12 37 46 1 1)
(12 73 67 1/2 0)
(25/2 71 66 1/2 0)
(13 49 53 1 1)
(13 53 55 1 1)
(13 59 59 1 1)
(13 69 65 1 0)
(14 49 53 1 1)
(14 53 55 1 1)
(14 59 59 1 1)
(14 68 64 1 0)
(15 42 49 1 1)
(15 69 65 1/2 0)
(31/2 73 67 1 0)
(16 49 53 1 1)
(16 57 58 1 1)
(17 61 60 3/2 0)
(37/2 59 59 1/2 0)
(19 57 58 1 0)
(20 56 57 1 0)
(21 57 58 1 0)
(22 61 60 2 0)
(24 49 53 6 1)
(24 56 57 1 1)
(24 59 59 1 0)
(25 54 56 1 1)
(25 57 58 1 0)
(26 57 58 1 1)
(26 61 60 1 0)
(27 56 57 1/2 1)
(27 59 59 1/2 0)
(55/2 54 56 1/2 1)
(55/2 57 58 1/2 0)
(28 57 58 1 1)
(28 61 60 1 0)
(29 57 58 1 1)
(29 61 60 1 0)
(30 49 53 4 1)
(30 56 57 1 1)
(30 59 59 1 0)
(31 54 56 1 1)
(31 58 58 1 0)
(32 58 58 1 1)
(32 61 60 1 0)
(33 56 57 1/2 1)
(33 59 59 1/2 0)
(67/2 54 56 3/2 1)
(67/2 58 58 1/2 0)
(34 42 49 2 1)
(34 66 63 1 0)
(35 78 70 3/2 0)
(36 47 52 1 1)
(73/2 83 73 1/2 0)
(37 55 57 1 1)
(37 59 59 1 1)
(37 64 62 1 1)
(37 79 71 1 0)
(38 55 57 1 1)
(38 59 59 1 1)
(38 64 62 1 1)
(38 78 70 1/2 0)
(77/2 76 69 1/2 0)
(39 47 52 1 1)
(39 71 66 3 0)
(40 54 56 1 1)
(40 59 59 1 1)
(40 62 61 1 1)
(41 54 56 1 1)
(41 59 59 1 1)
(41 62 61 1 1)
(42 47 52 1 1)
(42 73 67 1/2 0)
(85/2 76 69 1/2 0)
(43 54 56 1 1)
(43 58 58 1 1)
(43 64 62 1 1)
(43 74 68 1 0)
(44 54 56 1 1)
(44 58 58 1 1)
(44 64 62 1 1)
(44 73 67 1 0)
(45 47 52 1 1)
(45 71 66 2 0)
(46 54 56 1 1)
(46 59 59 1 1)
(46 62 61 1 1)
(47 50 54 3/2 0)
(48 59 59 1 1)
(48 65 63 1 1)
(97/2 55 57 1/2 0)
(49 52 55 1/3 0)
(49 60 60 1 1)
(49 64 62 1 1)
(148/3 53 56 1/3 0)
(149/3 52 55 1/3 0)
(50 50 54 1/2 0)
(50 60 60 1 1)
(50 64 62 1 1)
(101/2 48 53 1/2 0)
(51 50 54 3/4 0)
(51 55 57 1 1)
(51 59 59 1 1)
(51 65 63 1 1)
(207/4 43 50 1/4 0)
(52 50 54 1 0)
(52 55 57 1 1)
(52 59 59 1 1)
(52 65 63 1 1)
(53 48 53 1 0)
(53 60 60 1 1)
(53 64 62 1 1)
(54 50 54 1/2 0)
(54 59 59 1 1)
(54 65 63 1 1)
(109/2 55 57 1/2 0)
(55 52 55 1/3 0)
(55 60 60 1 1)
(55 64 62 1 1)
(166/3 53 56 1/3 0)
(167/3 52 55 1/3 0)
(56 50 54 1/2 0)
(56 60 60 1 1)
(56 64 62 1 1)
(113/2 48 53 1/2 0)
(57 50 54 3/4 0)
(57 55 57 1 1)
(57 59 59 1 1)
(57 65 63 1 1)
(231/4 43 50 1/4 0)
(58 50 54 1 0)
(58 55 57 1 1)
(58 59 59 1 1)
(58 65 63 1 1)
(59 48 53 1 0)
(59 60 60 1 1)
(59 64 62 1 1)
(60 50 54 3/4 0)
(60 55 57 1 1)
(60 59 59 1 1)
(60 65 63 1 1)
(243/4 43 50 1/4 0)
(61 48 53 1 0)
(61 60 60 1 1)
(61 64 62 1 1)
(62 50 54 3/4 0)
(62 55 57 1 1)
(62 59 59 1 1)
(62 65 63 1 1)
(251/4 43 50 1/4 0)
(63 48 53 1 0)
(63 60 60 1 1)
(63 64 62 1 1)
(64 50 54 3/4 0)
(64 55 57 1 1)
(64 59 59 1 1)
(64 65 63 1 1)
(259/4 43 50 1/4 0)
(65 48 53 1 0)
(65 60 60 1 1)
(65 64 62 1 1)
(66 43 50 3 0)
(66 55 57 3 1)
(69 42 49 3 0)
(69 54 56 3 1)
(72 35 45 1 1)
(72 47 52 1 1)
(72 78 70 1/2 0)
(145/2 83 73 1/2 0)
(73 55 57 1 1)
(73 59 59 1 1)
(73 64 62 1 1)
(73 79 71 1 0)
(74 55 57 1 1)
(74 59 59 1 1)
(74 64 62 1 1)
(74 78 70 1/2 0)
(149/2 76 69 1/2 0)
(75 47 52 1 1)
(75 71 66 3 0)
(76 54 56 1 1)
(76 59 59 1 1)
(76 62 61 1 1)
(77 54 56 1 1)
(77 59 59 1 1)
(77 62 61 1 1)
(78 47 52 1 1)
(78 73 67 1/2 0)
(157/2 76 69 1/2 0)
(79 54 56 1 1)
(79 58 58 1 1)
(79 64 62 1 1)
(79 74 68 1 0)
(80 54 56 1 1)
(80 58 58 1 1)
(80 64 62 1 1)
(80 73 67 1 0)
(81 47 52 1 1)
(81 71 66 3 0)
(82 54 56 1 1)
(82 59 59 1 1)
(82 62 61 1 1)
(83 54 56 1 1)
(83 59 59 1 1)
(83 62 61 1 1)
(84 37 46 1 1)
(84 73 67 1/2 0)
(169/2 71 66 1/2 0)
(85 49 53 1 1)
(85 53 55 1 1)
(85 59 59 1 1)
(85 69 65 1 0)
(86 49 53 1 1)
(86 53 55 1 1)
(86 59 59 1 1)
(86 68 64 1 0)
(87 42 49 1 1)
(87 69 65 1/2 0)
(175/2 73 67 1 0)
(88 49 53 1 1)
(88 57 58 1 1)
(89 61 60 3/2 0)
(181/2 59 59 1/2 0)
(91 57 58 1 0)
(92 56 57 1 0)
(93 57 58 1 0)
(94 61 60 2 0)
(96 49 53 6 1)
(96 56 57 1 1)
(96 59 59 1 0)
(97 54 56 1 1)
(97 57 58 1 0)
(98 57 58 1 1)
(98 61 60 1 0)
(99 56 57 1/2 1)
(99 59 59 1/2 0)
(199/2 54 56 1/2 1)
(199/2 57 58 1/2 0)
(100 57 58 1 1)
(100 61 60 1 0)
(101 57 58 1 1)
(101 61 60 1 0)
(102 49 53 4 1)
(102 56 57 1 1)
(102 59 59 1 0)
(103 54 56 1 1)
(103 58 58 1 0)
(104 58 58 1 1)
(104 61 60 1 0)
(105 56 57 1/2 1)
(105 59 59 1/2 0)
(211/2 54 56 3/2 1)
(211/2 58 58 1/2 0)
(106 42 49 2 1)
(106 66 63 1 0)
(107 78 70 3/2 0)
(108 47 52 1 1)
(217/2 83 73 1/2 0)
(109 55 57 1 1)
(109 59 59 1 1)
(109 64 62 1 1)
(109 79 71 1 0)
(110 55 57 1 1)
(110 59 59 1 1)
(110 64 62 1 1)
(110 78 70 1/2 0)
(221/2 76 69 1/2 0)
(111 47 52 1 1)
(111 71 66 3 0)
(112 54 56 1 1)
(112 59 59 1 1)
(112 62 61 1 1)
(113 54 56 1 1)
(113 59 59 1 1)
(113 62 61 1 1)
(114 47 52 1 1)
(114 73 67 1/2 0)
(229/2 76 69 1/2 0)
(115 54 56 1 1)
(115 58 58 1 1)
(115 64 62 1 1)
(115 74 68 1 0)
(116 54 56 1 1)
(116 58 58 1 1)
(116 64 62 1 1)
(116 73 67 1 0)
(117 47 52 1 1)
(117 71 66 2 0)
(118 54 56 1 1)
(118 59 59 1 1)
(118 62 61 1 1)
(119 50 54 3/2 0)
(120 59 59 1 1)
(120 65 63 1 1)
(241/2 55 57 1/2 0)
(121 52 55 1/3 0)
(121 60 60 1 1)
(121 64 62 1 1)
(364/3 53 56 1/3 0)
(365/3 52 55 1/3 0)
(122 50 54 1/2 0)
(122 60 60 1 1)
(122 64 62 1 1)
(245/2 48 53 1/2 0)
(123 50 54 3/4 0)
(123 55 57 1 1)
(123 59 59 1 1)
(123 65 63 1 1)
(495/4 43 50 1/4 0)
(124 50 54 1 0)
(124 55 57 1 1)
(124 59 59 1 1)
(124 65 63 1 1)
(125 48 53 1 0)
(125 60 60 1 1)
(125 64 62 1 1)
(126 50 54 1/2 0)
(126 59 59 1 1)
(126 65 63 1 1)
(253/2 55 57 1/2 0)
(127 52 55 1/3 0)
(127 60 60 1 1)
(127 64 62 1 1)
(382/3 53 56 1/3 0)
(383/3 52 55 1/3 0)
(128 50 54 1/2 0)
(128 60 60 1 1)
(128 64 62 1 1)
(257/2 48 53 1/2 0)
(129 50 54 3/4 0)
(129 55 57 1 1)
(129 59 59 1 1)
(129 65 63 1 1)
(519/4 43 50 1/4 0)
(130 50 54 1 0)
(130 55 57 1 1)
(130 59 59 1 1)
(130 65 63 1 1)
(131 48 53 1 0)
(131 60 60 1 1)
(131 64 62 1 1)
(132 50 54 3/4 0)
(132 55 57 1 1)
(132 59 59 1 1)
(132 65 63 1 1)
(531/4 43 50 1/4 0)
(133 48 53 1 0)
(133 60 60 1 1)
(133 64 62 1 1)
(134 50 54 3/4 0)
(134 55 57 1 1)
(134 59 59 1 1)
(134 65 63 1 1)
(539/4 43 50 1/4 0)
(135 48 53 1 0)
(135 60 60 1 1)
(135 64 62 1 1)
(136 50 54 3/4 0)
(136 55 57 1 1)
(136 59 59 1 1)
(136 65 63 1 1)
(547/4 43 50 1/4 0)
(137 48 53 1 0)
(137 60 60 1 1)
(137 64 62 1 1)
(138 43 50 3 0)
(138 55 57 3 1)
(141 42 50 2 0)
(141 54 57 2 1)
(143 41 49 1 0)
(143 53 56 1 1)
(144 34 45 1 1)
(145 53 56 1 1)
(145 58 59 1 1)
(145 62 61 1 1)
(145 65 63 1 0)
(145 70 66 1 0)
(145 74 68 1 0)
(146 54 57 1 1)
(146 58 59 1 1)
(146 63 62 1 1)
(146 66 64 1 0)
(146 70 66 1 0)
(146 75 69 1 0)
(147 46 52 1 1)
(147 78 71 1/2 0)
(591/4 74 68 1/4 0)
(148 58 59 2 1)
(148 62 61 2 1)
(148 65 63 2 1)
(148 72 67 3/4 0)
(148 77 70 1 0)
(595/4 74 68 1/4 0)
(149 53 56 1 1)
(149 70 66 1 0)
(149 77 70 1 0)
(150 34 45 1 1)
(150 82 73 1 0)
(151 53 56 1 1)
(151 58 59 1 1)
(151 62 61 1 1)
(151 65 63 1 0)
(151 70 66 1 0)
(151 74 68 1 0)
(152 54 57 1 1)
(152 58 59 1 1)
(152 63 62 1 1)
(152 66 64 1 0)
(152 70 66 1 0)
(152 75 69 1 0)
(153 46 52 1 1)
(153 78 71 1/2 0)
(615/4 74 68 1/4 0)
(154 58 59 2 1)
(154 62 61 2 1)
(154 65 63 2 1)
(154 72 67 3/4 0)
(154 77 70 1 0)
(619/4 74 68 1/4 0)
(155 53 56 1 1)
(155 70 66 1 0)
(155 77 70 1 0)
(156 34 45 1 1)
(157 53 56 1 1)
(157 58 59 1 1)
(157 62 61 1 1)
(157 65 63 1 0)
(157 70 66 1 0)
(157 74 68 1 0)
(158 54 57 1 1)
(158 58 59 1 1)
(158 63 62 1 1)
(158 66 64 1 0)
(158 70 66 1 0)
(158 75 69 1 0)
(159 46 52 1 1)
(159 78 71 1/2 0)
(639/4 74 68 1/4 0)
(160 58 59 2 1)
(160 62 61 2 1)
(160 65 63 2 1)
(160 72 67 3/4 0)
(160 77 70 1 0)
(643/4 74 68 1/4 0)
(161 53 56 1 1)
(161 70 66 1 0)
(161 77 70 1 0)
(162 34 45 1 1)
(162 46 52 1 1)
(162 82 73 1 0)
(162 94 80 1 0)
(163 53 56 1 1)
(163 58 59 1 1)
(163 62 61 1 1)
(163 65 63 1 0)
(163 70 66 1 0)
(163 74 68 1 0)
(164 54 57 1 1)
(164 58 59 1 1)
(164 63 62 1 1)
(164 66 64 1 0)
(164 70 66 1 0)
(164 75 69 1 0)
(165 46 52 1 1)
(165 78 71 1/2 0)
(663/4 74 68 1/4 0)
(166 58 59 2 1)
(166 62 61 2 1)
(166 65 63 2 1)
(166 72 67 3/4 0)
(166 77 70 1 0)
(667/4 74 68 1/4 0)
(167 53 56 1 1)
(167 70 66 1 0)
(167 77 70 1 0)
(168 39 48 1 1)
(169 58 59 1 1)
(169 63 62 1 1)
(169 67 64 1 1)
(169 70 66 1 0)
(169 75 69 1 0)
(169 79 71 1 0)
(170 59 60 1 1)
(170 63 62 1 1)
(170 68 65 1 1)
(170 71 67 1 0)
(170 75 69 1 0)
(170 80 72 1 0)
(171 51 55 1 1)
(171 83 74 1/2 0)
(687/4 79 71 1/4 0)
(172 58 59 1 1)
(172 63 62 1 1)
(172 67 64 1 1)
(172 77 70 3/4 0)
(172 82 73 1 0)
(691/4 79 71 1/4 0)
(173 51 55 1 1)
(173 75 69 1 0)
(173 82 73 1 0)
(174 39 48 1 1)
(174 87 76 1 0)
(174 99 83 1 0)
(175 58 59 1 1)
(175 63 62 1 1)
(175 67 64 1 1)
(175 70 66 1 0)
(175 75 69 1 0)
(175 79 71 1 0)
(176 59 60 1 1)
(176 63 62 1 1)
(176 68 65 1 1)
(176 71 67 1 0)
(176 75 69 1 0)
(176 80 72 1 0)
(177 51 55 1 1)
(177 83 74 1/2 0)
(711/4 79 71 1/4 0)
(178 61 61 1 1)
(178 67 64 1 1)
(178 70 66 1 1)
(178 77 70 3/4 0)
(178 82 73 1 0)
(715/4 79 71 1/4 0)
(179 51 55 1 1)
(179 76 70 4 0)
(179 82 73 1 0)
(180 39 48 1 1)
(181 61 61 1 1)
(181 70 66 1 0)
(181 79 71 1 0)
(182 62 61 1 1)
(182 71 67 1 0)
(182 80 72 1 0)
(183 63 62 1 1)
(183 70 66 6 0)
(183 75 69 1 0)
(183 79 71 1 0)
(184 64 62 1 1)
(184 73 68 5 0)
(184 78 71 1 0)
(185 65 63 1 1)
(185 77 70 1 0)
(186 66 63 1 1)
(186 76 69 3 0)
(187 54 56 1 1)
(188 55 57 1 1)
(189 54 56 1 1)
(190 49 53 1 1)
(191 50 54 1 1)
(192 47 52 1 1)
(192 78 70 1/2 0)
(385/2 83 73 1/2 0)
(193 55 57 1 1)
(193 59 59 1 1)
(193 64 62 1 1)
(193 79 71 1 0)
(194 55 57 1 1)
(194 59 59 1 1)
(194 64 62 1 1)
(194 78 70 1/2 0)
(389/2 76 69 1/2 0)
(195 47 52 1 1)
(195 71 66 3 0)
(196 54 56 1 1)
(196 59 59 1 1)
(196 62 61 1 1)
(197 54 56 1 1)
(197 59 59 1 1)
(197 62 61 1 1)
(198 47 52 1 1)
(198 73 67 1/2 0)
(397/2 76 69 1/2 0)
(199 54 56 1 1)
(199 58 58 1 1)
(199 64 62 1 1)
(199 74 68 1 0)
(200 54 56 1 1)
(200 58 58 1 1)
(200 64 62 1 1)
(200 73 67 1 0)
(201 47 52 1 1)
(201 71 66 3 0)
(202 54 56 1 1)
(202 59 59 1 1)
(202 62 61 1 1)
(203 54 56 1 1)
(203 59 59 1 1)
(203 62 61 1 1)
(204 37 46 1 1)
(204 73 67 1/2 0)
(409/2 71 66 1/2 0)
(205 49 53 1 1)
(205 53 55 1 1)
(205 59 59 1 1)
(205 69 65 1 0)
(206 49 53 1 1)
(206 53 55 1 1)
(206 59 59 1 1)
(206 68 64 1 0)
(207 42 49 1 1)
(207 69 65 1/2 0)
(415/2 73 67 1 0)
(208 49 53 1 1)
(208 57 58 1 1)
(209 61 60 3/2 0)
(421/2 59 59 1/2 0)
(211 57 58 1 0)
(212 56 57 1 0)
(213 57 58 1 0)
(214 61 60 2 0)
(216 49 53 6 1)
(216 56 57 1 1)
(216 59 59 1 0)
(217 54 56 1 1)
(217 57 58 1 0)
(218 57 58 1 1)
(218 61 60 1 0)
(219 56 57 1/2 1)
(219 59 59 1/2 0)
(439/2 54 56 1/2 1)
(439/2 57 58 1/2 0)
(220 57 58 1 1)
(220 61 60 1 0)
(221 57 58 1 1)
(221 61 60 1 0)
(222 49 53 4 1)
(222 56 57 1 1)
(222 59 59 1 0)
(223 54 56 1 1)
(223 58 58 1 0)
(224 58 58 1 1)
(224 61 60 1 0)
(225 56 57 1/2 1)
(225 59 59 1/2 0)
(451/2 54 56 3/2 1)
(451/2 58 58 1/2 0)
(226 42 49 2 1)
(226 66 63 1 0)
(227 78 70 3/2 0)
(228 47 52 1 1)
(457/2 83 73 1/2 0)
(229 55 57 1 1)
(229 59 59 1 1)
(229 64 62 1 1)
(229 79 71 1 0)
(230 55 57 1 1)
(230 59 59 1 1)
(230 64 62 1 1)
(230 78 70 1/2 0)
(461/2 76 69 1/2 0)
(231 47 52 1 1)
(231 71 66 3 0)
(232 54 56 1 1)
(232 59 59 1 1)
(232 62 61 1 1)
(233 54 56 1 1)
(233 59 59 1 1)
(233 62 61 1 1)
(234 47 52 1 1)
(234 73 67 1/2 0)
(469/2 76 69 1/2 0)
(235 54 56 1 1)
(235 58 58 1 1)
(235 64 62 1 1)
(235 74 68 1 0)
(236 54 56 1 1)
(236 58 58 1 1)
(236 64 62 1 1)
(236 73 67 1 0)
(237 47 52 1 1)
(237 71 66 2 0)
(238 54 56 1 1)
(238 59 59 1 1)
(238 62 61 1 1)
(239 50 54 3/2 0)
(240 59 59 1 1)
(240 65 63 1 1)
(481/2 55 57 1/2 0)
(241 52 55 1/3 0)
(241 60 60 1 1)
(241 64 62 1 1)
(724/3 53 56 1/3 0)
(725/3 52 55 1/3 0)
(242 50 54 1/2 0)
(242 60 60 1 1)
(242 64 62 1 1)
(485/2 48 53 1/2 0)
(243 50 54 3/4 0)
(243 55 57 1 1)
(243 59 59 1 1)
(243 65 63 1 1)
(975/4 43 50 1/4 0)
(244 50 54 1 0)
(244 55 57 1 1)
(244 59 59 1 1)
(244 65 63 1 1)
(245 48 53 1 0)
(245 60 60 1 1)
(245 64 62 1 1)
(246 50 54 1/2 0)
(246 59 59 1 1)
(246 65 63 1 1)
(493/2 55 57 1/2 0)
(247 52 55 1/3 0)
(247 60 60 1 1)
(247 64 62 1 1)
(742/3 53 56 1/3 0)
(743/3 52 55 1/3 0)
(248 50 54 1/2 0)
(248 60 60 1 1)
(248 64 62 1 1)
(497/2 48 53 1/2 0)
(249 50 54 3/4 0)
(249 55 57 1 1)
(249 59 59 1 1)
(249 65 63 1 1)
(999/4 43 50 1/4 0)
(250 50 54 1 0)
(250 55 57 1 1)
(250 59 59 1 1)
(250 65 63 1 1)
(251 48 53 1 0)
(251 60 60 1 1)
(251 64 62 1 1)
(252 50 54 3/4 0)
(252 55 57 1 1)
(252 59 59 1 1)
(252 65 63 1 1)
(1011/4 43 50 1/4 0)
(253 48 53 1 0)
(253 60 60 1 1)
(253 64 62 1 1)
(254 50 54 3/4 0)
(254 55 57 1 1)
(254 59 59 1 1)
(254 65 63 1 1)
(1019/4 43 50 1/4 0)
(255 48 53 1 0)
(255 60 60 1 1)
(255 64 62 1 1)
(256 50 54 3/4 0)
(256 55 57 1 1)
(256 59 59 1 1)
(256 65 63 1 1)
(1027/4 43 50 1/4 0)
(257 48 53 1 0)
(257 60 60 1 1)
(257 64 62 1 1)
(258 43 50 3 0)
(258 55 57 3 1)
(261 42 49 3 0)
(261 54 56 3 1)
(264 35 45 1 1)
(264 47 52 1 1)
(264 78 70 1/2 0)
(529/2 83 73 1/2 0)
(265 55 57 1 1)
(265 59 59 1 1)
(265 64 62 1 1)
(265 79 71 1 0)
(266 55 57 1 1)
(266 59 59 1 1)
(266 64 62 1 1)
(266 78 70 1/2 0)
(533/2 76 69 1/2 0)
(267 47 52 1 1)
(267 71 66 3 0)
(268 54 56 1 1)
(268 59 59 1 1)
(268 62 61 1 1)
(269 54 56 1 1)
(269 59 59 1 1)
(269 62 61 1 1)
(270 47 52 1 1)
(270 73 67 1/2 0)
(541/2 76 69 1/2 0)
(271 54 56 1 1)
(271 58 58 1 1)
(271 64 62 1 1)
(271 74 68 1 0)
(272 54 56 1 1)
(272 58 58 1 1)
(272 64 62 1 1)
(272 73 67 1 0)
(273 47 52 1 1)
(273 71 66 3 0)
(274 54 56 1 1)
(274 59 59 1 1)
(274 62 61 1 1)
(275 54 56 1 1)
(275 59 59 1 1)
(275 62 61 1 1)
(276 37 46 1 1)
(276 73 67 1/2 0)
(553/2 71 66 1/2 0)
(277 49 53 1 1)
(277 53 55 1 1)
(277 59 59 1 1)
(277 69 65 1 0)
(278 49 53 1 1)
(278 53 55 1 1)
(278 59 59 1 1)
(278 68 64 1 0)
(279 42 49 1 1)
(279 69 65 1/2 0)
(559/2 73 67 1 0)
(280 49 53 1 1)
(280 57 58 1 1)
(281 61 60 3/2 0)
(565/2 59 59 1/2 0)
(283 57 58 1 0)
(284 56 57 1 0)
(285 57 58 1 0)
(286 61 60 2 0)
(288 49 53 6 1)
(288 56 57 1 1)
(288 59 59 1 0)
(289 54 56 1 1)
(289 57 58 1 0)
(290 57 58 1 1)
(290 61 60 1 0)
(291 56 57 1/2 1)
(291 59 59 1/2 0)
(583/2 54 56 1/2 1)
(583/2 57 58 1/2 0)
(292 57 58 1 1)
(292 61 60 1 0)
(293 57 58 1 1)
(293 61 60 1 0)
(294 49 53 4 1)
(294 56 57 1 1)
(294 59 59 1 0)
(295 54 56 1 1)
(295 58 58 1 0)
(296 58 58 1 1)
(296 61 60 1 0)
(297 56 57 1/2 1)
(297 59 59 1/2 0)
(595/2 54 56 3/2 1)
(595/2 58 58 1/2 0)
(298 42 49 2 1)
(298 66 63 1 0)
(299 78 70 3/2 0)
(300 47 52 1 1)
(601/2 83 73 1/2 0)
(301 55 57 1 1)
(301 59 59 1 1)
(301 64 62 1 1)
(301 79 71 1 0)
(302 55 57 1 1)
(302 59 59 1 1)
(302 64 62 1 1)
(302 78 70 1/2 0)
(605/2 76 69 1/2 0)
(303 47 52 1 1)
(303 71 66 3 0)
(304 54 56 1 1)
(304 59 59 1 1)
(304 62 61 1 1)
(305 54 56 1 1)
(305 59 59 1 1)
(305 62 61 1 1)
(306 47 52 1 1)
(306 73 67 1/2 0)
(613/2 76 69 1/2 0)
(307 54 56 1 1)
(307 58 58 1 1)
(307 64 62 1 1)
(307 74 68 1 0)
(308 54 56 1 1)
(308 58 58 1 1)
(308 64 62 1 1)
(308 73 67 1 0)
(309 47 52 1 1)
(309 71 66 2 0)
(310 54 56 1 1)
(310 59 59 1 1)
(310 62 61 1 1)
(311 50 54 3/2 0)
(312 59 59 1 1)
(312 65 63 1 1)
(625/2 55 57 1/2 0)
(313 52 55 1/3 0)
(313 60 60 1 1)
(313 64 62 1 1)
(940/3 53 56 1/3 0)
(941/3 52 55 1/3 0)
(314 50 54 1/2 0)
(314 60 60 1 1)
(314 64 62 1 1)
(629/2 48 53 1/2 0)
(315 50 54 3/4 0)
(315 55 57 1 1)
(315 59 59 1 1)
(315 65 63 1 1)
(1263/4 43 50 1/4 0)
(316 50 54 1 0)
(316 55 57 1 1)
(316 59 59 1 1)
(316 65 63 1 1)
(317 48 53 1 0)
(317 60 60 1 1)
(317 64 62 1 1)
(318 50 54 1/2 0)
(318 59 59 1 1)
(318 65 63 1 1)
(637/2 55 57 1/2 0)
(319 52 55 1/3 0)
(319 60 60 1 1)
(319 64 62 1 1)
(958/3 53 56 1/3 0)
(959/3 52 55 1/3 0)
(320 50 54 1/2 0)
(320 60 60 1 1)
(320 64 62 1 1)
(641/2 48 53 1/2 0)
(321 50 54 3/4 0)
(321 55 57 1 1)
(321 59 59 1 1)
(321 65 63 1 1)
(1287/4 43 50 1/4 0)
(322 50 54 1 0)
(322 55 57 1 1)
(322 59 59 1 1)
(322 65 63 1 1)
(323 48 53 1 0)
(323 60 60 1 1)
(323 64 62 1 1)
(324 50 54 3/4 0)
(324 55 57 1 1)
(324 59 59 1 1)
(324 65 63 1 1)
(1299/4 43 50 1/4 0)
(325 48 53 1 0)
(325 60 60 1 1)
(325 64 62 1 1)
(326 50 54 3/4 0)
(326 55 57 1 1)
(326 59 59 1 1)
(326 65 63 1 1)
(1307/4 43 50 1/4 0)
(327 48 53 1 0)
(327 60 60 1 1)
(327 64 62 1 1)
(328 50 54 3/4 0)
(328 55 57 1 1)
(328 59 59 1 1)
(328 65 63 1 1)
(1315/4 43 50 1/4 0)
(329 48 53 1 0)
(329 60 60 1 1)
(329 64 62 1 1)
(330 43 50 3 0)
(330 55 57 3 1)
(333 42 50 2 0)
(333 54 57 2 1)
(335 41 49 1 0)
(335 53 56 1 1)
(336 34 45 1 1)
(337 53 56 1 1)
(337 58 59 1 1)
(337 62 61 1 1)
(337 65 63 1 0)
(337 70 66 1 0)
(337 74 68 1 0)
(338 54 57 1 1)
(338 58 59 1 1)
(338 63 62 1 1)
(338 66 64 1 0)
(338 70 66 1 0)
(338 75 69 1 0)
(339 46 52 1 1)
(339 78 71 1/2 0)
(1359/4 74 68 1/4 0)
(340 58 59 2 1)
(340 62 61 2 1)
(340 65 63 2 1)
(340 72 67 3/4 0)
(340 77 70 1 0)
(1363/4 74 68 1/4 0)
(341 53 56 1 1)
(341 70 66 1 0)
(341 77 70 1 0)
(342 34 45 1 1)
(342 82 73 1 0)
(343 53 56 1 1)
(343 58 59 1 1)
(343 62 61 1 1)
(343 65 63 1 0)
(343 70 66 1 0)
(343 74 68 1 0)
(344 54 57 1 1)
(344 58 59 1 1)
(344 63 62 1 1)
(344 66 64 1 0)
(344 70 66 1 0)
(344 75 69 1 0)
(345 46 52 1 1)
(345 78 71 1/2 0)
(1383/4 74 68 1/4 0)
(346 58 59 2 1)
(346 62 61 2 1)
(346 65 63 2 1)
(346 72 67 3/4 0)
(346 77 70 1 0)
(1387/4 74 68 1/4 0)
(347 53 56 1 1)
(347 70 66 1 0)
(347 77 70 1 0)
(348 34 45 1 1)
(349 53 56 1 1)
(349 58 59 1 1)
(349 62 61 1 1)
(349 65 63 1 0)
(349 70 66 1 0)
(349 74 68 1 0)
(350 54 57 1 1)
(350 58 59 1 1)
(350 63 62 1 1)
(350 66 64 1 0)
(350 70 66 1 0)
(350 75 69 1 0)
(351 46 52 1 1)
(351 78 71 1/2 0)
(1407/4 74 68 1/4 0)
(352 58 59 2 1)
(352 62 61 2 1)
(352 65 63 2 1)
(352 72 67 3/4 0)
(352 77 70 1 0)
(1411/4 74 68 1/4 0)
(353 53 56 1 1)
(353 70 66 1 0)
(353 77 70 1 0)
(354 34 45 1 1)
(354 46 52 1 1)
(354 82 73 1 0)
(354 94 80 1 0)
(355 53 56 1 1)
(355 58 59 1 1)
(355 62 61 1 1)
(355 65 63 1 0)
(355 70 66 1 0)
(355 74 68 1 0)
(356 54 57 1 1)
(356 58 59 1 1)
(356 63 62 1 1)
(356 66 64 1 0)
(356 70 66 1 0)
(356 75 69 1 0)
(357 46 52 1 1)
(357 78 71 1/2 0)
(1431/4 74 68 1/4 0)
(358 58 59 2 1)
(358 62 61 2 1)
(358 65 63 2 1)
(358 72 67 3/4 0)
(358 77 70 1 0)
(1435/4 74 68 1/4 0)
(359 53 56 1 1)
(359 70 66 1 0)
(359 77 70 1 0)
(360 39 48 1 1)
(361 58 59 1 1)
(361 63 62 1 1)
(361 67 64 1 1)
(361 70 66 1 0)
(361 75 69 1 0)
(361 79 71 1 0)
(362 59 60 1 1)
(362 63 62 1 1)
(362 68 65 1 1)
(362 71 67 1 0)
(362 75 69 1 0)
(362 80 72 1 0)
(363 51 55 1 1)
(363 83 74 1/2 0)
(1455/4 79 71 1/4 0)
(364 58 59 1 1)
(364 63 62 1 1)
(364 67 64 1 1)
(364 77 70 3/4 0)
(364 82 73 1 0)
(1459/4 79 71 1/4 0)
(365 51 55 1 1)
(365 75 69 1 0)
(365 82 73 1 0)
(366 39 48 1 1)
(366 87 76 1 0)
(366 99 83 1 0)
(367 58 59 1 1)
(367 63 62 1 1)
(367 67 64 1 1)
(367 70 66 1 0)
(367 75 69 1 0)
(367 79 71 1 0)
(368 59 60 1 1)
(368 63 62 1 1)
(368 68 65 1 1)
(368 71 67 1 0)
(368 75 69 1 0)
(368 80 72 1 0)
(369 51 55 1 1)
(369 83 74 1/2 0)
(1479/4 79 71 1/4 0)
(370 61 61 1 1)
(370 67 64 1 1)
(370 70 66 1 1)
(370 77 70 3/4 0)
(370 82 73 1 0)
(1483/4 79 71 1/4 0)
(371 51 55 1 1)
(371 76 70 4 0)
(371 82 73 1 0)
(372 39 48 1 1)
(373 61 61 1 1)
(373 70 66 1 0)
(373 79 71 1 0)
(374 62 61 1 1)
(374 71 67 1 0)
(374 80 72 1 0)
(375 63 62 1 1)
(375 70 66 6 0)
(375 75 69 1 0)
(375 79 71 1 0)
(376 64 62 1 1)
(376 73 68 5 0)
(376 78 71 1 0)
(377 65 63 1 1)
(377 77 70 1 0)
(378 66 63 1 1)
(378 76 69 3 0)
(379 54 56 1 1)
(380 56 57 1 1)
(381 54 56 1 1)
(382 49 53 1 1)
(383 54 56 1 1)
(384 47 52 1 1)
(384 75 68 1/2 0)
(769/2 76 69 1/2 0)
(385 54 56 1 1)
(385 59 59 1 1)
(385 63 61 1 1)
(385 77 69 1 0)
(386 63 61 1 1)
(386 71 66 1 1)
(386 78 70 1 0)
(387 40 48 1 1)
(387 79 70 3/4 0)
(1551/4 80 71 1/4 0)
(388 59 59 1 1)
(388 61 60 1 1)
(388 68 64 1 1)
(388 76 69 3/2 0)
(779/2 75 68 1/2 0)
(390 42 49 1 1)
(390 75 68 1/2 0)
(781/2 73 67 1/2 0)
(391 54 56 1 1)
(391 58 58 1 1)
(391 64 62 1 1)
(391 72 66 1 0)
(392 54 56 1 1)
(392 58 58 1 1)
(392 64 62 1 1)
(392 73 67 1 0)
(393 43 49 1 1)
(393 76 69 2 0)
(394 51 54 1 1)
(394 58 58 1 1)
(394 63 61 1 1)
(395 51 54 1 1)
(395 58 58 1 1)
(395 63 61 1 1)
(395 75 68 1 0)
(396 44 50 1 1)
(396 71 66 1/2 0)
(793/2 73 67 1/2 0)
(397 51 54 1 1)
(397 56 57 1 1)
(397 59 59 1 1)
(397 74 67 1 0)
(398 51 54 1 1)
(398 56 57 1 1)
(398 59 59 1 1)
(398 75 68 1 0)
(399 37 46 1 1)
(399 78 70 1/2 0)
(799/2 76 69 1/2 0)
(400 56 57 1 1)
(400 61 60 1 1)
(400 64 62 1 1)
(400 73 67 1 0)
(401 68 64 1 0)
(402 50 53 1 1)
(402 67 63 3/4 0)
(1611/4 68 64 1/4 0)
(403 56 57 1 1)
(403 59 59 1 1)
(403 65 62 1 1)
(403 71 66 1 0)
(404 56 57 1 1)
(404 58 58 1 1)
(404 65 62 1 1)
(404 70 65 1 0)
(405 51 54 1 1)
(405 67 63 2 0)
(406 55 56 1 1)
(406 58 58 1 1)
(406 63 61 1 1)
(407 49 53 1 1)
(407 54 56 1 1)
(407 58 58 1 1)
(407 64 62 1 1)
(407 66 63 1 0)
(408 47 52 1 1)
(408 75 68 1/2 0)
(817/2 76 69 1/2 0)
(409 54 56 1 1)
(409 59 59 1 1)
(409 63 61 1 1)
(409 78 70 1 0)
(410 87 75 1 0)
(411 40 48 1 1)
(411 85 74 1/2 0)
(823/2 83 73 1/2 0)
(412 59 59 1 1)
(412 61 60 1 1)
(412 64 62 1 1)
(412 68 64 1 1)
(412 80 71 1 0)
(413 76 69 1 0)
(414 42 49 1 1)
(414 75 68 1/2 0)
(829/2 73 67 1/2 0)
(415 54 56 1 1)
(415 58 58 1 1)
(415 64 62 1 1)
(415 72 66 1 0)
(416 54 56 1 1)
(416 58 58 1 1)
(416 64 62 1 1)
(416 73 67 1 0)
(417 43 49 1 1)
(417 76 69 2 0)
(418 51 54 1 1)
(418 58 58 1 1)
(418 63 61 1 1)
(419 51 54 1 1)
(419 58 58 1 1)
(419 63 61 1 1)
(419 75 68 1 0)
(420 44 50 1 1)
(420 75 68 3/2 0)
(421 53 55 1 1)
(421 56 57 1 1)
(421 59 59 1 1)
(421 63 61 1 1)
(843/2 75 68 1/2 0)
(422 73 67 1/2 0)
(845/2 71 66 1/2 0)
(423 46 51 1 1)
(423 70 65 1/2 0)
(847/2 75 68 1/2 0)
(424 54 56 1 1)
(424 58 58 1 1)
(424 63 61 1 1)
(424 78 70 1 0)
(425 54 56 1 1)
(425 58 58 1 1)
(425 63 61 1 1)
(425 83 73 1 0)
(426 46 51 1 1)
(426 82 72 1/2 0)
(853/2 77 69 1/2 0)
(427 56 57 1 1)
(427 58 58 1 1)
(427 62 60 1 1)
(427 80 71 3/2 0)
(428 56 57 1 1)
(428 58 58 1 1)
(428 65 62 1 1)
(857/2 78 70 1/2 0)
(429 51 54 1 1)
(429 75 68 1 0)
(430 54 56 1 1)
(430 58 58 1 1)
(430 63 61 1 1)
(430 66 63 1/2 0)
(861/2 78 70 1/2 0)
(431 49 53 1 1)
(431 54 56 1 1)
(431 58 58 1 1)
(431 64 62 1 1)
(431 77 69 1/2 0)
(863/2 76 69 1/2 0)
(432 47 52 1 1)
(432 75 68 1/2 0)
(865/2 76 69 1/2 0)
(433 57 58 1 1)
(433 59 59 1 1)
(433 63 61 1 1)
(433 77 69 1 0)
(434 59 59 1 1)
(434 63 61 1 1)
(434 69 65 1 1)
(434 78 70 1 0)
(435 40 48 1 1)
(435 79 70 3/4 0)
(1743/4 80 71 1/4 0)
(436 59 59 1 1)
(436 61 60 1 1)
(436 68 64 1 1)
(436 76 69 3/2 0)
(875/2 75 68 1/2 0)
(438 42 49 1 1)
(438 75 68 1/2 0)
(877/2 73 67 1/2 0)
(439 54 56 1 1)
(439 58 58 1 1)
(439 64 62 1 1)
(439 72 66 1 0)
(440 54 56 1 1)
(440 58 58 1 1)
(440 64 62 1 1)
(440 73 67 1 0)
(441 43 49 1 1)
(441 76 69 2 0)
(442 51 54 1 1)
(442 58 58 1 1)
(442 63 61 1 1)
(443 51 54 1 1)
(443 58 58 1 1)
(443 63 61 1 1)
(443 75 68 1 0)
(444 44 50 1 1)
(444 71 66 1/2 0)
(889/2 73 67 1/2 0)
(445 51 54 1 1)
(445 56 57 1 1)
(445 59 59 1 1)
(445 74 67 1 0)
(446 51 54 1 1)
(446 56 57 1 1)
(446 59 59 1 1)
(446 75 68 1 0)
(447 37 46 1 1)
(447 78 70 1/2 0)
(895/2 76 69 1/2 0)
(448 56 57 1 1)
(448 61 60 1 1)
(448 64 62 1 1)
(448 73 67 1 0)
(449 68 64 1 0)
(450 50 53 1 1)
(450 67 63 3/4 0)
(1803/4 68 64 1/4 0)
(451 56 57 1 1)
(451 59 59 1 1)
(451 65 62 1 1)
(451 71 66 1 0)
(452 56 57 1 1)
(452 58 58 1 1)
(452 65 62 1 1)
(452 70 65 1 0)
(453 51 54 1 1)
(453 67 63 2 0)
(454 55 56 1 1)
(454 58 58 1 1)
(454 63 61 1 1)
(455 49 53 1 1)
(455 54 56 1 1)
(455 58 58 1 1)
(455 64 62 1 1)
(455 66 63 1 0)
(456 47 52 1 1)
(456 75 68 1/2 0)
(913/2 76 69 1/2 0)
(457 54 56 1 1)
(457 59 59 1 1)
(457 63 61 1 1)
(457 78 70 1 0)
(458 87 75 1 0)
(459 40 48 1 1)
(459 85 74 1/2 0)
(919/2 83 73 1/2 0)
(460 59 59 1 1)
(460 61 60 1 1)
(460 64 62 1 1)
(460 68 64 1 1)
(460 80 71 1 0)
(461 76 69 1 0)
(462 42 49 1 1)
(462 75 68 1/2 0)
(925/2 73 67 1/2 0)
(463 54 56 1 1)
(463 58 58 1 1)
(463 64 62 1 1)
(463 72 66 1 0)
(464 54 56 1 1)
(464 58 58 1 1)
(464 64 62 1 1)
(464 73 67 1 0)
(465 43 49 1 1)
(465 76 69 2 0)
(466 51 54 1 1)
(466 58 58 1 1)
(466 63 61 1 1)
(467 51 54 1 1)
(467 58 58 1 1)
(467 63 61 1 1)
(467 75 68 1 0)
(468 44 50 1 1)
(468 75 68 3/2 0)
(469 53 55 1 1)
(469 56 57 1 1)
(469 59 59 1 1)
(469 63 61 1 1)
(939/2 75 68 1/2 0)
(470 73 67 1/2 0)
(941/2 71 66 1/2 0)
(471 46 51 1 1)
(471 70 65 1/2 0)
(943/2 75 68 1/2 0)
(472 54 56 1 1)
(472 58 58 1 1)
(472 63 61 1 1)
(472 78 70 1 0)
(473 54 56 1 1)
(473 58 58 1 1)
(473 63 61 1 1)
(473 83 73 1 0)
(474 46 51 1 1)
(474 82 72 1/2 0)
(949/2 77 69 1/2 0)
(475 56 57 1 1)
(475 58 58 1 1)
(475 62 60 1 1)
(475 80 71 3/2 0)
(476 56 57 1 1)
(476 58 58 1 1)
(476 65 62 1 1)
(953/2 78 70 1/2 0)
(477 51 54 1 1)
(477 75 68 2 0)
(478 54 56 1 1)
(478 58 58 1 1)
(478 63 61 1 1)
(479 54 56 1 1)
(479 58 58 1 1)
(479 66 63 1 1)
(479 78 70 1 0)
(480 70 65 1/2 1)
(480 76 69 1/2 1)
(480 80 71 3/4 0)
(480 92 78 3/4 0)
(1923/4 66 63 1/4 1)
(1923/4 78 70 1/4 0)
(1923/4 90 77 1/4 0)
(481 54 56 1 1)
(481 76 69 1 0)
(481 88 76 1 0)
(482 42 49 1 1)
(482 64 62 1 0)
(482 70 65 1 0)
(483 47 52 1/2 1)
(483 63 61 1/2 0)
(483 71 66 1/2 0)
(1935/4 54 56 1/4 1)
(1935/4 66 63 1/4 0)
(1935/4 73 67 1/4 0)
(484 59 59 1 1)
(484 63 61 1 1)
(484 71 66 1 0)
(484 75 68 1 0)
(485 71 66 1 1)
(485 75 68 1 1)
(485 78 70 1 0)
(485 90 77 1 0)
(486 70 65 1/2 1)
(486 76 69 1/2 1)
(486 80 71 3/4 0)
(486 92 78 3/4 0)
(1947/4 66 63 1/4 1)
(1947/4 78 70 1/4 0)
(1947/4 90 77 1/4 0)
(487 54 56 1 1)
(487 76 69 1 0)
(487 88 76 1 0)
(488 42 49 1 1)
(488 64 62 1 0)
(488 70 65 1 0)
(489 47 52 1/2 1)
(489 63 61 1/2 0)
(489 71 66 1/2 0)
(1959/4 54 56 1/4 1)
(1959/4 66 63 1/4 0)
(1959/4 73 67 1/4 0)
(490 59 59 1 1)
(490 63 61 1 1)
(490 71 66 1 0)
(490 75 68 1 0)
(491 75 68 1 0)
(491 78 70 1 0)
(492 52 55 1/2 1)
(492 85 74 1/2 0)
(492 88 76 1/2 0)
(1971/4 73 67 1/4 1)
(1971/4 78 70 1/4 0)
(1971/4 82 72 1/4 0)
(493 64 62 3/4 1)
(493 68 64 3/4 1)
(493 76 69 3/4 0)
(493 80 71 3/4 0)
(1975/4 73 67 1/4 1)
(1975/4 78 70 1/4 0)
(1975/4 82 72 1/4 0)
(494 64 62 1 1)
(494 68 64 1 1)
(494 76 69 1 0)
(494 80 71 1 0)
(495 42 49 1/2 1)
(495 83 73 1/2 0)
(495 87 75 1/2 0)
(1983/4 71 66 1/4 1)
(1983/4 76 69 1/4 0)
(1983/4 80 71 1/4 0)
(496 63 61 3/4 1)
(496 66 63 3/4 1)
(496 75 68 3/4 0)
(496 78 70 3/4 0)
(1987/4 71 66 1/4 1)
(1987/4 76 69 1/4 0)
(1987/4 80 71 1/4 0)
(497 63 61 1 1)
(497 66 63 1 1)
(497 75 68 1 0)
(497 78 70 1 0)
(498 42 49 1/2 1)
(498 82 72 1/2 0)
(498 85 74 1/2 0)
(1995/4 70 65 1/4 1)
(1995/4 75 68 1/4 0)
(1995/4 78 70 1/4 0)
(499 61 60 3/4 1)
(499 64 62 3/4 1)
(499 73 67 3/4 0)
(499 76 69 3/4 0)
(1999/4 70 65 1/4 1)
(1999/4 75 68 1/4 0)
(1999/4 78 70 1/4 0)
(500 61 60 1 1)
(500 64 62 1 1)
(500 73 67 1 0)
(500 76 69 1 0)
(501 47 52 1 1)
(501 71 66 1/2 0)
(501 75 68 1/2 0)
(2007/4 73 67 1/4 0)
(2007/4 76 69 1/4 0)
(502 59 59 2 1)
(502 65 62 1 1)
(502 74 67 1 0)
(502 80 71 1 0)
(503 66 63 1 1)
(503 75 68 1 0)
(503 78 70 1 0)
(504 70 65 1/2 1)
(504 76 69 1/2 1)
(504 80 71 3/4 0)
(504 92 78 3/4 0)
(2019/4 66 63 1/4 1)
(2019/4 78 70 1/4 0)
(2019/4 90 77 1/4 0)
(505 54 56 1 1)
(505 76 69 1 0)
(505 88 76 1 0)
(506 42 49 1 1)
(506 64 62 1 0)
(506 70 65 1 0)
(507 47 52 1/2 1)
(507 63 61 1/2 0)
(507 71 66 1/2 0)
(2031/4 54 56 1/4 1)
(2031/4 66 63 1/4 0)
(2031/4 73 67 1/4 0)
(508 59 59 1 1)
(508 63 61 1 1)
(508 71 66 1 0)
(508 75 68 1 0)
(509 71 66 1 1)
(509 75 68 1 1)
(509 78 70 1 0)
(509 90 77 1 0)
(510 70 65 3/4 1)
(510 76 69 3/4 1)
(510 80 71 3/4 0)
(510 92 78 3/4 0)
(2043/4 66 63 1/4 1)
(2043/4 78 70 1/4 0)
(2043/4 90 77 1/4 0)
(511 54 56 1 1)
(511 76 69 1 0)
(511 88 76 1 0)
(512 42 49 1 1)
(512 64 62 1 0)
(512 70 65 1 0)
(513 47 52 1/2 1)
(513 63 61 1/2 0)
(513 71 66 1/2 0)
(2055/4 54 56 1/4 1)
(2055/4 66 63 1/4 0)
(2055/4 73 67 1/4 0)
(514 59 59 1 1)
(514 63 61 1 1)
(514 71 66 1 0)
(514 75 68 1 0)
(515 75 68 1 0)
(515 78 70 1 0)
(516 52 55 1/2 1)
(516 85 74 1/2 0)
(516 88 76 1/2 0)
(2067/4 73 67 1/4 1)
(2067/4 78 70 1/4 0)
(2067/4 82 72 1/4 0)
(517 64 62 3/4 1)
(517 68 64 3/4 1)
(517 76 69 3/4 0)
(517 80 71 3/4 0)
(2071/4 73 67 1/4 1)
(2071/4 78 70 1/4 0)
(2071/4 82 72 1/4 0)
(518 64 62 1 1)
(518 68 64 1 1)
(518 76 69 1 0)
(518 80 71 1 0)
(519 42 49 1/2 1)
(519 83 73 1/2 0)
(519 87 75 1/2 0)
(2079/4 71 66 1/4 1)
(2079/4 76 69 1/4 0)
(2079/4 80 71 1/4 0)
(520 63 61 3/4 1)
(520 66 63 3/4 1)
(520 75 68 3/4 0)
(520 78 70 3/4 0)
(2083/4 71 66 1/4 1)
(2083/4 76 69 1/4 0)
(2083/4 80 71 1/4 0)
(521 63 61 1 1)
(521 66 63 1 1)
(521 75 68 1 0)
(521 78 70 1 0)
(522 42 49 1/2 1)
(522 82 72 1/2 0)
(522 85 74 1/2 0)
(2091/4 70 65 1/4 1)
(2091/4 75 68 1/4 0)
(2091/4 78 70 1/4 0)
(523 61 60 3/4 1)
(523 64 62 3/4 1)
(523 73 67 3/4 0)
(523 76 69 3/4 0)
(2095/4 70 65 1/4 1)
(2095/4 75 68 1/4 0)
(2095/4 78 70 1/4 0)
(524 61 60 1 1)
(524 64 62 1 1)
(524 73 67 1 0)
(524 76 69 1 0)
(2103/4 56 57 1/4 1)
(526 54 56 3/4 1)
(2107/4 56 57 1/4 1)
(527 54 56 1 1)
(528 56 57 3/4 1)
(2115/4 54 56 1/4 1)
(529 52 55 1 1)
(530 42 49 1 1)
(531 47 52 3/4 1)
(2127/4 49 53 1/4 1)
(532 51 54 1 1)
(533 54 56 1 1)
(534 56 57 3/4 1)
(2139/4 54 56 1/4 1)
(535 52 55 1 1)
(536 42 49 1 1)
(537 47 52 3/4 1)
(2151/4 49 53 1/4 1)
(538 51 54 1 1)
(539 54 56 1 1)
(540 64 62 3 1)
(2163/4 58 58 1/4 1)
(541 56 57 3/4 1)
(2167/4 58 58 1/4 1)
(542 56 57 1 1)
(543 63 61 3 1)
(2175/4 56 57 1/4 1)
(544 54 56 3/4 1)
(2179/4 56 57 1/4 1)
(545 54 56 1 1)
(546 61 60 3 1)
(2187/4 54 56 1/4 1)
(547 52 55 3/4 1)
(2191/4 54 56 1/4 1)
(548 52 55 1 1)
(549 51 54 3/4 1)
(2199/4 52 55 1/4 1)
(550 56 57 3/2 1)
(1103/2 54 56 1/2 1)
(552 56 57 3/4 1)
(2211/4 54 56 1/4 1)
(553 52 55 1 1)
(554 42 49 1 1)
(555 47 52 3/4 1)
(2223/4 49 53 1/4 1)
(556 51 54 1 1)
(557 54 56 1 1)
(558 55 57 3/4 1)
(2235/4 54 56 1/4 1)
(559 52 55 1 1)
(560 42 49 1 1)
(561 47 52 3/4 1)
(2247/4 49 53 1/4 1)
(562 50 54 1 1)
(563 54 56 1 1)
(564 55 57 1/2 1)
(1129/2 54 56 1/2 1)
(565 52 55 1 1)
(566 43 50 1 1)
(567 55 57 1/2 1)
(1135/2 54 56 1/2 1)
(568 52 55 1 1)
(569 44 50 1 1)
(570 55 57 3/4 1)
(2283/4 54 56 1/4 1)
(571 52 55 1 1)
(572 45 51 1 1)
(573 55 57 3/4 1)
(2295/4 54 56 1/4 1)
(574 52 55 1 1)
(575 46 51 1 1)
(576 47 52 1 1)
(576 78 70 1/2 0)
(1153/2 83 73 1/2 0)
(577 55 57 1 1)
(577 59 59 1 1)
(577 64 62 1 1)
(577 79 71 1 0)
(578 55 57 1 1)
(578 59 59 1 1)
(578 64 62 1 1)
(578 78 70 1/2 0)
(1157/2 76 69 1/2 0)
(579 47 52 1 1)
(579 71 66 3 0)
(580 54 56 1 1)
(580 59 59 1 1)
(580 62 61 1 1)
(581 54 56 1 1)
(581 59 59 1 1)
(581 62 61 1 1)
(582 47 52 1 1)
(582 73 67 1/2 0)
(1165/2 76 69 1/2 0)
(583 54 56 1 1)
(583 58 58 1 1)
(583 64 62 1 1)
(583 74 68 1 0)
(584 54 56 1 1)
(584 58 58 1 1)
(584 64 62 1 1)
(584 73 67 1 0)
(585 47 52 1 1)
(585 71 66 3 0)
(586 54 56 1 1)
(586 59 59 1 1)
(586 62 61 1 1)
(587 54 56 1 1)
(587 59 59 1 1)
(587 62 61 1 1)
(588 37 46 1 1)
(588 73 67 1/2 0)
(1177/2 71 66 1/2 0)
(589 49 53 1 1)
(589 53 55 1 1)
(589 59 59 1 1)
(589 69 65 1 0)
(590 49 53 1 1)
(590 53 55 1 1)
(590 59 59 1 1)
(590 68 64 1 0)
(591 42 49 1 1)
(591 69 65 1/2 0)
(1183/2 73 67 1 0)
(592 49 53 1 1)
(592 57 58 1 1)
(593 61 60 3/2 0)
(1189/2 59 59 1/2 0)
(595 57 58 1 0)
(596 56 57 1 0)
(597 57 58 1 0)
(598 61 60 2 0)
(600 49 53 6 1)
(600 56 57 1 1)
(600 59 59 1 0)
(601 54 56 1 1)
(601 57 58 1 0)
(602 57 58 1 1)
(602 61 60 1 0)
(603 56 57 1/2 1)
(603 59 59 1/2 0)
(1207/2 54 56 1/2 1)
(1207/2 57 58 1/2 0)
(604 57 58 1 1)
(604 61 60 1 0)
(605 57 58 1 1)
(605 61 60 1 0)
(606 49 53 4 1)
(606 56 57 1 1)
(606 59 59 1 0)
(607 54 56 1 1)
(607 58 58 1 0)
(608 58 58 1 1)
(608 61 60 1 0)
(609 56 57 1/2 1)
(609 59 59 1/2 0)
(1219/2 54 56 3/2 1)
(1219/2 58 58 1/2 0)
(610 42 49 2 1)
(610 66 63 1 0)
(611 78 70 3/2 0)
(612 47 52 1 1)
(1225/2 83 73 1/2 0)
(613 55 57 1 1)
(613 59 59 1 1)
(613 64 62 1 1)
(613 79 71 1 0)
(614 55 57 1 1)
(614 59 59 1 1)
(614 64 62 1 1)
(614 78 70 1/2 0)
(1229/2 76 69 1/2 0)
(615 47 52 1 1)
(615 71 66 3 0)
(616 54 56 1 1)
(616 59 59 1 1)
(616 62 61 1 1)
(617 54 56 1 1)
(617 59 59 1 1)
(617 62 61 1 1)
(618 47 52 1 1)
(618 73 67 1/2 0)
(1237/2 76 69 1/2 0)
(619 54 56 1 1)
(619 58 58 1 1)
(619 64 62 1 1)
(619 74 68 1 0)
(620 54 56 1 1)
(620 58 58 1 1)
(620 64 62 1 1)
(620 73 67 1 0)
(621 47 52 1 1)
(621 71 66 2 0)
(622 54 56 1 1)
(622 59 59 1 1)
(622 62 61 1 1)
(623 50 54 3/2 0)
(624 59 59 1 1)
(624 65 63 1 1)
(1249/2 55 57 1/2 0)
(625 52 55 1/3 0)
(625 60 60 1 1)
(625 64 62 1 1)
(1876/3 53 56 1/3 0)
(1877/3 52 55 1/3 0)
(626 50 54 1/2 0)
(626 60 60 1 1)
(626 64 62 1 1)
(1253/2 48 53 1/2 0)
(627 50 54 3/4 0)
(627 55 57 1 1)
(627 59 59 1 1)
(627 65 63 1 1)
(2511/4 43 50 1/4 0)
(628 50 54 1 0)
(628 55 57 1 1)
(628 59 59 1 1)
(628 65 63 1 1)
(629 48 53 1 0)
(629 60 60 1 1)
(629 64 62 1 1)
(630 50 54 1/2 0)
(630 59 59 1 1)
(630 65 63 1 1)
(1261/2 55 57 1/2 0)
(631 52 55 1/3 0)
(631 60 60 1 1)
(631 64 62 1 1)
(1894/3 53 56 1/3 0)
(1895/3 52 55 1/3 0)
(632 50 54 1/2 0)
(632 60 60 1 1)
(632 64 62 1 1)
(1265/2 48 53 1/2 0)
(633 50 54 3/4 0)
(633 55 57 1 1)
(633 59 59 1 1)
(633 65 63 1 1)
(2535/4 43 50 1/4 0)
(634 50 54 1 0)
(634 55 57 1 1)
(634 59 59 1 1)
(634 65 63 1 1)
(635 48 53 1 0)
(635 60 60 1 1)
(635 64 62 1 1)
(636 50 54 3/4 0)
(636 55 57 1 1)
(636 59 59 1 1)
(636 65 63 1 1)
(2547/4 43 50 1/4 0)
(637 48 53 1 0)
(637 60 60 1 1)
(637 64 62 1 1)
(638 50 54 3/4 0)
(638 55 57 1 1)
(638 59 59 1 1)
(638 65 63 1 1)
(2555/4 43 50 1/4 0)
(639 48 53 1 0)
(639 60 60 1 1)
(639 64 62 1 1)
(640 50 54 3/4 0)
(640 55 57 1 1)
(640 59 59 1 1)
(640 65 63 1 1)
(2563/4 43 50 1/4 0)
(641 48 53 1 0)
(641 60 60 1 1)
(641 64 62 1 1)
(642 50 54 3/4 0)
(642 55 57 1 1)
(642 59 59 1 1)
(642 65 63 1 1)
(2571/4 43 50 1/4 0)
(643 50 54 1 0)
(643 55 57 1 1)
(643 59 59 1 1)
(643 65 63 1 1)
(644 48 53 1 0)
(644 60 60 1 1)
(644 64 62 1 1)
(645 50 54 3/4 0)
(645 55 57 1 1)
(645 59 59 1 1)
(645 65 63 1 1)
(2583/4 43 50 1/4 0)
(646 50 54 1 0)
(646 55 57 1 1)
(646 59 59 1 1)
(646 65 63 1 1)
(647 48 53 1 0)
(647 60 60 1 1)
(647 64 62 1 1)
(648 67 64 3 1)
(651 60 60 3 1)
(654 67 64 3 1)
(657 60 60 3 1)
(660 67 64 6 1)
(666 67 64 1 0)
(667 60 60 3/2 0)
(1337/2 59 59 1/2 0)
(669 42 49 1 1)
(669 52 55 3/4 1)
(669 58 58 3/4 1)
(669 61 60 3/4 1)
(2679/4 54 56 5/4 1)
(670 42 49 1 1)
(670 52 55 1 1)
(670 58 58 1 1)
(670 61 60 1 1)
(671 35 45 1 1)
(671 47 52 1 1)
(671 50 54 1 1)
(671 54 56 1 1)
(671 59 59 1 1)
