(-1 67 64 1 0)
(0 55 57 2 1)
(0 65 63 1 0)
(0 71 66 1 0)
(0 74 68 1 0)
(1 65 63 2 0)
(1 67 64 3 1)
(1 71 66 2 0)
(1 76 69 3/2 0)
(2 55 57 1 1)
(5/2 74 68 1/2 0)
(3 60 60 2 1)
(3 64 62 1 0)
(3 72 67 3/4 0)
(15/4 71 66 1/4 0)
(4 64 62 2 0)
(4 67 64 3 1)
(4 72 67 3/2 0)
(5 55 57 1 1)
(11/2 73 67 1/2 0)
(6 59 59 1 1)
(6 65 63 1 0)
(6 74 68 3/4 0)
(27/4 75 68 1/4 0)
(7 65 63 2 0)
(7 67 64 3 1)
(7 71 66 2 0)
(7 76 69 3/2 0)
(8 55 57 1 1)
(17/2 74 68 1/2 0)
(9 60 60 2 1)
(9 64 62 1 0)
(9 72 67 3/4 0)
(39/4 71 66 1/4 0)
(10 64 62 2 0)
(10 67 64 2 1)
(10 72 67 2 0)
(11 60 60 1 1)
(12 52 55 2 1)
(12 62 61 1 0)
(12 68 64 1 0)
(12 71 66 1 0)
(13 62 61 2 0)
(13 64 62 3 1)
(13 68 64 2 0)
(13 72 67 3/2 0)
(14 52 55 1 1)
(29/2 71 66 1/2 0)
(15 57 58 2 1)
(15 61 60 1 0)
(15 67 64 1 0)
(15 69 65 3/4 0)
(63/4 68 64 1/4 0)
(16 61 60 2 0)
(16 64 62 2 1)
(16 67 64 2 0)
(16 69 65 3/2 0)
(17 57 58 1 1)
(35/2 71 66 1/2 0)
(18 50 54 1 1)
(18 66 63 1 0)
(18 72 67 3/4 0)
(75/4 73 67 1/4 0)
(19 66 63 2 0)
(19 69 65 2 1)
(19 72 67 2 0)
(19 76 69 3/2 0)
(20 62 61 1 1)
(41/2 74 68 1/2 0)
(21 55 57 1 1)
(21 65 63 1 0)
(21 71 66 1 0)
(21 73 67 1/2 0)
(87/4 74 68 1/4 0)
(22 65 63 2 0)
(22 67 64 2 0)
(22 71 66 2 0)
(22 79 71 2 0)
(23 55 57 1 1)
(24 65 63 1 0)
(24 71 66 1 0)
(24 74 68 1 0)
(25 65 63 2 0)
(25 67 64 3 1)
(25 71 66 2 0)
(25 76 69 3/2 0)
(26 55 57 1 1)
(53/2 74 68 1/2 0)
(27 60 60 2 1)
(27 64 62 1 0)
(27 72 67 3/4 0)
(111/4 71 66 1/4 0)
(28 64 62 2 0)
(28 67 64 3 1)
(28 72 67 3/2 0)
(29 55 57 1 1)
(59/2 73 67 1/2 0)
(30 59 59 1 1)
(30 65 63 1 0)
(30 74 68 3/4 0)
(123/4 75 68 1/4 0)
(31 65 63 2 0)
(31 67 64 3 1)
(31 71 66 2 0)
(31 76 69 3/2 0)
(32 55 57 1 1)
(65/2 74 68 1/2 0)
(33 60 60 2 1)
(33 64 62 1 0)
(33 72 67 3/4 0)
(135/4 71 66 1/4 0)
(34 64 62 2 0)
(34 67 64 2 1)
(34 72 67 2 0)
(35 60 60 1 1)
(36 50 54 2 1)
(36 60 60 1 0)
(36 65 63 1 0)
(36 69 65 1 0)
(37 60 60 2 0)
(37 62 61 3 1)
(37 65 63 2 0)
(37 71 66 3/2 0)
(38 50 54 1 1)
(77/2 69 65 1/2 0)
(39 55 57 2 1)
(39 59 59 1 0)
(39 65 63 1 0)
(39 67 64 3/4 0)
(159/4 66 63 1/4 0)
(40 59 59 2 0)
(40 62 61 2 1)
(40 65 63 2 0)
(40 67 64 3/2 0)
(41 55 57 1 1)
(83/2 69 65 1/2 0)
(42 43 50 1 1)
(42 65 63 1 0)
(42 67 64 1 0)
(42 71 66 1/2 0)
(171/4 72 67 1/4 0)
(43 65 63 2 0)
(43 67 64 2 1)
(43 71 66 2 0)
(43 76 69 3/2 0)
(44 55 57 1 1)
(89/2 74 68 1/2 0)
(45 48 53 2 1)
(45 64 62 1 0)
(45 71 66 1/2 0)
(183/4 72 67 1/4 0)
(46 55 57 1 1)
(46 64 62 1 1)
(46 84 74 1 0)
(47 72 67 3/2 0)
(48 37 47 1 1)
(97/2 70 66 1/2 0)
(49 52 56 1 1)
(49 56 58 1 1)
(49 61 61 1 1)
(49 68 65 1 0)
(50 52 56 1 1)
(50 56 58 1 1)
(50 61 61 1 1)
(50 64 63 1 0)
(51 39 48 1 1)
(51 62 61 1/2 0)
(103/2 63 62 1/2 0)
(52 51 55 1 1)
(52 56 58 1 1)
(52 60 60 1 1)
(52 67 64 1 0)
(53 51 55 1 1)
(53 56 58 1 1)
(53 60 60 1 1)
(53 68 65 1 0)
(54 39 48 1 1)
(54 69 65 1/2 0)
(109/2 70 66 1/2 0)
(55 61 61 1 1)
(55 63 62 1 1)
(55 67 64 1 1)
(55 72 67 1 0)
(56 61 61 1 1)
(56 63 62 1 1)
(56 67 64 1 1)
(56 73 68 1 0)
(57 56 58 3 1)
(57 74 68 2 0)
(58 59 59 1 1)
(58 65 63 1 1)
(58 68 65 1 1)
(59 60 60 1 1)
(59 63 62 1 1)
(59 68 65 1 1)
(59 75 69 3/2 0)
(60 51 55 1 1)
(121/2 76 69 1/2 0)
(61 61 61 1 1)
(61 63 62 1 1)
(61 67 64 1 1)
(61 77 70 3/2 0)
(62 61 61 1 1)
(62 63 62 1 1)
(62 67 64 1 1)
(125/2 75 69 1/2 0)
(63 56 58 2 1)
(63 73 68 1/2 0)
(127/2 72 67 1/2 0)
(64 60 60 1 1)
(64 63 62 1 1)
(64 68 65 1 1)
(64 73 68 3/2 0)
(65 51 55 1 1)
(131/2 72 67 1/2 0)
(66 39 48 1 1)
(66 62 61 1/2 0)
(66 71 66 1/2 0)
(133/2 63 62 1/2 0)
(133/2 72 67 1/2 0)
(67 51 55 1 1)
(67 55 57 1 1)
(67 61 61 1 1)
(67 65 63 3/2 0)
(67 73 68 3/2 0)
(68 51 55 1 1)
(68 55 57 1 1)
(68 61 61 1 1)
(137/2 63 62 1/2 0)
(137/2 72 67 1/2 0)
(69 44 51 1 1)
(69 61 61 1/2 0)
(69 70 66 1/2 0)
(139/2 60 60 1/2 0)
(139/2 68 65 1/2 0)
(70 51 55 1 1)
(70 56 58 1 1)
(70 61 61 1 0)
(70 70 66 1 0)
(71 51 55 1 1)
(71 56 58 1 1)
(71 60 60 1 0)
(71 68 65 1 0)
(72 39 48 1 1)
(72 63 62 1/2 0)
(72 72 67 1/2 0)
(145/2 65 63 1/2 0)
(145/2 73 68 1/2 0)
(73 51 55 1 1)
(73 58 59 1 1)
(73 61 61 1 0)
(73 65 63 1 0)
(74 51 55 1 1)
(74 58 59 1 0)
(74 67 64 1 0)
(75 44 51 1 1)
(75 59 59 1/2 0)
(75 62 61 1/2 0)
(151/2 60 60 1/2 0)
(151/2 63 62 1/2 0)
(76 51 55 1 1)
(76 58 59 1 1)
(76 61 61 1 0)
(76 67 64 1 0)
(77 51 55 1 1)
(77 56 58 1 1)
(77 60 60 1 0)
(77 68 65 1 0)
(78 39 48 1 1)
(78 66 63 1/2 0)
(78 69 65 1/2 0)
(157/2 67 64 1/2 0)
(157/2 70 66 1/2 0)
(79 61 61 1 1)
(79 63 62 1 1)
(79 67 64 1 1)
(79 68 65 1 0)
(79 72 67 1 0)
(80 61 61 1 1)
(80 63 62 1 1)
(80 67 64 1 1)
(80 70 66 1 0)
(80 73 68 1 0)
(81 56 58 3 1)
(81 71 66 2 0)
(81 74 68 2 0)
(82 59 59 1 1)
(82 65 63 1 1)
(82 68 65 2 1)
(83 60 60 1 1)
(83 63 62 1 1)
(83 72 67 1 0)
(83 75 69 1 0)
(84 51 55 1 1)
(84 72 67 1 0)
(84 75 69 1/2 0)
(169/2 76 69 1/2 0)
(85 61 61 1 1)
(85 63 62 1 1)
(85 67 64 1 1)
(85 73 68 3/2 0)
(85 77 70 3/2 0)
(86 61 61 1 1)
(86 63 62 1 1)
(86 67 64 1 1)
(173/2 72 67 1/2 0)
(173/2 75 69 1/2 0)
(87 56 58 2 1)
(87 70 66 1/2 0)
(87 73 68 1/2 0)
(175/2 68 65 1/2 0)
(175/2 72 67 1/2 0)
(88 60 60 1 1)
(88 63 62 1 1)
(88 70 66 1 0)
(88 73 68 1 0)
(89 51 55 1 1)
(89 68 65 1 0)
(89 72 67 1 0)
(90 39 48 1 1)
(90 62 61 1/2 0)
(90 71 66 1/2 0)
(181/2 63 62 1/2 0)
(181/2 72 67 1/2 0)
(91 51 55 1 1)
(91 55 57 1 1)
(91 61 61 1 1)
(91 65 63 3/2 0)
(91 73 68 3/2 0)
(92 51 55 1 1)
(92 55 57 1 1)
(92 61 61 1 1)
(185/2 63 62 1/2 0)
(185/2 72 67 1/2 0)
(93 44 51 1 1)
(93 61 61 1/2 0)
(93 70 66 1/2 0)
(187/2 60 60 1/2 0)
(187/2 68 65 1/2 0)
(94 51 55 1 1)
(94 56 58 1 1)
(94 61 61 3/2 0)
(94 70 66 3/2 0)
(95 51 55 1 1)
(95 56 58 1 1)
(191/2 60 60 1/2 0)
(191/2 68 65 1/2 0)
(96 43 50 1 1)
(96 65 63 1 0)
(96 71 66 1 0)
(96 74 68 1 0)
(97 65 63 2 0)
(97 67 64 3 1)
(97 71 66 2 0)
(97 76 69 3/2 0)
(98 55 57 1 1)
(197/2 74 68 1/2 0)
(99 60 60 2 1)
(99 64 62 1 0)
(99 72 67 3/4 0)
(399/4 71 66 1/4 0)
(100 64 62 2 0)
(100 67 64 3 1)
(100 72 67 3/2 0)
(101 55 57 1 1)
(203/2 73 67 1/2 0)
(102 59 59 1 1)
(102 65 63 1 0)
(102 74 68 3/4 0)
(411/4 75 68 1/4 0)
(103 65 63 2 0)
(103 67 64 3 1)
(103 71 66 2 0)
(103 76 69 3/2 0)
(104 55 57 1 1)
(209/2 74 68 1/2 0)
(105 60 60 2 1)
(105 64 62 1 0)
(105 72 67 3/4 0)
(423/4 71 66 1/4 0)
(106 64 62 2 0)
(106 67 64 2 1)
(106 72 67 2 0)
(107 60 60 1 1)
(108 52 55 2 1)
(108 62 61 1 0)
(108 68 64 1 0)
(108 71 66 1 0)
(109 62 61 2 0)
(109 64 62 3 1)
(109 68 64 2 0)
(109 72 67 3/2 0)
(110 52 55 1 1)
(221/2 71 66 1/2 0)
(111 57 58 2 1)
(111 61 60 1 0)
(111 67 64 1 0)
(111 69 65 3/4 0)
(447/4 68 64 1/4 0)
(112 61 60 2 0)
(112 64 62 2 1)
(112 67 64 2 0)
(112 69 65 3/2 0)
(113 57 58 1 1)
(227/2 71 66 1/2 0)
(114 50 54 1 1)
(114 66 63 1 0)
(114 72 67 3/4 0)
(459/4 73 67 1/4 0)
(115 66 63 2 0)
(115 69 65 2 1)
(115 72 67 2 0)
(115 76 69 3/2 0)
(116 62 61 1 1)
(233/2 74 68 1/2 0)
(117 55 57 1 1)
(117 65 63 1 0)
(117 71 66 1 0)
(117 73 67 1/2 0)
(471/4 74 68 1/4 0)
(118 65 63 2 0)
(118 67 64 2 0)
(118 71 66 2 0)
(118 79 71 2 0)
(119 55 57 1 1)
(120 43 50 1 1)
(120 65 63 1 0)
(120 71 66 1 0)
(120 74 68 1 0)
(121 65 63 2 0)
(121 67 64 3 1)
(121 71 66 2 0)
(121 76 69 3/2 0)
(122 55 57 1 1)
(245/2 74 68 1/2 0)
(123 60 60 2 1)
(123 64 62 1 0)
(123 72 67 3/4 0)
(495/4 71 66 1/4 0)
(124 64 62 2 0)
(124 67 64 3 1)
(124 72 67 3/2 0)
(125 55 57 1 1)
(251/2 73 67 1/2 0)
(126 59 59 1 1)
(126 65 63 1 0)
(126 74 68 3/4 0)
(507/4 75 68 1/4 0)
(127 65 63 2 0)
(127 67 64 3 1)
(127 71 66 2 0)
(127 76 69 3/2 0)
(128 55 57 1 1)
(257/2 74 68 1/2 0)
(129 60 60 2 1)
(129 64 62 1 0)
(129 72 67 3/4 0)
(519/4 71 66 1/4 0)
(130 64 62 2 0)
(130 67 64 2 1)
(130 72 67 2 0)
(131 60 60 1 1)
(132 50 54 2 1)
(132 60 60 1 0)
(132 65 63 1 0)
(132 69 65 1 0)
(133 60 60 2 0)
(133 62 61 3 1)
(133 65 63 2 0)
(133 71 66 3/2 0)
(134 50 54 1 1)
(269/2 69 65 1/2 0)
(135 55 57 2 1)
(135 59 59 1 0)
(135 65 63 1 0)
(135 67 64 3/4 0)
(543/4 66 63 1/4 0)
(136 59 59 2 0)
(136 62 61 2 1)
(136 65 63 2 0)
(136 67 64 3/2 0)
(137 55 57 1 1)
(275/2 69 65 1/2 0)
(138 43 50 1 1)
(138 65 63 1 0)
(138 67 64 1 0)
(138 71 66 1/2 0)
(555/4 72 67 1/4 0)
(139 65 63 2 0)
(139 67 64 2 1)
(139 71 66 2 0)
(139 76 69 3/2 0)
(140 55 57 1 1)
(281/2 74 68 1/2 0)
(141 48 53 2 1)
(141 64 62 1 0)
(141 71 66 1/2 0)
(567/4 72 67 1/4 0)
(142 55 57 1 1)
(142 64 62 1 1)
(142 84 74 1 0)
