(-1 69 65 3/2 0)
(0 50 54 1 1)
(0 66 63 1 0)
(1/2 73 67 1/2 0)
(1 50 54 1 1)
(1 57 58 1 1)
(1 62 61 1 1)
(1 66 63 1 0)
(1 74 68 1/2 0)
(3/2 76 69 1/2 0)
(2 50 54 1 1)
(2 57 58 1 1)
(2 62 61 1 1)
(2 66 63 1 0)
(2 78 70 1/2 0)
(5/2 79 71 1/2 0)
(3 45 51 1 1)
(3 78 70 1 0)
(4 52 55 1 1)
(4 57 58 1 1)
(4 61 60 1 1)
(4 67 64 1 0)
(4 76 69 1/2 0)
(9/2 74 68 1/2 0)
(5 52 55 1 1)
(5 57 58 1 1)
(5 61 60 1 1)
(5 67 64 1 0)
(5 73 67 1/2 0)
(11/2 71 66 1/2 0)
(6 38 47 1 1)
(6 69 65 1/2 0)
(13/2 74 68 1/2 0)
(7 50 54 1 1)
(7 57 58 1 1)
(7 62 61 1 1)
(7 66 63 1 0)
(7 74 68 1/3 0)
(22/3 76 69 1/3 0)
(23/3 74 68 1/3 0)
(8 50 54 1 1)
(8 57 58 1 1)
(8 62 61 1 1)
(8 66 63 1 0)
(8 73 67 1/2 0)
(17/2 71 66 1/2 0)
(9 45 51 1 1)
(9 73 67 2 0)
(10 57 58 1 1)
(10 64 62 1 0)
(10 69 65 1 0)
(11 57 58 1 1)
(11 64 62 1 1)
(11 67 64 1 0)
(11 69 65 1 0)
(12 50 54 1 1)
(12 69 65 1/2 0)
(25/2 73 67 1/2 0)
(13 57 58 1 1)
(13 62 61 1 1)
(13 66 63 1 0)
(13 74 68 1/2 0)
(27/2 76 69 1/2 0)
(14 50 54 1 1)
(14 57 58 1 1)
(14 62 61 1 1)
(14 66 63 1 0)
(14 78 70 1/2 0)
(29/2 79 71 1/2 0)
(15 43 50 1 1)
(15 78 70 1 0)
(16 59 59 1 1)
(16 64 62 1 1)
(16 67 64 1 0)
(16 76 69 1/2 0)
(33/2 74 68 1/2 0)
(17 52 55 1 1)
(17 59 59 1 1)
(17 64 62 1 1)
(17 67 64 1 0)
(17 73 67 1/2 0)
(35/2 71 66 1/2 0)
(18 45 51 1 1)
(18 69 65 1/2 0)
(37/2 73 67 1/2 0)
(19 57 58 1 1)
(19 64 62 1 1)
(19 67 64 1 0)
(19 73 67 1/3 0)
(58/3 74 68 1/3 0)
(59/3 73 67 1/3 0)
(20 57 58 1 1)
(20 64 62 1 1)
(20 67 64 1 0)
(20 71 66 1/2 0)
(41/2 69 65 1/2 0)
(21 38 47 1 1)
(21 74 68 3 0)
(22 50 54 1 1)
(22 57 58 1 1)
(22 62 61 1 1)
(22 66 63 1 0)
(23 50 54 2 1)
(23 57 58 2 1)
(23 62 61 2 1)
(23 66 63 2 0)
(24 69 65 1/2 0)
(49/2 73 67 1/2 0)
(25 50 54 1 1)
(25 57 58 1 1)
(25 62 61 1 1)
(25 66 63 1 0)
(25 74 68 1/2 0)
(51/2 76 69 1/2 0)
(26 50 54 1 1)
(26 57 58 1 1)
(26 62 61 1 1)
(26 66 63 1 0)
(26 78 70 1/2 0)
(53/2 79 71 1/2 0)
(27 45 51 1 1)
(27 78 70 1 0)
(28 52 55 1 1)
(28 57 58 1 1)
(28 61 60 1 1)
(28 67 64 1 0)
(28 76 69 1/2 0)
(57/2 74 68 1/2 0)
(29 52 55 1 1)
(29 57 58 1 1)
(29 61 60 1 1)
(29 67 64 1 0)
(29 73 67 1/2 0)
(59/2 71 66 1/2 0)
(30 38 47 1 1)
(30 69 65 1/2 0)
(61/2 74 68 1/2 0)
(31 50 54 1 1)
(31 57 58 1 1)
(31 62 61 1 1)
(31 66 63 1 0)
(31 74 68 1/3 0)
(94/3 76 69 1/3 0)
(95/3 74 68 1/3 0)
(32 50 54 1 1)
(32 57 58 1 1)
(32 62 61 1 1)
(32 66 63 1 0)
(32 73 67 1/2 0)
(65/2 71 66 1/2 0)
(33 45 51 1 1)
(33 73 67 2 0)
(34 57 58 1 1)
(34 61 60 1 1)
(34 64 62 1 0)
(34 69 65 1 0)
(35 57 58 2 1)
(35 64 62 1 1)
(35 67 64 1 0)
(35 69 65 1 0)
(36 50 54 1 1)
(36 69 65 1/2 0)
(73/2 73 67 1/2 0)
(37 57 58 1 1)
(37 62 61 1 1)
(37 66 63 1 0)
(37 74 68 1/2 0)
(75/2 76 69 1/2 0)
(38 50 54 1 1)
(38 57 58 1 1)
(38 62 61 1 1)
(38 66 63 1 0)
(38 78 70 1/2 0)
(77/2 79 71 1/2 0)
(39 43 50 1 1)
(39 78 70 1 0)
(40 59 59 1 1)
(40 64 62 1 1)
(40 67 64 1 0)
(40 76 69 1/2 0)
(81/2 74 68 1/2 0)
(41 52 55 1 1)
(41 59 59 1 1)
(41 64 62 1 1)
(41 67 64 1 0)
(41 73 67 1/2 0)
(83/2 71 66 1/2 0)
(42 45 51 1 1)
(42 69 65 1/2 0)
(85/2 73 67 1/2 0)
(43 57 58 1 1)
(43 64 62 1 1)
(43 67 64 1 0)
(43 73 67 1/3 0)
(130/3 74 68 1/3 0)
(131/3 73 67 1/3 0)
(44 57 58 1 1)
(44 64 62 1 1)
(44 67 64 1 0)
(44 71 66 1/2 0)
(89/2 69 65 1/2 0)
(45 38 47 1 1)
(45 74 68 3 0)
(46 50 54 1 1)
(46 57 58 1 1)
(46 62 61 1 1)
(46 66 63 1 0)
(47 50 54 1 1)
(47 57 58 1 1)
(47 62 61 1 1)
(47 66 63 1 0)
(48 45 51 1 1)
(48 64 62 1/2 0)
(97/2 68 64 1/2 0)
(49 45 51 1 1)
(49 52 55 1 1)
(49 57 58 1 1)
(49 61 60 1 0)
(49 69 65 1/2 0)
(99/2 71 66 1/2 0)
(50 45 51 1 1)
(50 52 55 1 1)
(50 57 58 1 1)
(50 61 60 1 0)
(50 73 67 1/2 0)
(101/2 74 68 1/2 0)
(51 40 48 1 1)
(51 73 67 1 0)
(52 52 55 1 1)
(52 59 59 1 1)
(52 62 61 1 0)
(52 71 66 1/2 0)
(105/2 69 65 1/2 0)
(53 52 55 1 1)
(53 59 59 1 1)
(53 62 61 1 0)
(53 68 64 1/2 0)
(107/2 66 63 1/2 0)
(54 33 44 1 1)
(54 64 62 1/2 0)
(109/2 69 65 1/2 0)
(55 45 51 1 1)
(55 52 55 1 1)
(55 57 58 1 1)
(55 61 60 1 0)
(55 69 65 1/3 0)
(166/3 71 66 1/3 0)
(167/3 69 65 1/3 0)
(56 45 51 1 1)
(56 52 55 1 1)
(56 57 58 1 1)
(56 61 60 1 0)
(56 68 64 1/2 0)
(113/2 66 63 1/2 0)
(57 40 48 1 1)
(57 68 64 2 0)
(58 52 55 1 1)
(58 59 59 1 0)
(58 64 62 1 0)
(59 52 55 1 1)
(59 59 59 1 1)
(59 62 61 1 0)
(59 64 62 1 0)
(60 45 51 1 1)
(60 64 62 1/2 0)
(121/2 68 64 1/2 0)
(61 52 55 1 1)
(61 57 58 1 1)
(61 61 60 1 0)
(61 69 65 1/2 0)
(123/2 71 66 1/2 0)
(62 45 51 1 1)
(62 52 55 1 1)
(62 57 58 1 1)
(62 61 60 1 0)
(62 73 67 1/2 0)
(125/2 74 68 1/2 0)
(63 38 47 1 1)
(63 73 67 1 0)
(64 54 56 1 1)
(64 59 59 1 1)
(64 62 61 1 0)
(64 71 66 1/2 0)
(129/2 69 65 1/2 0)
(65 47 52 1 1)
(65 54 56 1 1)
(65 59 59 1 1)
(65 62 61 1 0)
(65 68 64 1/2 0)
(131/2 66 63 1/2 0)
(66 40 48 1 1)
(66 64 62 1/2 0)
(133/2 68 64 1/2 0)
(67 52 55 1 1)
(67 59 59 1 1)
(67 62 61 1 0)
(67 68 64 1/3 0)
(202/3 69 65 1/3 0)
(203/3 68 64 1/3 0)
(68 52 55 1 1)
(68 59 59 1 1)
(68 62 61 1 0)
(68 66 63 1/2 0)
(137/2 64 62 1/2 0)
(69 33 44 1 1)
(69 69 65 3 0)
(70 45 51 1 1)
(70 52 55 1 1)
(70 57 58 1 1)
(70 61 60 1 0)
(71 45 51 2 1)
(71 52 55 2 1)
(71 57 58 2 1)
(71 61 60 2 0)
(72 64 62 1/2 0)
(145/2 68 64 1/2 0)
(73 45 51 1 1)
(73 52 55 1 1)
(73 57 58 1 1)
(73 61 60 1 0)
(73 69 65 1/2 0)
(147/2 71 66 1/2 0)
(74 45 51 1 1)
(74 52 55 1 1)
(74 57 58 1 1)
(74 61 60 1 0)
(74 73 67 1/2 0)
(149/2 74 68 1/2 0)
(75 40 48 1 1)
(75 73 67 1 0)
(76 52 55 1 1)
(76 59 59 1 1)
(76 62 61 1 0)
(76 71 66 1/2 0)
(153/2 69 65 1/2 0)
(77 52 55 1 1)
(77 59 59 1 1)
(77 62 61 1 0)
(77 68 64 1/2 0)
(155/2 66 63 1/2 0)
(78 33 44 1 1)
(78 64 62 1/2 0)
(157/2 69 65 1/2 0)
(79 45 51 1 1)
(79 52 55 1 1)
(79 57 58 1 1)
(79 61 60 1 0)
(79 69 65 1/3 0)
(238/3 71 66 1/3 0)
(239/3 69 65 1/3 0)
(80 45 51 1 1)
(80 52 55 1 1)
(80 57 58 1 1)
(80 61 60 1 0)
(80 68 64 1/2 0)
(161/2 66 63 1/2 0)
(81 40 48 1 1)
(81 68 64 2 0)
(82 52 55 1 1)
(82 59 59 1 0)
(82 64 62 1 0)
(83 52 55 2 1)
(83 59 59 1 1)
(83 62 61 1 0)
(83 64 62 1 0)
(84 45 51 1 1)
(84 64 62 1/2 0)
(169/2 68 64 1/2 0)
(85 52 55 1 1)
(85 57 58 1 1)
(85 61 60 1 0)
(85 69 65 1/2 0)
(171/2 71 66 1/2 0)
(86 45 51 1 1)
(86 52 55 1 1)
(86 57 58 1 1)
(86 61 60 1 0)
(86 73 67 1/2 0)
(173/2 74 68 1/2 0)
(87 38 47 1 1)
(87 73 67 1 0)
(88 54 56 1 1)
(88 59 59 1 1)
(88 62 61 1 0)
(88 71 66 1/2 0)
(177/2 69 65 1/2 0)
(89 47 52 1 1)
(89 54 56 1 1)
(89 59 59 1 1)
(89 62 61 1 0)
(89 68 64 1/2 0)
(179/2 66 63 1/2 0)
(90 40 48 1 1)
(90 64 62 1/2 0)
(181/2 68 64 1/2 0)
(91 52 55 1 1)
(91 59 59 1 1)
(91 62 61 1 0)
(91 68 64 1/3 0)
(274/3 69 65 1/3 0)
(275/3 68 64 1/3 0)
(92 52 55 1 1)
(92 59 59 1 1)
(92 62 61 1 0)
(92 66 63 1/2 0)
(185/2 64 62 1/2 0)
(93 33 44 1 1)
(93 69 65 7/2 0)
(94 57 58 1 1)
(94 61 60 1 0)
(94 64 62 1 1)
(95 57 58 1 1)
(95 61 60 1 0)
(95 64 62 1 1)
(95 67 64 1 0)
(96 50 54 1 1)
(96 66 63 1 0)
(193/2 73 67 1/2 0)
(97 50 54 1 1)
(97 57 58 1 1)
(97 62 61 1 1)
(97 66 63 1 0)
(97 74 68 1/2 0)
(195/2 76 69 1/2 0)
(98 50 54 1 1)
(98 57 58 1 1)
(98 62 61 1 1)
(98 66 63 1 0)
(98 78 70 1/2 0)
(197/2 79 71 1/2 0)
(99 45 51 1 1)
(99 78 70 1 0)
(100 52 55 1 1)
(100 57 58 1 1)
(100 61 60 1 1)
(100 67 64 1 0)
(100 76 69 1/2 0)
(201/2 74 68 1/2 0)
(101 52 55 1 1)
(101 57 58 1 1)
(101 61 60 1 1)
(101 67 64 1 0)
(101 73 67 1/2 0)
(203/2 71 66 1/2 0)
(102 38 47 1 1)
(102 69 65 1/2 0)
(205/2 74 68 1/2 0)
(103 50 54 1 1)
(103 57 58 1 1)
(103 62 61 1 1)
(103 66 63 1 0)
(103 74 68 1/3 0)
(310/3 76 69 1/3 0)
(311/3 74 68 1/3 0)
(104 50 54 1 1)
(104 57 58 1 1)
(104 62 61 1 1)
(104 66 63 1 0)
(104 73 67 1/2 0)
(209/2 71 66 1/2 0)
(105 45 51 1 1)
(105 73 67 2 0)
(106 57 58 1 1)
(106 64 62 1 0)
(106 69 65 1 0)
(107 57 58 1 1)
(107 64 62 1 1)
(107 67 64 1 0)
(107 69 65 1 0)
(108 50 54 1 1)
(108 69 65 1/2 0)
(217/2 73 67 1/2 0)
(109 57 58 1 1)
(109 62 61 1 1)
(109 66 63 1 0)
(109 74 68 1/2 0)
(219/2 76 69 1/2 0)
(110 50 54 1 1)
(110 57 58 1 1)
(110 62 61 1 1)
(110 66 63 1 0)
(110 78 70 1/2 0)
(221/2 79 71 1/2 0)
(111 43 50 1 1)
(111 78 70 1 0)
(112 59 59 1 1)
(112 64 62 1 1)
(112 67 64 1 0)
(112 76 69 1/2 0)
(225/2 74 68 1/2 0)
(113 52 55 1 1)
(113 59 59 1 1)
(113 64 62 1 1)
(113 67 64 1 0)
(113 73 67 1/2 0)
(227/2 71 66 1/2 0)
(114 45 51 1 1)
(114 69 65 1/2 0)
(229/2 73 67 1/2 0)
(115 57 58 1 1)
(115 64 62 1 1)
(115 67 64 1 0)
(115 73 67 1/3 0)
(346/3 74 68 1/3 0)
(347/3 73 67 1/3 0)
(116 57 58 1 1)
(116 64 62 1 1)
(116 67 64 1 0)
(116 71 66 1/2 0)
(233/2 69 65 1/2 0)
(117 38 47 1 1)
(117 74 68 3 0)
(118 50 54 1 1)
(118 57 58 1 1)
(118 62 61 1 1)
(118 66 63 1 0)
(119 50 54 2 1)
(119 57 58 2 1)
(119 62 61 2 1)
(119 66 63 2 0)
(120 69 65 1/2 0)
(241/2 73 67 1/2 0)
(121 50 54 1 1)
(121 57 58 1 1)
(121 62 61 1 1)
(121 66 63 1 0)
(121 74 68 1/2 0)
(243/2 76 69 1/2 0)
(122 50 54 1 1)
(122 57 58 1 1)
(122 62 61 1 1)
(122 66 63 1 0)
(122 78 70 1/2 0)
(245/2 79 71 1/2 0)
(123 45 51 1 1)
(123 78 70 1 0)
(124 52 55 1 1)
(124 57 58 1 1)
(124 61 60 1 1)
(124 67 64 1 0)
(124 76 69 1/2 0)
(249/2 74 68 1/2 0)
(125 52 55 1 1)
(125 57 58 1 1)
(125 61 60 1 1)
(125 67 64 1 0)
(125 73 67 1/2 0)
(251/2 71 66 1/2 0)
(126 38 47 1 1)
(126 69 65 1/2 0)
(253/2 74 68 1/2 0)
(127 50 54 1 1)
(127 57 58 1 1)
(127 62 61 1 1)
(127 66 63 1 0)
(127 74 68 1/3 0)
(382/3 76 69 1/3 0)
(383/3 74 68 1/3 0)
(128 50 54 1 1)
(128 57 58 1 1)
(128 62 61 1 1)
(128 66 63 1 0)
(128 73 67 1/2 0)
(257/2 71 66 1/2 0)
(129 45 51 1 1)
(129 73 67 2 0)
(130 57 58 1 1)
(130 61 60 1 1)
(130 64 62 1 0)
(130 69 65 1 0)
(131 57 58 2 1)
(131 64 62 1 1)
(131 67 64 1 0)
(131 69 65 1 0)
(132 50 54 1 1)
(132 69 65 1/2 0)
(265/2 73 67 1/2 0)
(133 57 58 1 1)
(133 62 61 1 1)
(133 66 63 1 0)
(133 74 68 1/2 0)
(267/2 76 69 1/2 0)
(134 50 54 1 1)
(134 57 58 1 1)
(134 62 61 1 1)
(134 66 63 1 0)
(134 78 70 1/2 0)
(269/2 79 71 1/2 0)
(135 43 50 1 1)
(135 78 70 1 0)
(136 59 59 1 1)
(136 64 62 1 1)
(136 67 64 1 0)
(136 76 69 1/2 0)
(273/2 74 68 1/2 0)
(137 52 55 1 1)
(137 59 59 1 1)
(137 64 62 1 1)
(137 67 64 1 0)
(137 73 67 1/2 0)
(275/2 71 66 1/2 0)
(138 45 51 1 1)
(138 69 65 1/2 0)
(277/2 73 67 1/2 0)
(139 57 58 1 1)
(139 64 62 1 1)
(139 67 64 1 0)
(139 73 67 1/3 0)
(418/3 74 68 1/3 0)
(419/3 73 67 1/3 0)
(140 57 58 1 1)
(140 64 62 1 1)
(140 67 64 1 0)
(140 71 66 1/2 0)
(281/2 69 65 1/2 0)
(141 38 47 1 1)
(141 74 68 15/4 0)
(142 50 54 1 1)
(142 57 58 1 1)
(142 62 61 1 1)
(142 66 63 1 0)
(143 50 54 1 1)
(143 57 58 1 1)
(143 62 61 1 1)
(143 66 63 1 0)
(144 46 52 1 1)
(144 65 63 2 0)
(579/4 74 68 1/4 0)
(145 53 56 1 1)
(145 58 59 1 1)
(145 62 61 1 1)
(145 75 69 1 0)
(146 53 56 1 1)
(146 58 59 1 1)
(146 62 61 1 1)
(146 70 66 1 0)
(146 76 69 1 0)
(147 41 49 1 1)
(147 70 66 1 0)
(147 79 71 3/4 0)
(591/4 77 70 1/4 0)
(148 53 56 1 1)
(148 60 60 1 1)
(148 63 62 1 1)
(148 69 65 1/2 0)
(148 72 67 1 0)
(297/2 67 64 1/2 0)
(149 53 56 1 1)
(149 57 58 1 1)
(149 63 62 1 1)
(149 65 63 2 0)
(149 72 67 1 0)
(150 46 52 1 1)
(150 74 68 3/4 0)
(603/4 74 68 1/4 0)
(151 53 56 1 1)
(151 58 59 1 1)
(151 62 61 1 1)
(151 65 63 1 0)
(151 70 66 1 0)
(151 75 69 1 0)
(152 53 56 1 1)
(152 58 59 1 1)
(152 62 61 1 1)
(152 65 63 2 0)
(152 70 66 1 0)
(152 76 69 1 0)
(153 45 51 1 1)
(153 72 67 1 0)
(153 79 71 3/4 0)
(615/4 77 70 1/4 0)
(154 57 58 3/4 1)
(154 60 60 3/4 1)
(154 65 63 1 0)
(154 72 67 1 0)
(619/4 43 50 1/4 1)
(155 41 49 1 1)
(155 69 65 1 0)
(155 77 70 1 0)
(156 36 46 1 1)
(156 48 53 1 1)
(156 70 66 1/2 0)
(156 76 69 1/2 0)
(156 82 73 1/2 0)
(627/4 70 66 1/4 0)
(627/4 76 69 1/4 0)
(627/4 82 73 1/4 0)
(157 60 60 1 1)
(157 67 64 1 1)
(157 70 66 1 0)
(157 76 69 1 0)
(157 82 73 1 0)
(158 70 66 1 0)
(158 76 69 1 0)
(158 82 73 1 0)
(159 41 49 1/2 1)
(159 70 66 1/2 0)
(159 77 70 1/2 0)
(159 82 73 1/2 0)
(639/4 59 59 1/4 1)
(639/4 70 66 1/4 0)
(639/4 77 70 1/4 0)
(639/4 82 73 1/4 0)
(160 60 60 3/4 1)
(160 70 66 1 0)
(160 77 70 1 0)
(160 82 73 1 0)
(643/4 62 61 1/4 1)
(161 60 60 1 1)
(161 69 65 1 0)
(161 77 70 1 0)
(161 81 72 1 0)
(162 48 53 1/2 1)
(162 70 66 1/2 0)
(162 76 69 1/2 0)
(162 81 72 1/2 0)
(651/4 59 59 1/4 1)
(651/4 70 66 1/4 0)
(651/4 76 69 1/4 0)
(651/4 81 72 1/4 0)
(163 60 60 3/4 1)
(163 70 66 1 0)
(163 76 69 1 0)
(163 81 72 1 0)
(655/4 62 61 1/4 1)
(164 60 60 1 1)
(164 70 66 1 0)
(164 76 69 1 0)
(164 79 71 1 0)
(165 53 56 1/2 1)
(165 69 65 1/2 0)
(165 75 69 1/2 0)
(165 79 71 1/2 0)
(663/4 59 59 1/4 1)
(663/4 69 65 1/4 0)
(663/4 75 69 1/4 0)
(663/4 79 71 1/4 0)
(166 60 60 3/4 1)
(166 69 65 1 0)
(166 75 69 1 0)
(166 79 71 1 0)
(667/4 64 62 1/4 1)
(167 65 63 1 1)
(167 69 65 1 0)
(167 75 69 1 0)
(167 77 70 1 0)
(168 46 52 1 1)
(168 74 68 3/4 0)
(675/4 74 68 1/4 0)
(169 53 56 1 1)
(169 58 59 1 1)
(169 62 61 1 1)
(169 65 63 1 0)
(169 70 66 1 0)
(169 75 69 1 0)
(170 53 56 1 1)
(170 58 59 1 1)
(170 62 61 1 1)
(170 65 63 1 0)
(170 70 66 1 0)
(170 76 69 1 0)
(171 45 51 1 1)
(171 78 71 3/4 0)
(687/4 77 70 1/4 0)
(172 53 56 1 1)
(172 60 60 1 1)
(172 63 62 1 1)
(172 65 63 3/4 0)
(172 72 67 1 0)
(691/4 66 64 1/4 0)
(173 53 56 1 1)
(173 60 60 1 1)
(173 63 62 1 1)
(173 65 63 1 0)
(173 72 67 1 0)
(174 46 52 1 1)
(174 73 68 3/4 0)
(699/4 73 68 1/4 0)
(175 53 56 1 1)
(175 58 59 1 1)
(175 61 61 1 1)
(175 65 63 1 0)
(175 70 66 1 0)
(175 75 69 1 0)
(176 53 56 1 1)
(176 58 59 1 1)
(176 61 61 1 1)
(176 65 63 1 0)
(176 70 66 1 0)
(176 76 69 1 0)
(177 44 51 1 1)
(177 78 71 3/4 0)
(711/4 77 70 1/4 0)
(178 53 56 3/4 1)
(178 56 58 3/4 1)
(178 61 61 3/4 1)
(178 65 63 3/4 1)
(178 68 65 1 0)
(178 73 68 1 0)
(178 80 72 1 0)
(715/4 46 52 1/4 1)
(179 44 51 1 1)
(179 73 68 1 0)
(179 85 75 1 0)
(180 32 44 1 1)
(180 66 64 1/2 0)
(180 72 67 1/2 0)
(180 78 71 1/2 0)
(723/4 66 64 1/4 0)
(723/4 72 67 1/4 0)
(723/4 78 71 1/4 0)
(181 56 58 1 1)
(181 63 62 1 1)
(181 66 64 1 0)
(181 72 67 1 0)
(181 78 71 1 0)
(182 66 64 1 0)
(182 72 67 1 0)
(182 78 71 1 0)
(183 37 47 1/2 1)
(183 66 64 1/2 0)
(183 73 68 1/2 0)
(183 78 71 1/2 0)
(735/4 55 57 1/4 1)
(735/4 66 64 1/4 0)
(735/4 73 68 1/4 0)
(735/4 78 71 1/4 0)
(184 56 58 3/4 1)
(184 66 64 1 0)
(184 73 68 1 0)
(184 78 71 1 0)
(739/4 58 59 1/4 1)
(185 56 58 1 1)
(185 65 63 1 0)
(185 73 68 1 0)
(185 77 70 1 0)
(186 44 51 1/2 1)
(186 66 64 1/2 0)
(186 72 67 1/2 0)
(186 77 70 1/2 0)
(747/4 55 57 1/4 1)
(747/4 66 64 1/4 0)
(747/4 72 67 1/4 0)
(747/4 77 70 1/4 0)
(187 56 58 3/4 1)
(187 66 64 1 0)
(187 72 67 1 0)
(187 77 70 1 0)
(751/4 57 59 1/4 1)
(188 56 58 1 1)
(188 66 64 1 0)
(188 72 67 1 0)
(188 75 69 1 0)
(189 49 54 1/2 1)
(189 66 64 1/2 0)
(189 75 69 1/2 0)
(759/4 55 57 1/4 1)
(759/4 66 64 1/4 0)
(759/4 68 65 1/4 0)
(759/4 75 69 1/4 0)
(190 56 58 3/4 1)
(190 66 64 1 0)
(190 68 65 2 0)
(190 75 69 1 0)
(763/4 60 60 1/4 1)
(191 61 61 1 1)
(191 65 63 1 0)
(191 73 68 1 0)
(192 41 48 1 1)
(192 68 64 1/3 0)
(192 74 68 1/3 0)
(577/3 62 61 1/3 0)
(578/3 68 64 7/3 0)
(578/3 74 68 4/3 0)
(193 53 55 1 1)
(193 59 59 1 1)
(193 62 61 1 0)
(194 53 55 1 1)
(194 59 59 1 1)
(194 62 61 1 0)
(194 74 68 1 0)
(195 42 49 1 1)
(195 69 65 1/3 0)
(195 74 68 1/3 0)
(586/3 62 61 1/3 0)
(587/3 69 65 7/3 0)
(587/3 74 68 11/6 0)
(196 54 56 1 1)
(196 57 58 1 1)
(196 62 61 3/2 0)
(197 54 56 1 1)
(197 57 58 1 1)
(395/2 61 60 1/2 0)
(395/2 73 67 1/2 0)
(198 41 48 1 1)
(198 68 64 1/3 0)
(198 74 68 1/3 0)
(595/3 62 61 1/3 0)
(596/3 68 64 7/3 0)
(596/3 74 68 4/3 0)
(199 53 55 1 1)
(199 59 59 1 1)
(199 62 61 1 0)
(200 53 55 1 1)
(200 59 59 1 1)
(200 62 61 1 0)
(200 74 68 1 0)
(201 42 49 1 1)
(201 69 65 1/3 0)
(201 74 68 1/3 0)
(604/3 62 61 1/3 0)
(605/3 69 65 7/3 0)
(605/3 74 68 11/6 0)
(202 54 56 1 1)
(202 57 58 1 1)
(202 62 61 3/2 0)
(203 54 56 1 1)
(203 57 58 1 1)
(407/2 61 60 1/2 0)
(407/2 73 67 1/2 0)
(204 40 48 1 1)
(204 68 64 1/3 0)
(204 74 68 1/3 0)
(613/3 62 61 1/3 0)
(614/3 68 64 7/3 0)
(614/3 74 68 4/3 0)
(205 52 55 1 1)
(205 59 59 1 1)
(205 62 61 1 0)
(206 52 55 1 1)
(206 59 59 1 1)
(206 62 61 1 0)
(206 74 68 1 0)
(207 45 51 1 1)
(207 69 65 1/3 0)
(207 74 68 1/3 0)
(622/3 62 61 1/3 0)
(623/3 69 65 7/3 0)
(623/3 74 68 11/6 0)
(208 52 55 1 1)
(208 57 58 1 1)
(208 62 61 3/2 0)
(209 52 55 1 1)
(209 57 58 1 1)
(419/2 61 60 1/2 0)
(419/2 73 67 1/2 0)
(210 40 48 1 1)
(210 68 64 1/3 0)
(210 74 68 1/3 0)
(631/3 62 61 1/3 0)
(632/3 68 64 1/3 0)
(632/3 74 68 4/3 0)
(211 52 55 1 1)
(211 59 59 1 1)
(211 62 61 1 0)
(211 68 64 2 0)
(212 52 55 1 1)
(212 59 59 1 1)
(212 62 61 1 0)
(212 74 68 1 0)
(213 45 51 1 1)
(213 69 65 1/3 0)
(213 74 68 1/3 0)
(640/3 62 61 1/3 0)
(641/3 69 65 7/3 0)
(641/3 74 68 11/6 0)
(214 52 55 1 1)
(214 57 58 1 1)
(214 62 61 3/2 0)
(215 52 55 1 1)
(215 57 58 1 1)
(431/2 61 60 1/2 0)
(431/2 73 67 1/2 0)
(216 41 48 1 1)
(216 68 64 1/3 0)
(216 74 68 1/3 0)
(649/3 62 61 1/3 0)
(650/3 68 64 7/3 0)
(650/3 74 68 4/3 0)
(217 53 55 1 1)
(217 59 59 1 1)
(217 62 61 1 0)
(218 53 55 1 1)
(218 59 59 1 1)
(218 62 61 1 0)
(218 74 68 1 0)
(219 42 49 1 1)
(219 69 65 1/3 0)
(219 74 68 1/3 0)
(658/3 62 61 1/3 0)
(659/3 69 65 7/3 0)
(659/3 74 68 11/6 0)
(220 54 56 1 1)
(220 57 58 1 1)
(220 62 61 3/2 0)
(221 54 56 1 1)
(221 57 58 1 1)
(443/2 61 60 1/2 0)
(443/2 73 67 1/2 0)
(222 41 48 1 1)
(222 68 64 1/3 0)
(222 74 68 1/3 0)
(667/3 62 61 1/3 0)
(668/3 68 64 7/3 0)
(668/3 74 68 4/3 0)
(223 53 55 1 1)
(223 59 59 1 1)
(223 62 61 1 0)
(224 53 55 1 1)
(224 59 59 1 1)
(224 62 61 1 0)
(224 74 68 1 0)
(225 42 49 1 1)
(225 69 65 1/3 0)
(225 74 68 1/3 0)
(676/3 62 61 1/3 0)
(677/3 69 65 7/3 0)
(677/3 74 68 11/6 0)
(226 54 56 1 1)
(226 57 58 1 1)
(226 62 61 3/2 0)
(227 54 56 1 1)
(227 57 58 1 1)
(455/2 61 60 1/2 0)
(455/2 73 67 1/2 0)
(228 40 48 1 1)
(228 68 64 1/3 0)
(228 74 68 1/3 0)
(685/3 62 61 1/3 0)
(686/3 68 64 7/3 0)
(686/3 74 68 4/3 0)
(229 52 55 1 1)
(229 59 59 1 1)
(229 62 61 1 0)
(230 52 55 1 1)
(230 59 59 1 1)
(230 62 61 1 0)
(230 74 68 1 0)
(231 45 51 1 1)
(231 69 65 1/3 0)
(231 74 68 1/3 0)
(694/3 62 61 1/3 0)
(695/3 69 65 7/3 0)
(695/3 74 68 11/6 0)
(232 52 55 1 1)
(232 57 58 1 1)
(232 62 61 3/2 0)
(233 52 55 1 1)
(233 57 58 1 1)
(467/2 61 60 1/2 0)
(467/2 73 67 1/2 0)
(234 40 48 1 1)
(234 68 64 1/3 0)
(234 74 68 1/3 0)
(703/3 62 61 1/3 0)
(704/3 68 64 1/3 0)
(704/3 74 68 4/3 0)
(235 52 55 1 1)
(235 59 59 1 1)
(235 62 61 1 0)
(235 68 64 2 0)
(236 52 55 1 1)
(236 59 59 1 1)
(236 62 61 1 0)
(236 74 68 1 0)
(237 45 51 1 1)
(237 67 64 1/3 0)
(237 74 68 1/3 0)
(712/3 62 61 1/3 0)
(713/3 67 64 1/3 0)
(713/3 74 68 11/6 0)
(238 57 58 1 1)
(238 62 61 1 0)
(238 64 62 1 1)
(238 67 64 2 0)
(239 57 58 1 1)
(239 61 60 1 0)
(239 64 62 1 1)
(479/2 73 67 1/2 0)
(240 50 54 1 1)
(240 69 65 1/2 0)
(481/2 73 67 1/2 0)
(241 50 54 1 1)
(241 57 58 1 1)
(241 62 61 1 1)
(241 66 63 1 0)
(241 74 68 1/2 0)
(483/2 76 69 1/2 0)
(242 50 54 1 1)
(242 57 58 1 1)
(242 62 61 1 1)
(242 66 63 1 0)
(242 78 70 1/2 0)
(485/2 79 71 1/2 0)
(243 45 51 1 1)
(243 78 70 1 0)
(244 52 55 1 1)
(244 57 58 1 1)
(244 61 60 1 1)
(244 67 64 1 0)
(244 76 69 1/2 0)
(489/2 74 68 1/2 0)
(245 52 55 1 1)
(245 57 58 1 1)
(245 61 60 1 1)
(245 67 64 1 0)
(245 73 67 1/2 0)
(491/2 71 66 1/2 0)
(246 38 47 1 1)
(246 69 65 1/2 0)
(493/2 74 68 1/2 0)
(247 50 54 1 1)
(247 57 58 1 1)
(247 62 61 1 1)
(247 66 63 1 0)
(247 74 68 1/3 0)
(742/3 76 69 1/3 0)
(743/3 74 68 1/3 0)
(248 50 54 1 1)
(248 57 58 1 1)
(248 62 61 1 1)
(248 66 63 1 0)
(248 73 67 1/2 0)
(497/2 71 66 1/2 0)
(249 45 51 1 1)
(249 73 67 2 0)
(250 57 58 1 1)
(250 64 62 1 0)
(250 69 65 1 0)
(251 57 58 1 1)
(251 64 62 1 1)
(251 67 64 1 0)
(251 69 65 1 0)
(252 50 54 1 1)
(252 69 65 1/2 0)
(505/2 73 67 1/2 0)
(253 57 58 1 1)
(253 62 61 1 1)
(253 66 63 1 0)
(253 74 68 1/2 0)
(507/2 76 69 1/2 0)
(254 50 54 1 1)
(254 57 58 1 1)
(254 62 61 1 1)
(254 66 63 1 0)
(254 78 70 1/2 0)
(509/2 79 71 1/2 0)
(255 43 50 1 1)
(255 78 70 1 0)
(256 59 59 1 1)
(256 64 62 1 1)
(256 67 64 1 0)
(256 76 69 1/2 0)
(513/2 74 68 1/2 0)
(257 52 55 1 1)
(257 59 59 1 1)
(257 64 62 1 1)
(257 67 64 1 0)
(257 73 67 1/2 0)
(515/2 71 66 1/2 0)
(258 45 51 1 1)
(258 69 65 1/2 0)
(517/2 73 67 1/2 0)
(259 57 58 1 1)
(259 64 62 1 1)
(259 67 64 1 0)
(259 73 67 1/3 0)
(778/3 74 68 1/3 0)
(779/3 73 67 1/3 0)
(260 57 58 1 1)
(260 64 62 1 1)
(260 67 64 1 0)
(260 71 66 1/2 0)
(521/2 69 65 1/2 0)
(261 38 47 1 1)
(261 74 68 3 0)
(262 50 54 1 1)
(262 57 58 1 1)
(262 62 61 1 1)
(262 66 63 1 0)
(263 50 54 2 1)
(263 57 58 2 1)
(263 62 61 2 1)
(263 66 63 2 0)
(264 69 65 1/2 0)
(529/2 73 67 1/2 0)
(265 50 54 1 1)
(265 57 58 1 1)
(265 62 61 1 1)
(265 66 63 1 0)
(265 74 68 1/2 0)
(531/2 76 69 1/2 0)
(266 50 54 1 1)
(266 57 58 1 1)
(266 62 61 1 1)
(266 66 63 1 0)
(266 78 70 1/2 0)
(533/2 79 71 1/2 0)
(267 45 51 1 1)
(267 78 70 1 0)
(268 52 55 1 1)
(268 57 58 1 1)
(268 61 60 1 1)
(268 67 64 1 0)
(268 76 69 1/2 0)
(537/2 74 68 1/2 0)
(269 52 55 1 1)
(269 57 58 1 1)
(269 61 60 1 1)
(269 67 64 1 0)
(269 73 67 1/2 0)
(539/2 71 66 1/2 0)
(270 38 47 1 1)
(270 69 65 1/2 0)
(541/2 74 68 1/2 0)
(271 50 54 1 1)
(271 57 58 1 1)
(271 62 61 1 1)
(271 66 63 1 0)
(271 74 68 1/3 0)
(814/3 76 69 1/3 0)
(815/3 74 68 1/3 0)
(272 50 54 1 1)
(272 57 58 1 1)
(272 62 61 1 1)
(272 66 63 1 0)
(272 73 67 1/2 0)
(545/2 71 66 1/2 0)
(273 45 51 1 1)
(273 73 67 2 0)
(274 57 58 1 1)
(274 61 60 1 1)
(274 64 62 1 0)
(274 69 65 1 0)
(275 57 58 2 1)
(275 64 62 1 1)
(275 67 64 1 0)
(275 69 65 1 0)
(276 50 54 1 1)
(276 69 65 1/2 0)
(553/2 73 67 1/2 0)
(277 57 58 1 1)
(277 62 61 1 1)
(277 66 63 1 0)
(277 74 68 1/2 0)
(555/2 76 69 1/2 0)
(278 50 54 1 1)
(278 57 58 1 1)
(278 62 61 1 1)
(278 66 63 1 0)
(278 78 70 1/2 0)
(557/2 79 71 1/2 0)
(279 43 50 1 1)
(279 78 70 1 0)
(280 59 59 1 1)
(280 64 62 1 1)
(280 67 64 1 0)
(280 76 69 1/2 0)
(561/2 74 68 1/2 0)
(281 52 55 1 1)
(281 59 59 1 1)
(281 64 62 1 1)
(281 67 64 1 0)
(281 73 67 1/2 0)
(563/2 71 66 1/2 0)
(282 45 51 1 1)
(282 69 65 1/2 0)
(565/2 73 67 1/2 0)
(283 57 58 1 1)
(283 64 62 1 1)
(283 67 64 1 0)
(283 73 67 1/3 0)
(850/3 74 68 1/3 0)
(851/3 73 67 1/3 0)
(284 57 58 1 1)
(284 64 62 1 1)
(284 67 64 1 0)
(284 71 66 1/2 0)
(569/2 69 65 1/2 0)
(285 38 47 1 1)
(285 74 68 3 0)
(286 50 54 1 1)
(286 57 58 1 1)
(286 62 61 1 1)
(286 66 63 1 0)
(287 50 54 1 1)
(287 57 58 1 1)
(287 62 61 1 1)
(287 66 63 1 0)
(288 45 51 1 1)
(288 64 62 1/2 0)
(577/2 68 64 1/2 0)
(289 45 51 1 1)
(289 52 55 1 1)
(289 57 58 1 1)
(289 61 60 1 0)
(289 69 65 1/2 0)
(579/2 71 66 1/2 0)
(290 45 51 1 1)
(290 52 55 1 1)
(290 57 58 1 1)
(290 61 60 1 0)
(290 73 67 1/2 0)
(581/2 74 68 1/2 0)
(291 40 48 1 1)
(291 73 67 1 0)
(292 52 55 1 1)
(292 59 59 1 1)
(292 62 61 1 0)
(292 71 66 1/2 0)
(585/2 69 65 1/2 0)
(293 52 55 1 1)
(293 59 59 1 1)
(293 62 61 1 0)
(293 68 64 1/2 0)
(587/2 66 63 1/2 0)
(294 33 44 1 1)
(294 64 62 1/2 0)
(589/2 69 65 1/2 0)
(295 45 51 1 1)
(295 52 55 1 1)
(295 57 58 1 1)
(295 61 60 1 0)
(295 69 65 1/3 0)
(886/3 71 66 1/3 0)
(887/3 69 65 1/3 0)
(296 45 51 1 1)
(296 52 55 1 1)
(296 57 58 1 1)
(296 61 60 1 0)
(296 68 64 1/2 0)
(593/2 66 63 1/2 0)
(297 40 48 1 1)
(297 68 64 2 0)
(298 52 55 1 1)
(298 59 59 1 0)
(298 64 62 1 0)
(299 52 55 1 1)
(299 59 59 1 1)
(299 62 61 1 0)
(299 64 62 1 0)
(300 45 51 1 1)
(300 64 62 1/2 0)
(601/2 68 64 1/2 0)
(301 52 55 1 1)
(301 57 58 1 1)
(301 61 60 1 0)
(301 69 65 1/2 0)
(603/2 71 66 1/2 0)
(302 45 51 1 1)
(302 52 55 1 1)
(302 57 58 1 1)
(302 61 60 1 0)
(302 73 67 1/2 0)
(605/2 74 68 1/2 0)
(303 38 47 1 1)
(303 73 67 1 0)
(304 54 56 1 1)
(304 59 59 1 1)
(304 62 61 1 0)
(304 71 66 1/2 0)
(609/2 69 65 1/2 0)
(305 47 52 1 1)
(305 54 56 1 1)
(305 59 59 1 1)
(305 62 61 1 0)
(305 68 64 1/2 0)
(611/2 66 63 1/2 0)
(306 40 48 1 1)
(306 64 62 1/2 0)
(613/2 68 64 1/2 0)
(307 52 55 1 1)
(307 59 59 1 1)
(307 62 61 1 0)
(307 68 64 1/3 0)
(922/3 69 65 1/3 0)
(923/3 68 64 1/3 0)
(308 52 55 1 1)
(308 59 59 1 1)
(308 62 61 1 0)
(308 66 63 1/2 0)
(617/2 64 62 1/2 0)
(309 33 44 1 1)
(309 69 65 3 0)
(310 45 51 1 1)
(310 52 55 1 1)
(310 57 58 1 1)
(310 61 60 1 0)
(311 45 51 2 1)
(311 52 55 2 1)
(311 57 58 2 1)
(311 61 60 2 0)
(312 64 62 1/2 0)
(625/2 68 64 1/2 0)
(313 45 51 1 1)
(313 52 55 1 1)
(313 57 58 1 1)
(313 61 60 1 0)
(313 69 65 1/2 0)
(627/2 71 66 1/2 0)
(314 45 51 1 1)
(314 52 55 1 1)
(314 57 58 1 1)
(314 61 60 1 0)
(314 73 67 1/2 0)
(629/2 74 68 1/2 0)
(315 40 48 1 1)
(315 73 67 1 0)
(316 52 55 1 1)
(316 59 59 1 1)
(316 62 61 1 0)
(316 71 66 1/2 0)
(633/2 69 65 1/2 0)
(317 52 55 1 1)
(317 59 59 1 1)
(317 62 61 1 0)
(317 68 64 1/2 0)
(635/2 66 63 1/2 0)
(318 33 44 1 1)
(318 64 62 1/2 0)
(637/2 69 65 1/2 0)
(319 45 51 1 1)
(319 52 55 1 1)
(319 57 58 1 1)
(319 61 60 1 0)
(319 69 65 1/3 0)
(958/3 71 66 1/3 0)
(959/3 69 65 1/3 0)
(320 45 51 1 1)
(320 52 55 1 1)
(320 57 58 1 1)
(320 61 60 1 0)
(320 68 64 1/2 0)
(641/2 66 63 1/2 0)
(321 40 48 1 1)
(321 68 64 2 0)
(322 52 55 1 1)
(322 59 59 1 0)
(322 64 62 1 0)
(323 52 55 2 1)
(323 59 59 1 1)
(323 62 61 1 0)
(323 64 62 1 0)
(324 45 51 1 1)
(324 64 62 1/2 0)
(649/2 68 64 1/2 0)
(325 52 55 1 1)
(325 57 58 1 1)
(325 61 60 1 0)
(325 69 65 1/2 0)
(651/2 71 66 1/2 0)
(326 45 51 1 1)
(326 52 55 1 1)
(326 57 58 1 1)
(326 61 60 1 0)
(326 73 67 1/2 0)
(653/2 74 68 1/2 0)
(327 38 47 1 1)
(327 73 67 1 0)
(328 54 56 1 1)
(328 59 59 1 1)
(328 62 61 1 0)
(328 71 66 1/2 0)
(657/2 69 65 1/2 0)
(329 47 52 1 1)
(329 54 56 1 1)
(329 59 59 1 1)
(329 62 61 1 0)
(329 68 64 1/2 0)
(659/2 66 63 1/2 0)
(330 40 48 1 1)
(330 64 62 1/2 0)
(661/2 68 64 1/2 0)
(331 52 55 1 1)
(331 59 59 1 1)
(331 62 61 1 0)
(331 68 64 1/3 0)
(994/3 69 65 1/3 0)
(995/3 68 64 1/3 0)
(332 52 55 1 1)
(332 59 59 1 1)
(332 62 61 1 0)
(332 66 63 1/2 0)
(665/2 64 62 1/2 0)
(333 33 44 1 1)
(333 69 65 7/2 0)
(334 57 58 1 1)
(334 61 60 1 0)
(334 64 62 1 1)
(335 57 58 1 1)
(335 61 60 1 0)
(335 64 62 1 1)
(335 67 64 1 0)
(336 50 54 1 1)
(336 66 63 1 0)
(673/2 73 67 1/2 0)
(337 50 54 1 1)
(337 57 58 1 1)
(337 62 61 1 1)
(337 66 63 1 0)
(337 74 68 1/2 0)
(675/2 76 69 1/2 0)
(338 50 54 1 1)
(338 57 58 1 1)
(338 62 61 1 1)
(338 66 63 1 0)
(338 78 70 1/2 0)
(677/2 79 71 1/2 0)
(339 45 51 1 1)
(339 78 70 1 0)
(340 52 55 1 1)
(340 57 58 1 1)
(340 61 60 1 1)
(340 67 64 1 0)
(340 76 69 1/2 0)
(681/2 74 68 1/2 0)
(341 52 55 1 1)
(341 57 58 1 1)
(341 61 60 1 1)
(341 67 64 1 0)
(341 73 67 1/2 0)
(683/2 71 66 1/2 0)
(342 38 47 1 1)
(342 69 65 1/2 0)
(685/2 74 68 1/2 0)
(343 50 54 1 1)
(343 57 58 1 1)
(343 62 61 1 1)
(343 66 63 1 0)
(343 74 68 1/3 0)
(1030/3 76 69 1/3 0)
(1031/3 74 68 1/3 0)
(344 50 54 1 1)
(344 57 58 1 1)
(344 62 61 1 1)
(344 66 63 1 0)
(344 73 67 1/2 0)
(689/2 71 66 1/2 0)
(345 45 51 1 1)
(345 73 67 2 0)
(346 57 58 1 1)
(346 64 62 1 0)
(346 69 65 1 0)
(347 57 58 1 1)
(347 64 62 1 1)
(347 67 64 1 0)
(347 69 65 1 0)
(348 50 54 1 1)
(348 69 65 1/2 0)
(697/2 73 67 1/2 0)
(349 57 58 1 1)
(349 62 61 1 1)
(349 66 63 1 0)
(349 74 68 1/2 0)
(699/2 76 69 1/2 0)
(350 50 54 1 1)
(350 57 58 1 1)
(350 62 61 1 1)
(350 66 63 1 0)
(350 78 70 1/2 0)
(701/2 79 71 1/2 0)
(351 43 50 1 1)
(351 78 70 1 0)
(352 59 59 1 1)
(352 64 62 1 1)
(352 67 64 1 0)
(352 76 69 1/2 0)
(705/2 74 68 1/2 0)
(353 52 55 1 1)
(353 59 59 1 1)
(353 64 62 1 1)
(353 67 64 1 0)
(353 73 67 1/2 0)
(707/2 71 66 1/2 0)
(354 45 51 1 1)
(354 69 65 1/2 0)
(709/2 73 67 1/2 0)
(355 57 58 1 1)
(355 64 62 1 1)
(355 67 64 1 0)
(355 73 67 1/3 0)
(1066/3 74 68 1/3 0)
(1067/3 73 67 1/3 0)
(356 57 58 1 1)
(356 64 62 1 1)
(356 67 64 1 0)
(356 71 66 1/2 0)
(713/2 69 65 1/2 0)
(357 38 47 1 1)
(357 74 68 3 0)
(358 50 54 1 1)
(358 57 58 1 1)
(358 62 61 1 1)
(358 66 63 1 0)
(359 50 54 2 1)
(359 57 58 2 1)
(359 62 61 2 1)
(359 66 63 2 0)
(360 69 65 1/2 0)
(721/2 73 67 1/2 0)
(361 50 54 1 1)
(361 57 58 1 1)
(361 62 61 1 1)
(361 66 63 1 0)
(361 74 68 1/2 0)
(723/2 76 69 1/2 0)
(362 50 54 1 1)
(362 57 58 1 1)
(362 62 61 1 1)
(362 66 63 1 0)
(362 78 70 1/2 0)
(725/2 79 71 1/2 0)
(363 45 51 1 1)
(363 78 70 1 0)
(364 52 55 1 1)
(364 57 58 1 1)
(364 61 60 1 1)
(364 67 64 1 0)
(364 76 69 1/2 0)
(729/2 74 68 1/2 0)
(365 52 55 1 1)
(365 57 58 1 1)
(365 61 60 1 1)
(365 67 64 1 0)
(365 73 67 1/2 0)
(731/2 71 66 1/2 0)
(366 38 47 1 1)
(366 69 65 1/2 0)
(733/2 74 68 1/2 0)
(367 50 54 1 1)
(367 57 58 1 1)
(367 62 61 1 1)
(367 66 63 1 0)
(367 74 68 1/3 0)
(1102/3 76 69 1/3 0)
(1103/3 74 68 1/3 0)
(368 50 54 1 1)
(368 57 58 1 1)
(368 62 61 1 1)
(368 66 63 1 0)
(368 73 67 1/2 0)
(737/2 71 66 1/2 0)
(369 45 51 1 1)
(369 73 67 2 0)
(370 57 58 1 1)
(370 61 60 1 1)
(370 64 62 1 0)
(370 69 65 1 0)
(371 57 58 2 1)
(371 64 62 1 1)
(371 67 64 1 0)
(371 69 65 1 0)
(372 50 54 1 1)
(372 69 65 1/2 0)
(745/2 73 67 1/2 0)
(373 57 58 1 1)
(373 62 61 1 1)
(373 66 63 1 0)
(373 74 68 1/2 0)
(747/2 76 69 1/2 0)
(374 50 54 1 1)
(374 57 58 1 1)
(374 62 61 1 1)
(374 66 63 1 0)
(374 78 70 1/2 0)
(749/2 79 71 1/2 0)
(375 43 50 1 1)
(375 78 70 1 0)
(376 59 59 1 1)
(376 64 62 1 1)
(376 67 64 1 0)
(376 76 69 1/2 0)
(753/2 74 68 1/2 0)
(377 52 55 1 1)
(377 59 59 1 1)
(377 64 62 1 1)
(377 67 64 1 0)
(377 73 67 1/2 0)
(755/2 71 66 1/2 0)
(378 45 51 1 1)
(378 69 65 1/2 0)
(757/2 73 67 1/2 0)
(379 57 58 1 1)
(379 64 62 1 1)
(379 67 64 1 0)
(379 73 67 1/3 0)
(1138/3 74 68 1/3 0)
(1139/3 73 67 1/3 0)
(380 57 58 1 1)
(380 64 62 1 1)
(380 67 64 1 0)
(380 71 66 1/2 0)
(761/2 69 65 1/2 0)
(381 38 47 1 1)
(381 74 68 3 0)
(382 50 54 1 1)
(382 57 58 1 1)
(382 62 61 1 1)
(382 66 63 1 0)
(383 50 54 1 1)
(383 57 58 1 1)
(383 62 61 1 1)
(383 66 63 1 0)
(384 50 54 1 1)
(384 57 58 1 1)
(384 66 63 1/2 0)
(384 74 68 3 0)
(769/2 69 65 1/2 0)
(385 50 54 1 1)
(385 60 60 1 1)
(385 69 65 1/2 0)
(771/2 69 65 1/2 0)
(386 50 54 1 1)
(386 59 59 1 1)
(386 68 64 1/2 0)
(773/2 65 62 1/2 0)
(387 50 54 1 1)
(387 55 57 1 1)
(387 64 62 1/2 0)
(387 74 68 3 0)
(775/2 67 64 1/2 0)
(388 50 54 1 1)
(388 58 59 1 1)
(388 67 64 1/2 0)
(777/2 67 64 1/2 0)
(389 50 54 1 1)
(389 57 58 1 1)
(389 66 63 1/2 0)
(779/2 62 61 1/2 0)
(390 50 54 1 1)
(390 57 58 1 1)
(390 66 63 1/2 0)
(390 74 68 3 0)
(781/2 69 65 1/2 0)
(391 50 54 1 1)
(391 60 60 1 1)
(391 69 65 1/2 0)
(783/2 69 65 1/2 0)
(392 50 54 1 1)
(392 59 59 1 1)
(392 68 64 1/2 0)
(785/2 65 62 1/2 0)
(393 50 54 1 1)
(393 55 57 1 1)
(393 64 62 1/2 0)
(393 74 68 3 0)
(787/2 67 64 1/2 0)
(394 50 54 1 1)
(394 58 59 1 1)
(394 67 64 1/2 0)
(789/2 67 64 1/2 0)
(395 50 54 1 1)
(395 57 58 1 1)
(395 66 63 1 0)
(396 50 54 1 1)
(396 54 56 1 1)
(396 62 61 1/2 0)
(396 69 65 3 0)
(793/2 66 63 1/2 0)
(397 50 54 1 1)
(397 57 58 1 1)
(397 66 63 1/2 0)
(795/2 66 63 1/2 0)
(398 50 54 1 1)
(398 56 57 1 1)
(398 64 62 1/2 0)
(797/2 59 59 1/2 0)
(399 50 54 1 1)
(399 52 55 1 1)
(399 61 60 1/2 0)
(399 69 65 3 0)
(799/2 64 62 1/2 0)
(400 50 54 1 1)
(400 55 57 1 1)
(400 64 62 1/2 0)
(801/2 64 62 1/2 0)
(401 50 54 1 1)
(401 54 56 1 1)
(401 62 61 1/2 0)
(803/2 57 58 1/2 0)
(402 50 54 1 1)
(402 54 56 1 1)
(402 62 61 1/2 0)
(402 69 65 3 0)
(805/2 66 63 1/2 0)
(403 50 54 1 1)
(403 57 58 1 1)
(403 66 63 1/2 0)
(807/2 66 63 1/2 0)
(404 50 54 1 1)
(404 56 57 1 1)
(404 64 62 1/2 0)
(809/2 59 59 1/2 0)
(405 50 54 1 1)
(405 52 55 1 1)
(405 61 60 1/2 0)
(405 69 65 3 0)
(811/2 64 62 1/2 0)
(406 50 54 1 1)
(406 55 57 1 1)
(406 64 62 1/2 0)
(813/2 64 62 1/2 0)
(407 50 54 1 1)
(407 54 56 1 1)
(407 62 61 1/2 0)
(815/2 57 58 1/2 0)
(408 38 47 1 1)
(408 45 51 1 1)
(408 54 56 1/2 1)
(408 62 61 3 0)
(817/2 57 58 1/2 1)
(409 38 47 1 1)
(409 48 53 1 1)
(409 57 58 1/2 1)
(819/2 57 58 1/2 1)
(410 38 47 1 1)
(410 47 52 1 1)
(410 56 57 1/2 1)
(821/2 53 55 1/2 1)
(411 38 47 1 1)
(411 43 50 1 1)
(411 52 55 1/2 1)
(411 62 61 3 0)
(823/2 55 57 1/2 1)
(412 38 47 1 1)
(412 46 52 1 1)
(412 55 57 1/2 1)
(825/2 55 57 1/2 1)
(413 38 47 1 1)
(413 45 51 1 1)
(413 54 56 1/2 1)
(827/2 50 54 1/2 1)
(414 38 47 1 1)
(414 45 51 1 1)
(414 54 56 1/2 1)
(414 62 61 3 0)
(829/2 57 58 1/2 1)
(415 38 47 1 1)
(415 48 53 1 1)
(415 57 58 1/2 1)
(831/2 57 58 1/2 1)
(416 38 47 1 1)
(416 47 52 1 1)
(416 56 57 1/2 1)
(833/2 53 55 1/2 1)
(417 38 47 1 1)
(417 43 50 1 1)
(417 52 55 1/2 1)
(417 62 61 3 0)
(835/2 55 57 1/2 1)
(418 38 47 1 1)
(418 46 52 1 1)
(418 55 57 1/2 1)
(837/2 55 57 1/2 1)
(419 38 47 1 1)
(419 45 51 1 1)
(419 54 56 1/2 1)
(839/2 50 54 3/2 1)
(420 38 47 1 1)
(420 45 51 1 1)
(420 57 58 1 1)
(420 62 61 1 0)
(421 50 54 1 1)
(421 57 58 1 1)
(421 62 61 1 0)
(421 69 65 1 0)
(422 62 61 7 1)
(422 69 65 7 1)
(422 74 68 1/2 0)
(845/2 81 72 1/2 0)
(423 86 75 1/2 0)
(847/2 90 77 1/2 0)
(424 92 78 1/2 0)
(849/2 93 79 1/2 0)
(425 95 80 1/2 0)
(851/2 97 81 1/2 0)
(426 98 82 3 0)
