(-1 63 61 1 0)
(0 64 62 3/4 0)
(3/4 63 61 1/4 0)
(1 62 60 1 0)
(1 68 64 1 0)
(1 71 66 1 0)
(2 39 47 1 1)
(2 61 60 1 0)
(2 67 63 1 0)
(2 70 65 1 0)
(3 44 50 2 1)
(3 68 64 5/2 0)
(4 51 54 1 1)
(4 56 57 1 1)
(4 59 59 1 0)
(4 63 61 1 0)
(11/2 70 65 1/2 0)
(6 71 66 1/2 0)
(13/2 73 67 1/2 0)
(7 75 68 1 0)
(8 76 69 1 0)
(9 75 68 1/2 0)
(19/2 80 71 1/4 0)
(10 75 68 2 0)
(11 56 57 2 1)
(11 63 61 2 1)
(11 68 64 2 0)
(11 71 66 2 0)
(12 75 68 3/4 0)
(51/4 73 67 1/4 0)
(13 49 53 1 1)
(13 61 60 1 1)
(13 68 64 1 0)
(13 70 65 1 0)
(13 76 69 1 0)
(14 44 50 1 1)
(14 56 57 1 1)
(14 68 64 1 0)
(14 71 66 1 0)
(14 75 68 1 0)
(15 71 66 3/4 0)
(63/4 70 65 1/4 0)
(16 37 46 1 1)
(16 49 53 1 1)
(16 64 62 1 0)
(16 68 64 1 0)
(16 73 67 1 0)
(17 32 43 1 1)
(17 44 50 1 1)
(17 63 61 1 0)
(17 68 64 1 0)
(17 71 66 1 0)
(18 64 62 3/4 0)
(75/4 63 61 1/4 0)
(19 62 60 1 0)
(19 68 64 1 0)
(19 71 66 1 0)
(20 39 47 1 1)
(20 61 60 1 0)
(20 67 63 1 0)
(20 70 65 1 0)
(21 44 50 3 1)
(21 68 64 2 0)
(22 51 54 1 1)
(22 56 57 1 1)
(22 59 59 1 0)
(22 63 61 1 0)
(23 51 54 1 1)
(23 56 57 1 1)
(23 59 59 1 0)
(23 63 61 1 0)
(23 71 66 1 0)
(24 75 68 3/4 0)
(99/4 73 67 1/4 0)
(25 49 53 1 1)
(25 61 60 1 1)
(25 68 64 1 0)
(25 70 65 1 0)
(25 76 69 1 0)
(26 44 50 1 1)
(26 56 57 1 1)
(26 68 64 1 0)
(26 71 66 1 0)
(26 75 68 1 0)
(27 71 66 3/4 0)
(111/4 70 65 1/4 0)
(28 37 46 1 1)
(28 49 53 1 1)
(28 64 62 1 0)
(28 68 64 1 0)
(28 73 67 1 0)
(29 32 43 1 1)
(29 44 50 1 1)
(29 63 61 1 0)
(29 68 64 1 0)
(29 71 66 1 0)
(30 64 62 3/4 0)
(123/4 63 61 1/4 0)
(31 62 60 1 0)
(31 68 64 1 0)
(31 71 66 1 0)
(32 39 47 1 1)
(32 61 60 1 0)
(32 67 63 1 0)
(32 70 65 1 0)
(33 44 50 1 1)
(33 68 64 1 0)
(34 56 57 1 1)
(34 59 59 2 0)
(34 63 61 1 0)
(35 55 57 1 1)
(35 64 62 1 0)
(35 71 66 1 0)
(36 54 56 3 1)
(36 61 60 3/4 1)
(36 64 62 3 0)
(36 70 65 3/4 0)
(147/4 59 59 1/4 1)
(147/4 68 64 1/4 0)
(37 58 58 1 1)
(37 66 63 1 0)
(38 63 61 1 1)
(38 71 66 1 0)
(39 54 56 3 1)
(39 61 60 3/4 1)
(39 64 62 3 0)
(39 70 65 3/4 0)
(159/4 59 59 1/4 1)
(159/4 68 64 1/4 0)
(40 58 58 1 1)
(40 66 63 1 0)
(41 59 59 1 1)
(41 68 64 1 0)
(42 54 56 1 1)
(42 61 60 3/4 1)
(42 64 62 1 0)
(42 66 63 1 0)
(42 70 65 3/4 0)
(171/4 63 61 1/4 1)
(171/4 71 66 1/4 0)
(43 54 56 2 1)
(43 64 62 1 1)
(43 66 63 2 0)
(43 70 65 1 0)
(43 73 67 1 0)
(44 63 61 1 1)
(44 69 64 1 0)
(44 72 66 1 0)
(45 54 56 7/4 1)
(45 61 60 3/4 1)
(45 66 63 3/4 1)
(45 70 65 3/4 0)
(45 73 67 3/4 0)
(183/4 62 61 1/4 1)
(183/4 65 62 1/4 1)
(183/4 71 66 1/4 0)
(183/4 80 71 1/4 0)
(46 61 60 3/4 1)
(46 66 63 2 1)
(46 70 65 2 0)
(46 78 70 11/4 0)
(187/4 63 61 1/4 1)
(47 61 60 3 1)
(48 68 64 1 1)
(48 71 66 1 0)
(195/4 77 69 5/4 0)
(49 73 67 2 1)
(49 83 73 1 0)
(50 66 63 1 1)
(50 78 70 1 0)
(50 82 72 1 0)
(51 66 63 3/4 0)
(207/4 65 62 5/4 0)
(52 49 53 1 1)
(52 56 57 1 1)
(52 61 60 2 1)
(52 71 66 1 0)
(53 54 56 1 1)
(53 66 63 1 0)
(53 70 65 1 0)
(54 78 70 3/4 0)
(219/4 77 69 5/4 0)
(55 61 60 1 1)
(55 68 64 1 1)
(55 73 67 2 1)
(55 83 73 1 0)
(56 66 63 1 1)
(56 78 70 1 0)
(56 82 72 1 0)
(57 66 63 3/4 0)
(231/4 65 62 5/4 0)
(58 49 53 1 1)
(58 56 57 1 1)
(58 61 60 2 1)
(58 71 66 1 0)
(59 54 56 1 1)
(59 66 63 1 0)
(59 70 65 1 0)
(60 52 55 4 1)
(60 68 64 3/2 0)
(61 56 57 1 1)
(61 61 60 1 1)
(61 64 62 1 1)
(123/2 70 65 1/2 0)
(62 56 57 1 1)
(62 61 60 1 1)
(62 64 62 1 1)
(62 68 64 1/2 0)
(125/2 67 63 1/2 0)
(63 56 57 1 1)
(63 61 60 1 1)
(63 64 62 1 1)
(63 68 64 1/2 0)
(127/2 73 67 1/2 0)
(64 75 68 1 0)
(65 76 69 1 0)
(66 44 50 1 1)
(66 64 62 1 0)
(67 49 53 1 1)
(67 54 56 1 1)
(67 58 58 1 1)
(67 66 63 3/2 0)
(68 49 53 1 1)
(68 54 56 1 1)
(68 58 58 1 1)
(137/2 61 60 1/2 0)
(69 47 52 1 1)
(69 63 61 1/2 0)
(139/2 66 63 1/2 0)
(70 51 54 1 1)
(70 54 56 1 1)
(70 59 59 1 1)
(70 68 64 1 0)
(71 51 54 1 1)
(71 54 56 1 1)
(71 59 59 1 1)
(71 63 61 1 0)
(72 44 50 1 1)
(72 64 62 1 0)
(72 76 69 1 0)
(73 49 53 1 1)
(73 54 56 1 1)
(73 58 58 1 1)
(73 66 63 3/2 0)
(73 78 70 3/2 0)
(74 49 53 1 1)
(74 54 56 1 1)
(74 58 58 1 1)
(149/2 61 60 1/2 0)
(149/2 73 67 1/2 0)
(75 47 52 1 1)
(75 63 61 1/2 0)
(75 75 68 1/2 0)
(151/2 66 63 1/2 0)
(151/2 78 70 1/2 0)
(76 51 54 1 1)
(76 54 56 1 1)
(76 59 59 1 1)
(76 68 64 1 0)
(76 80 71 1 0)
(77 51 54 1 1)
(77 54 56 1 1)
(77 59 59 1 1)
(77 63 61 1 0)
(77 75 68 1 0)
(78 44 50 1 1)
(78 64 62 1 0)
(78 76 69 1 0)
(79 49 53 1 1)
(79 54 56 1 1)
(79 58 58 1 1)
(79 66 63 3/2 0)
(79 78 70 3/2 0)
(80 49 53 1 1)
(80 54 56 1 1)
(80 58 58 1 1)
(161/2 61 60 1/2 0)
(161/2 73 67 1/2 0)
(81 47 52 2 1)
(81 63 61 2 0)
(81 75 68 2 0)
(82 54 56 1 1)
(82 59 59 1 1)
(83 66 63 1 0)
(84 40 48 1 1)
(84 52 55 1 1)
(84 68 64 3/2 0)
(85 52 55 1 1)
(85 56 57 1 1)
(171/2 70 65 1/2 0)
(86 52 55 1 1)
(86 56 57 1 1)
(86 61 60 1 1)
(86 64 62 1 1)
(86 68 64 1/2 0)
(173/2 67 63 1/2 0)
(87 52 55 1 1)
(87 56 57 1 1)
(87 61 60 1 1)
(87 64 62 1 1)
(87 68 64 1/2 0)
(175/2 73 67 1/2 0)
(88 75 68 1 0)
(89 76 69 1 0)
(90 44 50 1 1)
(90 64 62 1 0)
(91 49 53 1 1)
(91 54 56 1 1)
(91 58 58 1 1)
(91 66 63 3/2 0)
(92 49 53 1 1)
(92 54 56 1 1)
(92 58 58 1 1)
(185/2 61 60 1/2 0)
(93 47 52 1 1)
(93 63 61 1/2 0)
(187/2 66 63 1/2 0)
(94 51 54 1 1)
(94 54 56 1 1)
(94 59 59 1 1)
(94 68 64 1 0)
(95 51 54 1 1)
(95 54 56 1 1)
(95 59 59 1 1)
(95 63 61 1 0)
(96 44 50 1 1)
(96 64 62 1 0)
(96 76 69 1 0)
(97 49 53 1 1)
(97 54 56 1 1)
(97 58 58 1 1)
(97 66 63 3/2 0)
(97 78 70 3/2 0)
(98 49 53 1 1)
(98 54 56 1 1)
(98 58 58 1 1)
(197/2 61 60 1/2 0)
(197/2 73 67 1/2 0)
(99 35 45 1 1)
(99 47 52 1 1)
(99 63 61 1/2 0)
(99 75 68 1/2 0)
(199/2 66 63 1/2 0)
(199/2 78 70 1/2 0)
(100 51 54 1 1)
(100 54 56 1 1)
(100 59 59 1 1)
(100 68 64 1 0)
(100 80 71 1 0)
(101 51 54 1 1)
(101 54 56 1 1)
(101 59 59 1 1)
(101 63 61 1 0)
(101 75 68 1 0)
(102 30 42 1 1)
(102 42 49 1 1)
(102 64 62 1 0)
(102 76 69 1 0)
(103 49 53 1 1)
(103 54 56 1 1)
(103 58 58 1 1)
(103 66 63 3/2 0)
(103 78 70 3/2 0)
(104 49 53 1 1)
(104 54 56 1 1)
(104 58 58 1 1)
(209/2 61 60 1/2 0)
(209/2 73 67 1/2 0)
(105 35 45 1 1)
(105 47 52 2 1)
(105 63 61 2 0)
(105 75 68 2 0)
(106 54 56 1 1)
(106 59 59 1 1)
(107 63 61 1 0)
(108 64 62 3/4 0)
(435/4 63 61 1/4 0)
(109 62 60 1 0)
(109 68 64 1 0)
(109 71 66 1 0)
(110 39 47 1 1)
(110 61 60 1 0)
(110 67 63 1 0)
(110 70 65 1 0)
(111 44 50 2 1)
(111 68 64 5/2 0)
(112 51 54 1 1)
(112 56 57 1 1)
(112 59 59 1 0)
(112 63 61 1 0)
(227/2 70 65 1/2 0)
(114 71 66 1/2 0)
(229/2 73 67 1/2 0)
(115 75 68 1 0)
(116 76 69 1 0)
(117 75 68 1/2 0)
(235/2 80 71 1/4 0)
(118 75 68 2 0)
(119 56 57 2 1)
(119 63 61 2 1)
(119 68 64 2 0)
(119 71 66 2 0)
(120 75 68 3/4 0)
(483/4 73 67 1/4 0)
(121 49 53 1 1)
(121 61 60 1 1)
(121 68 64 1 0)
(121 70 65 1 0)
(121 76 69 1 0)
(122 44 50 1 1)
(122 56 57 1 1)
(122 68 64 1 0)
(122 71 66 1 0)
(122 75 68 1 0)
(123 71 66 3/4 0)
(495/4 70 65 1/4 0)
(124 37 46 1 1)
(124 49 53 1 1)
(124 64 62 1 0)
(124 68 64 1 0)
(124 73 67 1 0)
(125 32 43 1 1)
(125 44 50 1 1)
(125 63 61 1 0)
(125 68 64 1 0)
(125 71 66 1 0)
(126 64 62 3/4 0)
(507/4 63 61 1/4 0)
(127 62 60 1 0)
(127 68 64 1 0)
(127 71 66 1 0)
(128 39 47 1 1)
(128 61 60 1 0)
(128 67 63 1 0)
(128 70 65 1 0)
(129 44 50 3 1)
(129 68 64 2 0)
(130 51 54 1 1)
(130 56 57 1 1)
(130 59 59 1 0)
(130 63 61 1 0)
(131 51 54 1 1)
(131 56 57 1 1)
(131 59 59 1 0)
(131 63 61 1 0)
(131 71 66 1 0)
(132 75 68 3/4 0)
(531/4 73 67 1/4 0)
(133 49 53 1 1)
(133 61 60 1 1)
(133 68 64 1 0)
(133 70 65 1 0)
(133 76 69 1 0)
(134 44 50 1 1)
(134 56 57 1 1)
(134 68 64 1 0)
(134 71 66 1 0)
(134 75 68 1 0)
(135 71 66 3/4 0)
(543/4 70 65 1/4 0)
(136 37 46 1 1)
(136 49 53 1 1)
(136 64 62 1 0)
(136 68 64 1 0)
(136 73 67 1 0)
(137 32 43 1 1)
(137 44 50 1 1)
(137 63 61 1 0)
(137 68 64 1 0)
(137 71 66 1 0)
(138 64 62 3/4 0)
(555/4 63 61 1/4 0)
(139 62 60 1 0)
(139 68 64 1 0)
(139 71 66 1 0)
(140 39 47 1 1)
(140 61 60 1 0)
(140 67 63 1 0)
(140 70 65 1 0)
(141 44 50 3 1)
(141 68 64 3 0)
(142 51 54 2 1)
(142 56 57 2 1)
(142 59 59 2 0)
(142 63 61 2 0)
