(-1 63 62 1 0)
(0 32 44 1 1)
(0 68 65 1/2 0)
(1/2 72 67 1/2 0)
(1 51 55 1 1)
(1 60 60 1 1)
(1 63 62 1 1)
(1 75 69 1/2 0)
(3/2 76 69 1/2 0)
(2 51 55 1 1)
(2 61 61 1 1)
(2 63 62 1 1)
(2 77 70 1/2 0)
(5/2 67 64 1/2 0)
(3 44 51 1 1)
(3 68 65 1/2 0)
(7/2 72 67 1/2 0)
(4 56 58 1 1)
(4 60 60 1 1)
(4 66 64 1 1)
(4 75 69 1/2 0)
(9/2 74 68 1/2 0)
(5 56 58 1 1)
(5 60 60 1 1)
(5 66 64 1 1)
(5 75 69 1 0)
(6 49 54 1 1)
(6 73 68 1/2 0)
(13/2 77 70 1/2 0)
(7 56 58 1 1)
(7 61 61 1 1)
(7 65 63 1 1)
(7 79 71 1/2 0)
(15/2 82 73 1/2 0)
(8 56 58 1 1)
(8 61 61 1 1)
(8 65 63 1 1)
(8 80 72 1/2 0)
(17/2 77 70 1/2 0)
(9 46 52 1 1)
(9 73 68 1/2 0)
(19/2 76 69 1/2 0)
(10 56 58 1 1)
(10 61 61 1 1)
(10 65 63 1 1)
(10 77 70 1/2 0)
(21/2 76 69 1/2 0)
(11 56 58 1 1)
(11 61 61 1 1)
(11 65 63 1 1)
(11 77 70 1 0)
(12 51 55 1 1)
(12 67 64 1/2 0)
(25/2 68 65 1/2 0)
(13 55 57 1 1)
(13 61 61 1 1)
(13 63 62 1 1)
(13 70 66 1/2 0)
(27/2 72 67 1/2 0)
(14 55 57 1 1)
(14 61 61 1 1)
(14 63 62 1 1)
(14 73 68 1/2 0)
(29/2 71 66 1/2 0)
(15 44 51 1 1)
(15 72 67 1/2 0)
(63/4 62 61 1/4 0)
(16 51 55 1 1)
(16 56 58 1 1)
(16 60 60 1 1)
(16 63 62 1/2 0)
(33/2 62 61 1/2 0)
(17 51 55 1 1)
(17 56 58 1 1)
(17 60 60 1 1)
(17 63 62 1 0)
(18 39 48 1 1)
(18 67 64 1/2 0)
(18 70 66 1/2 0)
(37/2 68 65 1/2 0)
(37/2 72 67 1/2 0)
(19 51 55 1 1)
(19 55 57 1 1)
(19 61 61 1 1)
(19 63 62 1 1)
(19 70 66 1/2 0)
(19 73 68 1/2 0)
(39/2 72 67 1/2 0)
(39/2 75 69 1/2 0)
(20 51 55 1 1)
(20 55 57 1 1)
(20 61 61 1 1)
(20 63 62 1 1)
(20 73 68 1/2 0)
(20 77 70 1/2 0)
(41/2 71 66 1/2 0)
(41/2 74 68 1/2 0)
(21 44 51 1 1)
(21 72 67 1/2 0)
(21 75 69 1/2 0)
(87/4 62 61 1/4 0)
(22 51 55 1 1)
(22 56 58 1 1)
(22 60 60 1 1)
(22 63 62 1/2 0)
(45/2 62 61 1/2 0)
(23 51 55 1 1)
(23 56 58 1 1)
(23 60 60 1 1)
(23 63 62 1 0)
(24 32 44 1 1)
(24 68 65 1/2 0)
(49/2 72 67 1/2 0)
(25 51 55 1 1)
(25 60 60 1 1)
(25 63 62 1 1)
(25 75 69 1/2 0)
(51/2 76 69 1/2 0)
(26 51 55 1 1)
(26 61 61 1 1)
(26 63 62 1 1)
(26 77 70 1/2 0)
(53/2 67 64 1/2 0)
(27 44 51 1 1)
(27 68 65 1/2 0)
(55/2 72 67 1/2 0)
(28 56 58 1 1)
(28 60 60 1 1)
(28 66 64 1 1)
(28 75 69 1/2 0)
(57/2 74 68 1/2 0)
(29 56 58 1 1)
(29 60 60 1 1)
(29 66 64 1 1)
(29 75 69 1 0)
(30 49 54 1 1)
(30 73 68 1/2 0)
(61/2 77 70 1/2 0)
(31 56 58 1 1)
(31 61 61 1 1)
(31 65 63 1 1)
(31 79 71 1/2 0)
(63/2 82 73 1/2 0)
(32 56 58 1 1)
(32 61 61 1 1)
(32 65 63 1 1)
(32 80 72 1/2 0)
(65/2 77 70 1/2 0)
(33 46 52 1 1)
(33 73 68 1/2 0)
(67/2 76 69 1/2 0)
(34 56 58 1 1)
(34 61 61 1 1)
(34 65 63 1 1)
(34 77 70 1/2 0)
(69/2 76 69 1/2 0)
(35 56 58 1 1)
(35 61 61 1 1)
(35 65 63 1 1)
(35 77 70 1 0)
(36 51 55 1 1)
(36 67 64 1/2 0)
(73/2 68 65 1/2 0)
(37 55 57 1 1)
(37 61 61 1 1)
(37 63 62 1 1)
(37 70 66 1/2 0)
(75/2 72 67 1/2 0)
(38 55 57 1 1)
(38 61 61 1 1)
(38 63 62 1 1)
(38 73 68 1/2 0)
(77/2 71 66 1/2 0)
(39 44 51 1 1)
(39 72 67 1/2 0)
(159/4 62 61 1/4 0)
(40 51 55 1 1)
(40 56 58 1 1)
(40 60 60 1 1)
(40 63 62 1/2 0)
(81/2 62 61 1/2 0)
(41 51 55 1 1)
(41 56 58 1 1)
(41 60 60 1 1)
(41 63 62 1 0)
(42 39 48 1 1)
(42 67 64 1/2 0)
(42 70 66 1/2 0)
(85/2 68 65 1/2 0)
(85/2 72 67 1/2 0)
(43 51 55 1 1)
(43 55 57 1 1)
(43 61 61 1 1)
(43 63 62 1 1)
(43 70 66 1/2 0)
(43 73 68 1/2 0)
(87/2 72 67 1/2 0)
(87/2 75 69 1/2 0)
(44 51 55 1 1)
(44 55 57 1 1)
(44 61 61 1 1)
(44 63 62 1 1)
(44 73 68 1/2 0)
(44 77 70 1/2 0)
(89/2 71 66 1/2 0)
(89/2 74 68 1/2 0)
(45 44 51 1 1)
(45 72 67 1/2 0)
(45 75 69 1/2 0)
(183/4 62 61 1/4 0)
(46 51 55 1 1)
(46 56 58 1 1)
(46 60 60 1 1)
(46 63 62 1/2 0)
(93/2 62 61 1/2 0)
(47 51 55 1 1)
(47 56 58 2 1)
(47 60 60 1 1)
(47 63 62 2 0)
(48 49 54 2 1)
(48 65 63 2 0)
(49 58 59 2 1)
(49 61 61 2 0)
(50 51 55 2 1)
(50 67 64 1 0)
(51 44 51 1 1)
(51 60 60 2 0)
(51 67 64 3/4 0)
(207/4 68 65 1/4 0)
(52 68 65 1/2 0)
(105/2 70 66 1/2 0)
(53 56 58 3 1)
(53 63 62 1 1)
(53 66 64 1 0)
(53 72 67 3/2 0)
(54 49 54 2 1)
(54 65 63 2 0)
(109/2 73 68 1/2 0)
(55 72 67 3/2 0)
(56 51 55 1 1)
(56 61 61 1 1)
(56 67 64 1 0)
(113/2 70 66 1/2 0)
(57 56 58 4 1)
(57 65 63 1/2 0)
(57 73 68 1/2 0)
(115/2 63 62 1/2 0)
(115/2 72 67 1/2 0)
(58 63 62 1/2 0)
(58 72 67 1/2 0)
(117/2 62 61 1/2 0)
(117/2 71 66 1/2 0)
(59 63 62 2 0)
(59 72 67 1 0)
(60 49 54 2 1)
(60 65 63 2 0)
(61 58 59 2 1)
(61 61 61 2 0)
(62 51 55 2 1)
(62 67 64 7/4 0)
(63 44 51 1 1)
(63 60 60 2 0)
(255/4 68 65 1/4 0)
(64 68 65 1/2 0)
(129/2 70 66 1/2 0)
(65 44 51 1 1)
(65 53 56 1 1)
(65 62 61 1 0)
(65 72 67 3/2 0)
(66 43 50 2 1)
(66 55 57 2 1)
(66 63 62 1 0)
(133/2 74 68 1/2 0)
(67 62 61 1 0)
(67 71 66 3/2 0)
(68 55 57 1 1)
(68 62 61 1 1)
(68 65 63 1 0)
(137/2 67 64 1/2 0)
(69 48 53 3/4 1)
(69 55 57 3 1)
(69 63 62 4 0)
(69 74 68 1/2 0)
(139/2 75 69 1/2 0)
(279/4 50 54 1/4 1)
(70 53 56 1 1)
(70 72 67 2 0)
(71 51 55 1/2 1)
(143/2 50 54 1/2 1)
(72 49 54 2 1)
(72 56 58 1 1)
(72 65 63 2 0)
(73 58 59 2 1)
(73 61 61 2 0)
(74 51 55 2 1)
(74 67 64 7/4 0)
(75 44 51 1 1)
(75 60 60 2 0)
(303/4 68 65 1/4 0)
(76 68 65 1/2 0)
(153/2 70 66 1/2 0)
(77 56 58 3 1)
(77 63 62 1 1)
(77 66 64 1 0)
(77 72 67 3/2 0)
(78 49 54 2 1)
(78 65 63 2 0)
(157/2 73 68 1/2 0)
(79 72 67 3/2 0)
(80 51 55 1 1)
(80 61 61 1 1)
(80 67 64 1 0)
(161/2 70 66 1/2 0)
(81 56 58 4 1)
(81 65 63 1/2 0)
(81 73 68 1/2 0)
(163/2 63 62 1/2 0)
(163/2 72 67 1/2 0)
(82 63 62 1/2 0)
(82 72 67 1/2 0)
(165/2 62 61 1/2 0)
(165/2 71 66 1/2 0)
(83 63 62 2 0)
(83 72 67 1 0)
(84 49 54 2 1)
(84 65 63 2 0)
(85 58 59 2 1)
(85 61 61 2 0)
(86 51 55 2 1)
(86 67 64 7/4 0)
(87 44 51 1 1)
(87 60 60 2 0)
(351/4 68 65 1/4 0)
(88 68 65 1/2 0)
(177/2 70 66 1/2 0)
(89 44 51 1 1)
(89 53 56 1 1)
(89 62 61 1 0)
(89 72 67 3/2 0)
(90 43 50 2 1)
(90 55 57 2 1)
(90 63 62 1 0)
(181/2 74 68 1/2 0)
(91 62 61 1 0)
(91 71 66 3/2 0)
(92 55 57 1 1)
(92 62 61 1 1)
(92 65 63 1 0)
(185/2 67 64 1/2 0)
(93 48 53 2 1)
(93 55 57 2 1)
(93 63 62 2 0)
(93 74 68 1/2 0)
(187/2 75 69 1/2 0)
(94 72 67 3/2 0)
(95 48 53 2 1)
(95 55 57 2 1)
(95 63 62 2 0)
(191/2 75 69 1/2 0)
(96 75 69 5/2 0)
(97 48 53 1 1)
(97 55 57 1 1)
(97 59 59 1 1)
(97 65 63 1/2 0)
(195/2 67 64 1/2 0)
(98 48 53 2 1)
(98 55 57 2 1)
(98 59 59 2 1)
(98 65 63 3/2 0)
(197/2 75 69 1/2 0)
(99 74 68 2 0)
(199/2 65 63 1/2 0)
(100 48 53 1 1)
(100 55 57 1 1)
(100 60 60 1 1)
(100 63 62 1 0)
(101 48 53 2 1)
(101 55 57 2 1)
(101 60 60 2 1)
(101 63 62 1 0)
(101 72 67 1 0)
(102 67 64 1/2 0)
(102 75 69 5/2 0)
(205/2 68 65 1/2 0)
(103 48 53 1 1)
(103 55 57 1 1)
(103 59 59 1 1)
(103 67 64 1/2 0)
(207/2 68 65 1/2 0)
(104 48 53 2 1)
(104 55 57 2 1)
(104 59 59 2 1)
(104 65 63 3/2 0)
(209/2 75 69 1/2 0)
(105 74 68 1 0)
(211/2 65 63 1/2 0)
(106 48 53 1 1)
(106 55 57 1 1)
(106 60 60 1 1)
(106 63 62 2 0)
(106 72 67 2 0)
(107 48 53 1 1)
(107 55 57 1 1)
(107 60 60 1 1)
(108 36 46 1 1)
(108 43 50 1 1)
(108 75 69 5/2 0)
(109 48 53 1 1)
(109 55 57 1 1)
(109 59 59 1 1)
(109 67 64 1/2 0)
(219/2 68 65 1/2 0)
(110 48 53 2 1)
(110 55 57 2 1)
(110 59 59 2 1)
(110 65 63 3/2 0)
(221/2 75 69 1/2 0)
(111 74 68 2 0)
(223/2 65 63 1/2 0)
(112 48 53 1 1)
(112 55 57 1 1)
(112 60 60 1 1)
(112 63 62 1 0)
(113 48 53 2 1)
(113 55 57 2 1)
(113 60 60 2 1)
(113 63 62 1 0)
(113 72 67 1 0)
(114 67 64 1/2 0)
(114 75 69 5/2 0)
(229/2 68 65 1/2 0)
(115 48 53 1 1)
(115 55 57 1 1)
(115 59 59 1 1)
(115 67 64 1/2 0)
(231/2 68 65 1/2 0)
(116 48 53 2 1)
(116 55 57 2 1)
(116 59 59 2 1)
(116 65 63 3/2 0)
(233/2 75 69 1/2 0)
(117 74 68 1 0)
(235/2 65 63 1/2 0)
(118 48 53 1 1)
(118 55 57 1 1)
(118 60 60 1 1)
(118 64 62 2 0)
(118 72 67 2 0)
(119 48 53 1 1)
(119 55 57 1 1)
(119 60 60 1 1)
(120 36 46 1 1)
(121 55 57 1 1)
(121 64 62 1 1)
(121 67 64 1/2 0)
(243/2 68 64 1/2 0)
(122 55 57 1 1)
(122 65 63 1 1)
(122 69 65 1/2 0)
(245/2 55 57 1/2 0)
(123 60 60 1 0)
(124 55 57 1 1)
(124 64 62 1 1)
(124 67 64 1/2 0)
(249/2 66 63 1/2 0)
(125 55 57 1 1)
(125 64 62 1 1)
(125 67 64 1 0)
(126 48 53 1 1)
(126 60 60 1 0)
(127 55 57 1 1)
(127 64 62 1 1)
(127 67 64 1/2 0)
(255/2 71 66 1/2 0)
(128 55 57 2 1)
(128 65 63 2 1)
(128 69 65 1/2 0)
(257/2 59 59 1/2 0)
(129 60 60 3 0)
(130 55 57 1 1)
(130 64 62 1 1)
(131 48 53 7/2 1)
(132 64 62 2 0)
(133 55 57 1/2 1)
(267/2 56 57 1/2 1)
(134 57 58 2 1)
(134 65 63 3/2 0)
(269/2 47 52 1/2 1)
(135 48 53 3 1)
(271/2 64 62 1/2 0)
(136 55 57 1/2 1)
(136 64 62 1/2 0)
(273/2 54 56 1/2 1)
(273/2 63 61 1/2 0)
(137 55 57 2 1)
(137 64 62 2 0)
(138 48 53 5/2 1)
(139 55 57 1/2 1)
(139 64 62 1/2 0)
(279/2 58 59 1/2 1)
(279/2 67 64 1/2 0)
(140 57 58 1 1)
(140 65 63 1 0)
(281/2 47 52 1/2 1)
(141 48 53 2 1)
(141 55 57 2 1)
(141 64 62 1/2 0)
(283/2 59 59 1/2 0)
(142 60 60 1 0)
(143 67 64 1/2 0)
(287/2 71 66 1/2 0)
(144 72 67 2 0)
(146 67 64 1/2 0)
(293/2 71 66 1/2 0)
(147 72 67 1/2 0)
(295/2 71 66 1/2 0)
(148 67 64 1/2 0)
(297/2 74 68 1/2 0)
(149 72 67 1/2 0)
(299/2 71 66 1/2 0)
(150 67 64 1/2 0)
(301/2 73 68 1/2 0)
(151 72 67 1/2 0)
(303/2 71 66 1/2 0)
(152 67 64 1/2 0)
(305/2 73 68 1/2 0)
(153 72 67 1/2 0)
(307/2 71 66 1/2 0)
(154 70 66 1/2 0)
(309/2 73 68 1/2 0)
(155 72 67 1/2 0)
(311/2 70 66 1/2 0)
(156 32 44 1 1)
(156 68 65 1/2 0)
(313/2 72 67 1/2 0)
(157 51 55 1 1)
(157 60 60 1 1)
(157 63 62 1 1)
(157 75 69 1/2 0)
(315/2 76 69 1/2 0)
(158 51 55 1 1)
(158 61 61 1 1)
(158 63 62 1 1)
(158 77 70 1/2 0)
(317/2 67 64 1/2 0)
(159 44 51 1 1)
(159 68 65 1/2 0)
(319/2 72 67 1/2 0)
(160 56 58 1 1)
(160 60 60 1 1)
(160 66 64 1 1)
(160 75 69 1/2 0)
(321/2 74 68 1/2 0)
(161 56 58 1 1)
(161 60 60 1 1)
(161 66 64 1 1)
(161 75 69 1 0)
(162 49 54 1 1)
(162 73 68 1/2 0)
(325/2 77 70 1/2 0)
(163 56 58 1 1)
(163 61 61 1 1)
(163 65 63 1 1)
(163 79 71 1/2 0)
(327/2 82 73 1/2 0)
(164 56 58 1 1)
(164 61 61 1 1)
(164 65 63 1 1)
(164 80 72 1/2 0)
(329/2 77 70 1/2 0)
(165 46 52 1 1)
(165 73 68 1/2 0)
(331/2 76 69 1/2 0)
(166 56 58 1 1)
(166 61 61 1 1)
(166 65 63 1 1)
(166 77 70 1/2 0)
(333/2 76 69 1/2 0)
(167 56 58 1 1)
(167 61 61 1 1)
(167 65 63 1 1)
(167 77 70 1 0)
(168 51 55 1 1)
(168 67 64 1/2 0)
(337/2 68 65 1/2 0)
(169 55 57 1 1)
(169 61 61 1 1)
(169 63 62 1 1)
(169 70 66 1/2 0)
(339/2 72 67 1/2 0)
(170 55 57 1 1)
(170 61 61 1 1)
(170 63 62 1 1)
(170 73 68 1/2 0)
(341/2 71 66 1/2 0)
(171 44 51 1 1)
(171 72 67 1/2 0)
(687/4 62 61 1/4 0)
(172 51 55 1 1)
(172 56 58 1 1)
(172 60 60 1 1)
(172 63 62 1/2 0)
(345/2 62 61 1/2 0)
(173 51 55 1 1)
(173 56 58 1 1)
(173 60 60 1 1)
(173 63 62 1 0)
(174 39 48 1 1)
(174 67 64 1/2 0)
(174 70 66 1/2 0)
(349/2 68 65 1/2 0)
(349/2 72 67 1/2 0)
(175 51 55 1 1)
(175 55 57 1 1)
(175 61 61 1 1)
(175 63 62 1 1)
(175 70 66 1/2 0)
(175 73 68 1/2 0)
(351/2 72 67 1/2 0)
(351/2 75 69 1/2 0)
(176 51 55 1 1)
(176 55 57 1 1)
(176 61 61 1 1)
(176 63 62 1 1)
(176 73 68 1/2 0)
(176 77 70 1/2 0)
(353/2 71 66 1/2 0)
(353/2 74 68 1/2 0)
(177 44 51 1 1)
(177 72 67 1/2 0)
(177 75 69 1/2 0)
(711/4 62 61 1/4 0)
(178 51 55 1 1)
(178 56 58 1 1)
(178 60 60 1 1)
(178 63 62 1/2 0)
(357/2 62 61 1/2 0)
(179 51 55 1 1)
(179 56 58 1 1)
(179 60 60 1 1)
(179 63 62 1 0)
(180 32 44 1 1)
(180 68 65 1/2 0)
(361/2 72 67 1/2 0)
(181 51 55 1 1)
(181 60 60 1 1)
(181 63 62 1 1)
(181 75 69 1/2 0)
(363/2 76 69 1/2 0)
(182 51 55 1 1)
(182 61 61 1 1)
(182 63 62 1 1)
(182 77 70 1/2 0)
(365/2 67 64 1/2 0)
(183 44 51 1 1)
(183 68 65 1/2 0)
(367/2 72 67 1/2 0)
(184 56 58 1 1)
(184 60 60 1 1)
(184 66 64 1 1)
(184 75 69 1/2 0)
(369/2 74 68 1/2 0)
(185 56 58 1 1)
(185 60 60 1 1)
(185 66 64 1 1)
(185 75 69 1 0)
(186 49 54 1 1)
(186 73 68 1/2 0)
(373/2 77 70 1/2 0)
(187 56 58 1 1)
(187 61 61 1 1)
(187 65 63 1 1)
(187 79 71 1/2 0)
(375/2 82 73 1/2 0)
(188 56 58 1 1)
(188 61 61 1 1)
(188 65 63 1 1)
(188 80 72 1/2 0)
(377/2 77 70 1/2 0)
(189 46 52 1 1)
(189 73 68 1/2 0)
(379/2 76 69 1/2 0)
(190 56 58 1 1)
(190 61 61 1 1)
(190 65 63 1 1)
(190 77 70 1/2 0)
(381/2 76 69 1/2 0)
(191 56 58 1 1)
(191 61 61 1 1)
(191 65 63 1 1)
(191 77 70 1 0)
(192 51 55 1 1)
(192 67 64 1/2 0)
(385/2 68 65 1/2 0)
(193 55 57 1 1)
(193 61 61 1 1)
(193 63 62 1 1)
(193 70 66 1/2 0)
(387/2 72 67 1/2 0)
(194 55 57 1 1)
(194 61 61 1 1)
(194 63 62 1 1)
(194 73 68 1/2 0)
(389/2 71 66 1/2 0)
(195 44 51 1 1)
(195 72 67 1/2 0)
(783/4 62 61 1/4 0)
(196 51 55 1 1)
(196 56 58 1 1)
(196 60 60 1 1)
(196 63 62 1/2 0)
(393/2 62 61 1/2 0)
(197 51 55 1 1)
(197 56 58 1 1)
(197 60 60 1 1)
(197 63 62 1 0)
(198 39 48 1 1)
(198 67 64 1/2 0)
(198 70 66 1/2 0)
(397/2 68 65 1/2 0)
(397/2 72 67 1/2 0)
(199 51 55 1 1)
(199 55 57 1 1)
(199 61 61 1 1)
(199 63 62 1 1)
(199 70 66 1/2 0)
(199 73 68 1/2 0)
(399/2 72 67 1/2 0)
(399/2 75 69 1/2 0)
(200 51 55 1 1)
(200 55 57 1 1)
(200 61 61 1 1)
(200 63 62 1 1)
(200 73 68 1/2 0)
(200 77 70 1/2 0)
(401/2 71 66 1/2 0)
(401/2 74 68 1/2 0)
(201 44 51 1 1)
(201 72 67 1/2 0)
(201 75 69 1/2 0)
(807/4 62 61 1/4 0)
(202 51 55 1 1)
(202 56 58 1 1)
(202 60 60 1 1)
(202 63 62 1/2 0)
(405/2 62 61 1/2 0)
(203 51 55 1 1)
(203 56 58 2 1)
(203 60 60 1 1)
(203 63 62 2 0)
(204 49 54 2 1)
(204 65 63 2 0)
(205 58 59 2 1)
(205 61 61 2 0)
(206 51 55 2 1)
(206 67 64 7/4 0)
(207 44 51 1 1)
(207 60 60 2 0)
(831/4 68 65 1/4 0)
(208 68 65 1/2 0)
(417/2 70 66 1/2 0)
(209 56 58 3 1)
(209 63 62 1 1)
(209 66 64 1 0)
(209 72 67 3/2 0)
(210 49 54 2 1)
(210 65 63 2 0)
(421/2 73 68 1/2 0)
(211 72 67 3/2 0)
(212 51 55 1 1)
(212 61 61 1 1)
(212 67 64 1 0)
(425/2 70 66 1/2 0)
(213 56 58 4 1)
(213 65 63 1/2 0)
(213 73 68 1/2 0)
(427/2 63 62 1/2 0)
(427/2 72 67 1/2 0)
(214 63 62 1/2 0)
(214 72 67 1/2 0)
(429/2 62 61 1/2 0)
(429/2 71 66 1/2 0)
(215 63 62 2 0)
(215 72 67 1 0)
(216 49 54 2 1)
(216 65 63 2 0)
(217 58 59 2 1)
(217 61 61 2 0)
(218 51 55 2 1)
(218 67 64 7/4 0)
(219 44 51 1 1)
(219 60 60 2 0)
(879/4 68 65 1/4 0)
(220 68 65 1/2 0)
(441/2 70 66 1/2 0)
(221 44 51 1 1)
(221 53 56 1 1)
(221 62 61 1 0)
(221 72 67 3/2 0)
(222 43 50 2 1)
(222 55 57 2 1)
(222 63 62 1 0)
(445/2 74 68 1/2 0)
(223 62 61 1 0)
(223 71 66 3/2 0)
(224 55 57 1 1)
(224 62 61 1 1)
(224 65 63 1 0)
(449/2 67 64 1/2 0)
(225 48 53 3/4 1)
(225 55 57 3 1)
(225 63 62 4 0)
(225 74 68 1/2 0)
(451/2 75 69 1/2 0)
(903/4 50 54 1/4 1)
(226 53 56 1 1)
(226 72 67 2 0)
(227 51 55 1/2 1)
(455/2 50 54 1/2 1)
(228 49 54 2 1)
(228 56 58 1 1)
(228 65 63 2 0)
(229 58 59 2 1)
(229 61 61 2 0)
(230 51 55 2 1)
(230 67 64 7/4 0)
(231 44 51 1 1)
(231 60 60 2 0)
(927/4 68 65 1/4 0)
(232 68 65 1/2 0)
(465/2 70 66 1/2 0)
(233 56 58 3 1)
(233 63 62 1 1)
(233 66 64 1 0)
(233 72 67 3/2 0)
(234 49 54 2 1)
(234 65 63 2 0)
(469/2 73 68 1/2 0)
(235 72 67 3/2 0)
(236 51 55 1 1)
(236 61 61 1 1)
(236 67 64 1 0)
(473/2 70 66 1/2 0)
(237 56 58 4 1)
(237 65 63 1/2 0)
(237 73 68 1/2 0)
(475/2 63 62 1/2 0)
(475/2 72 67 1/2 0)
(238 63 62 1/2 0)
(238 72 67 1/2 0)
(477/2 62 61 1/2 0)
(477/2 71 66 1/2 0)
(239 63 62 2 0)
(239 72 67 1 0)
(240 49 54 2 1)
(240 65 63 2 0)
(241 58 59 2 1)
(241 61 61 2 0)
(242 51 55 4 1)
(242 67 64 7/4 0)
(243 44 51 3 1)
(243 60 60 2 0)
(975/4 68 65 1/4 0)
(244 68 65 1/2 0)
(489/2 70 66 1/2 0)
(245 63 62 1 0)
(245 72 67 1 0)
