(1/2 73 67 1/2 0)
(1 71 66 1 0)
(2 69 65 1 0)
(3 68 64 3/4 0)
(15/4 64 62 1/4 0)
(4 61 60 1 0)
(5 62 61 1 0)
(6 64 62 3/4 0)
(27/4 66 63 1/4 0)
(7 68 64 1 0)
(8 69 65 1 0)
(9 68 64 3/4 0)
(39/4 64 62 1/4 0)
(10 56 57 1 1)
(10 61 60 1 0)
(11 54 56 1 1)
(11 57 58 1 1)
(11 62 61 1 0)
(12 49 53 1 1)
(12 64 62 3/4 0)
(51/4 73 67 1/4 0)
(13 56 57 1 1)
(13 61 60 1 1)
(13 64 62 1 1)
(13 71 66 1 0)
(14 57 58 1 1)
(14 61 60 1 1)
(14 66 63 1 1)
(14 69 65 1 0)
(15 49 53 1 1)
(15 68 64 3/4 0)
(63/4 64 62 1/4 0)
(16 56 57 1 1)
(16 61 60 1 0)
(17 54 56 1 1)
(17 57 58 1 1)
(17 62 61 1 0)
(18 49 53 1 1)
(18 64 62 3/4 0)
(75/4 66 63 1/4 0)
(19 61 60 1 1)
(19 64 62 1 1)
(19 68 64 1 0)
(20 57 58 1 1)
(20 61 60 1 1)
(20 66 63 1 1)
(20 69 65 1 0)
(21 49 53 1 1)
(21 68 64 3/2 0)
(22 56 57 1 1)
(22 61 60 1 1)
(45/2 64 62 1/2 0)
(23 68 64 1/2 0)
(47/2 64 62 1 0)
(24 40 48 1 1)
(49/2 76 69 1/2 0)
(25 59 59 1 1)
(25 64 62 1 0)
(25 68 64 1 0)
(25 75 68 1 0)
(26 58 58 1 1)
(26 64 62 1 0)
(26 67 63 1 0)
(26 73 67 1 0)
(27 40 48 1 1)
(27 71 66 3/4 0)
(111/4 68 64 1/4 0)
(28 59 59 1 1)
(28 64 62 1 0)
(29 58 58 1 1)
(29 61 60 1 1)
(29 67 63 1 0)
(30 52 55 1 1)
(30 68 64 1/2 0)
(61/2 69 65 1/2 0)
(31 59 59 1 1)
(31 64 62 1 0)
(31 68 64 1 0)
(31 70 65 1/2 0)
(63/2 71 66 1/2 0)
(32 58 58 1 1)
(32 64 62 1 0)
(32 66 63 1 0)
(32 72 66 1/2 0)
(65/2 73 67 1/2 0)
(33 52 55 1 1)
(33 71 66 3/4 0)
(135/4 68 64 1/4 0)
(34 59 59 1 1)
(34 64 62 1 0)
(35 58 58 1 1)
(35 61 60 1 1)
(35 67 63 1 0)
(36 40 48 1 1)
(36 68 64 3/4 0)
(147/4 76 69 1/4 0)
(37 59 59 1 1)
(37 64 62 1 0)
(37 68 64 1 0)
(37 75 68 1 0)
(38 58 58 1 1)
(38 64 62 1 0)
(38 67 63 1 0)
(38 73 67 1 0)
(39 52 55 1 1)
(39 71 66 3/4 0)
(159/4 68 64 1/4 0)
(40 59 59 1 1)
(40 64 62 1 0)
(41 58 58 1 1)
(41 61 60 1 1)
(41 67 63 1 0)
(42 52 55 1 1)
(42 68 64 1/2 0)
(85/2 69 65 1/2 0)
(43 59 59 1 1)
(43 68 64 1 1)
(43 70 65 1/2 0)
(87/2 73 67 1/2 0)
(44 71 66 1/2 0)
(89/2 75 68 1/2 0)
(45 78 70 1/2 0)
(91/2 76 69 1/2 0)
(46 75 68 1/2 0)
(93/2 76 69 1/2 0)
(47 78 70 1/2 0)
(95/2 79 70 1/2 0)
(48 48 52 1 1)
(48 80 71 3/2 0)
(49 56 57 1 1)
(49 63 61 1 1)
(49 66 63 1 1)
(99/2 82 72 1/2 0)
(50 56 57 1 1)
(50 63 61 1 1)
(50 66 63 1 1)
(50 80 71 1/2 0)
(101/2 79 70 1/2 0)
(51 49 53 1 1)
(51 80 71 1/2 0)
(103/2 82 72 1/2 0)
(52 56 57 1 1)
(52 61 60 1 1)
(52 65 62 1 1)
(52 80 71 1/2 0)
(105/2 79 70 1/2 0)
(53 56 57 1 1)
(53 61 60 1 1)
(53 65 62 1 1)
(53 80 71 1/2 0)
(107/2 82 72 1/2 0)
(54 44 50 1 1)
(54 80 71 1/2 0)
(109/2 79 70 1/2 0)
(55 51 54 1 1)
(55 56 57 1 1)
(55 60 59 1 1)
(55 66 63 1 1)
(55 80 71 1/2 0)
(111/2 82 72 1/2 0)
(56 51 54 1 1)
(56 56 57 1 1)
(56 60 59 1 1)
(56 66 63 1 1)
(56 80 71 1/2 0)
(113/2 78 70 1/2 0)
(57 37 46 1 1)
(57 49 53 1 1)
(57 77 69 1/2 0)
(231/4 76 68 1/4 0)
(58 53 55 1 1)
(58 56 57 1 1)
(58 61 60 1 1)
(58 65 62 1 1)
(58 77 69 1 0)
(59 53 55 1 1)
(59 56 57 1 1)
(59 61 60 1 1)
(59 65 62 1 1)
(59 73 67 1 0)
(60 45 50 1 1)
(60 77 69 3/2 0)
(61 53 55 1 1)
(61 60 59 1 1)
(61 63 61 1 1)
(61 65 62 1 1)
(123/2 78 70 1/2 0)
(62 53 55 1 1)
(62 60 59 1 1)
(62 63 61 1 1)
(62 65 62 1 1)
(62 77 69 1/2 0)
(125/2 76 68 1/2 0)
(63 46 51 1 1)
(63 77 69 1/2 0)
(127/2 78 70 1/2 0)
(64 53 55 1 1)
(64 58 58 1 1)
(64 61 60 1 1)
(64 65 62 1 1)
(64 77 69 1/2 0)
(129/2 76 68 1/2 0)
(65 51 54 1 1)
(65 58 58 1 1)
(65 61 60 1 1)
(65 63 61 1 1)
(65 77 69 1/2 0)
(131/2 79 70 1/2 0)
(66 44 50 1 1)
(66 82 72 1/2 0)
(133/2 80 71 1/2 0)
(67 56 57 1 1)
(67 60 59 1 1)
(67 66 63 1 1)
(67 78 70 1/2 0)
(135/2 70 65 1/2 0)
(68 56 57 1 1)
(68 63 61 1 1)
(68 66 63 1 1)
(68 72 66 1/2 0)
(137/2 68 64 1/2 0)
(69 49 53 1 1)
(69 75 68 1/2 0)
(279/4 77 69 1/4 0)
(70 56 57 1 1)
(70 61 60 1 1)
(70 65 62 1 1)
(70 73 67 1/2 0)
(141/2 77 69 1/2 0)
(71 49 53 1 1)
(71 78 70 1/2 0)
(143/2 79 70 1/2 0)
(72 36 45 1 1)
(72 48 52 1 1)
(72 80 71 3/2 0)
(73 56 57 1 1)
(73 63 61 1 1)
(73 66 63 1 1)
(147/2 82 72 1/2 0)
(74 56 57 1 1)
(74 63 61 1 1)
(74 66 63 1 1)
(74 80 71 1/2 0)
(149/2 79 70 1/2 0)
(75 37 46 1 1)
(75 49 53 1 1)
(75 80 71 1/3 0)
(226/3 82 72 1/3 0)
(227/3 80 71 1/3 0)
(76 53 55 1 1)
(76 56 57 1 1)
(76 61 60 1 1)
(76 65 62 1 1)
(76 79 70 1/3 0)
(229/3 80 71 1/3 0)
(230/3 82 72 1/3 0)
(77 53 55 1 1)
(77 56 57 1 1)
(77 61 60 1 1)
(77 65 62 1 1)
(77 80 71 1/3 0)
(232/3 79 70 1/3 0)
(233/3 80 71 1/3 0)
(78 32 43 1 1)
(78 44 50 1 1)
(78 82 72 1/3 0)
(235/3 80 71 1/3 0)
(236/3 79 70 1/3 0)
(79 51 54 1 1)
(79 56 57 1 1)
(79 60 59 1 1)
(79 66 63 1 1)
(79 80 71 1/3 0)
(238/3 82 72 1/3 0)
(239/3 80 71 1/3 0)
(80 51 54 1 1)
(80 56 57 1 1)
(80 60 59 1 1)
(80 66 63 1 1)
(80 79 70 1/3 0)
(241/3 80 71 1/3 0)
(242/3 78 70 1/3 0)
(81 37 46 1 1)
(81 49 53 1 1)
(81 77 69 1/2 0)
(327/4 76 68 1/4 0)
(82 53 55 1 1)
(82 56 57 1 1)
(82 61 60 1 1)
(82 65 62 1 1)
(82 77 69 1 0)
(83 53 55 1 1)
(83 56 57 1 1)
(83 61 60 1 1)
(83 65 62 1 1)
(83 73 67 1 0)
(84 33 43 1 1)
(84 45 50 1 1)
(84 77 69 3/2 0)
(85 53 55 1 1)
(85 60 59 1 1)
(85 63 61 1 1)
(85 65 62 1 1)
(171/2 78 70 1/2 0)
(86 53 55 1 1)
(86 60 59 1 1)
(86 63 61 1 1)
(86 65 62 1 1)
(86 77 69 1/2 0)
(173/2 76 68 1/2 0)
(87 34 44 1 1)
(87 46 51 1 1)
(87 77 69 1/3 0)
(262/3 78 70 1/3 0)
(263/3 77 69 1/3 0)
(88 53 55 1 1)
(88 58 58 1 1)
(88 61 60 1 1)
(88 76 68 1/3 0)
(265/3 77 69 1/3 0)
(266/3 78 70 1/3 0)
(89 51 54 1 1)
(89 58 58 1 1)
(89 61 60 1 1)
(89 77 69 1/3 0)
(268/3 78 70 1/3 0)
(269/3 79 70 1/3 0)
(90 44 50 1 1)
(90 82 72 1/2 0)
(181/2 80 71 1/2 0)
(91 56 57 1 1)
(91 60 59 1 1)
(91 66 63 1 1)
(91 78 70 1/2 0)
(183/2 70 65 1/2 0)
(92 56 57 1 1)
(92 63 61 1 1)
(92 66 63 1 1)
(92 72 66 1/2 0)
(185/2 68 64 1/2 0)
(93 49 53 1 1)
(93 75 68 1/2 0)
(375/4 77 69 1/4 0)
(94 56 57 1 1)
(94 61 60 1 1)
(94 65 62 1 1)
(94 73 67 1 0)
(95 72 66 1 0)
(96 71 66 2 0)
(97 49 53 1 1)
(97 59 59 1 1)
(97 65 62 1 0)
(98 49 53 2 1)
(98 59 59 2 1)
(98 65 62 2 0)
(98 70 65 1/2 0)
(197/2 68 64 1/2 0)
(99 67 63 1/2 0)
(199/2 68 64 1/2 0)
(100 49 53 1 1)
(100 59 59 1 1)
(100 65 62 1 0)
(100 70 65 1 0)
(101 49 53 1 1)
(101 59 59 1 1)
(101 65 62 1 0)
(101 71 66 7/4 0)
(102 42 49 1 1)
(102 66 63 1 0)
(411/4 72 66 1/4 0)
(103 49 53 1 1)
(103 58 58 1 1)
(103 66 63 1 0)
(103 72 66 1 0)
(104 49 53 2 1)
(104 58 58 2 1)
(104 66 63 1 0)
(104 73 67 1 0)
(105 77 69 3/4 0)
(423/4 78 70 1/4 0)
(106 49 53 1 1)
(106 58 58 1 1)
(106 66 63 1 0)
(106 73 67 2 0)
(107 40 48 1 1)
(107 68 64 2 0)
(108 39 47 1 1)
(108 73 67 2 0)
(109 51 54 1 1)
(109 61 60 1 1)
(109 67 63 1 0)
(110 51 54 2 1)
(110 61 60 1 1)
(110 67 63 2 0)
(110 71 66 1/2 0)
(221/2 70 65 1/2 0)
(111 61 60 1 1)
(111 69 64 1/2 0)
(223/2 70 65 1/2 0)
(112 51 54 1 1)
(112 61 60 1 1)
(112 67 63 1 0)
(112 76 69 3/2 0)
(113 51 54 1 1)
(113 61 60 1 1)
(113 67 63 1 0)
(227/2 75 68 1/2 0)
(114 44 50 1 1)
(114 68 64 1 0)
(459/4 74 67 1/4 0)
(115 51 54 1 1)
(115 59 59 1 1)
(115 68 64 1 0)
(115 74 67 1 0)
(116 51 54 2 1)
(116 59 59 2 1)
(116 68 64 1 0)
(116 75 68 1 0)
(117 79 70 3/4 0)
(471/4 80 71 1/4 0)
(118 51 54 1 1)
(118 59 59 1 1)
(118 68 64 1 0)
(118 75 68 5/2 0)
(119 56 57 1 1)
(119 59 59 1 1)
(119 66 63 1 0)
(120 37 46 1 1)
(120 65 62 1/2 0)
(241/2 73 67 1/2 0)
(121 59 59 4 1)
(121 61 60 4 1)
(121 65 62 4 1)
(121 77 69 1 0)
(122 71 66 1 1)
(122 83 73 1 0)
(123 70 65 1/2 1)
(123 82 72 1/2 0)
(247/2 68 64 1/2 1)
(247/2 80 71 1/2 0)
(124 65 62 1 1)
(124 77 69 1 0)
(125 61 60 1 1)
(125 73 67 1 0)
(126 37 46 1 1)
(126 71 66 1/2 0)
(253/2 73 67 1/2 0)
(127 59 59 2 1)
(127 61 60 2 1)
(127 65 62 2 1)
(127 77 69 1 0)
(128 70 65 1 1)
(128 82 72 1 0)
(129 58 58 2 1)
(129 61 60 2 1)
(129 68 64 1/2 1)
(129 80 71 1/2 0)
(259/2 66 63 1/2 1)
(259/2 78 70 1/2 0)
(130 61 60 1 1)
(130 73 67 1 0)
(131 63 61 1/2 1)
(131 75 68 3/4 0)
(527/4 70 65 1/4 0)
(132 37 46 1 1)
(132 71 66 1/2 0)
(265/2 73 67 1/2 0)
(133 59 59 2 1)
(133 61 60 2 1)
(133 65 62 2 1)
(133 77 69 1 0)
(134 71 66 1 1)
(134 83 73 1 0)
(135 70 65 3/4 1)
(135 82 72 3/4 0)
(543/4 68 64 1/4 1)
(543/4 80 71 1/4 0)
(136 63 61 1 1)
(136 75 68 1 0)
(137 68 64 3/4 1)
(137 80 71 3/4 0)
(551/4 66 63 1/4 1)
(551/4 78 70 1/4 0)
(138 61 60 1 1)
(138 73 67 1 0)
(139 66 63 3/4 1)
(139 78 70 3/4 0)
(559/4 65 62 1/4 1)
(559/4 77 69 1/4 0)
(140 59 59 1 1)
(140 71 66 1 0)
(141 65 62 1/2 1)
(141 77 69 1/2 0)
(283/2 63 61 1/2 1)
(283/2 75 68 1/2 0)
(142 61 60 1 1)
(142 73 67 1 0)
(143 59 59 1 1)
(143 71 66 1 0)
(144 58 58 1/2 1)
(144 70 65 3/4 0)
(579/4 70 65 1/4 0)
(145 42 49 2 1)
(145 58 58 1 0)
(145 61 60 1 0)
(146 49 53 2 1)
(146 54 56 1 1)
(146 58 58 3/2 0)
(146 61 60 4 0)
(146 70 65 3/2 0)
(147 41 48 2 1)
(295/2 56 57 1/2 0)
(295/2 68 64 1/2 0)
(148 49 53 2 1)
(148 56 57 1/2 0)
(148 68 64 1/2 0)
(297/2 55 56 1/2 0)
(297/2 67 63 1/2 0)
(149 41 48 1 1)
(149 56 57 3/2 0)
(149 68 64 1 0)
(150 39 47 1 1)
(150 59 59 1/2 0)
(150 66 63 1/2 0)
(603/4 59 59 1/4 0)
(603/4 66 63 1/4 0)
(151 44 50 3 1)
(151 51 54 1 1)
(151 56 57 4 1)
(152 39 47 1 1)
(152 59 59 1 0)
(152 66 63 3/2 0)
(153 37 46 2 1)
(153 61 60 2 0)
(307/2 65 62 1/2 0)
(154 44 50 1 1)
(154 49 53 3 1)
(154 65 62 1/2 0)
(309/2 64 61 1/2 0)
(155 37 46 1 1)
(155 56 57 1 0)
(155 65 62 1 0)
(156 42 49 2 1)
(156 57 58 1 0)
(156 61 60 3/4 0)
(627/4 63 61 1/4 0)
(157 49 53 3 1)
(157 54 56 1 1)
(157 57 58 1 0)
(157 63 61 3/4 0)
(631/4 61 60 1/4 0)
(158 42 49 1 1)
(158 57 58 1 0)
(158 61 60 3/4 0)
(635/4 63 61 1/4 0)
(159 44 50 2 1)
(159 56 57 1 0)
(159 61 60 1 0)
(159 63 61 3/4 0)
(639/4 65 62 1/4 0)
(160 49 53 1 1)
(160 56 57 1 1)
(160 61 60 3 0)
(160 65 62 3/4 0)
(643/4 66 63 1/4 0)
(161 66 63 3/4 0)
(647/4 67 63 1/4 0)
(162 32 43 1 1)
(162 67 63 3/4 0)
(651/4 68 64 1/2 0)
(163 51 54 1 1)
(163 56 57 1 1)
(163 60 59 1 0)
(163 63 61 1 1)
(653/4 68 64 1/4 0)
(327/2 70 65 1/4 0)
(655/4 68 64 1/4 0)
(164 51 54 1 1)
(164 56 57 1 1)
(164 60 59 1 0)
(164 63 61 1 1)
(164 66 63 1 0)
(164 67 63 1/2 0)
(329/2 68 64 1/2 0)
(165 37 46 1 1)
(165 75 68 1/2 0)
(663/4 77 69 1/4 0)
(166 56 57 1 1)
(166 61 60 1 1)
(166 65 62 2 0)
(166 73 67 3/2 0)
(167 49 53 2 1)
(335/2 72 66 1/2 0)
(168 42 49 1 1)
(168 66 63 1/2 0)
(168 70 65 1/2 0)
(675/4 66 63 1/4 0)
(675/4 70 65 1/4 0)
(169 49 53 3 1)
(169 54 56 1 0)
(169 58 58 1 0)
(169 61 60 5 0)
(170 42 49 1 1)
(170 58 58 1 0)
(170 70 65 3/2 0)
(171 41 48 2 1)
(171 58 58 1/2 0)
(343/2 56 57 1/2 0)
(343/2 68 64 1/2 0)
(172 49 53 2 1)
(172 56 57 1/2 0)
(172 68 64 1/2 0)
(345/2 55 56 1/2 0)
(345/2 67 63 1/2 0)
(173 41 48 1 1)
(173 56 57 1 0)
(173 68 64 1 0)
(174 39 47 2 1)
(174 60 59 1/2 0)
(174 66 63 1/2 0)
(699/4 60 59 1/4 0)
(699/4 66 63 1/4 0)
(175 44 50 3 1)
(175 51 54 1 0)
(175 56 57 4 0)
(176 39 47 1 1)
(176 60 59 1 0)
(176 66 63 7/4 0)
(177 37 46 2 1)
(177 61 60 2 0)
(711/4 65 62 1 0)
(178 44 50 1 1)
(178 49 53 3 1)
(715/4 64 61 1/4 0)
(179 37 46 1 1)
(179 56 57 1 0)
(179 65 62 1 0)
(180 42 49 2 1)
(180 57 58 1 0)
(180 61 60 3/4 0)
(723/4 63 61 1/4 0)
(181 49 53 3 1)
(181 54 56 1 1)
(181 57 58 1 0)
(181 63 61 3/4 0)
(727/4 61 60 1/4 0)
(182 42 49 1 1)
(182 57 58 1 0)
(182 61 60 3/4 0)
(731/4 63 61 1/4 0)
(183 44 50 2 1)
(183 56 57 1 0)
(183 61 60 1 0)
(183 63 61 3/4 0)
(735/4 65 62 1/4 0)
(184 49 53 1 1)
(184 56 57 1 1)
(184 61 60 3 0)
(184 65 62 3/4 0)
(739/4 66 63 1/4 0)
(185 44 50 1 1)
(185 66 63 3/4 0)
(743/4 67 63 1/4 0)
(186 32 43 1 1)
(186 67 63 3/4 0)
(747/4 68 64 1/4 0)
(187 51 54 4 1)
(187 56 57 4 1)
(187 60 59 4 0)
(187 63 61 4 1)
(187 66 63 4 0)
(187 68 64 3/4 0)
(751/4 69 64 1/4 0)
(188 69 64 3/4 0)
(755/4 70 65 1/4 0)
(189 70 65 3/4 0)
(759/4 71 66 1/4 0)
(190 71 66 3/4 0)
(763/4 72 66 1/4 0)
(191 72 66 3/4 0)
(767/4 73 67 1/4 0)
(192 45 51 6 1)
(192 52 55 1/2 1)
(192 61 60 3 0)
(192 64 62 3 0)
(192 73 67 3 0)
(385/2 57 58 1/2 1)
(193 56 57 1 1)
(194 54 56 1 1)
(195 52 55 3 1)
(195 61 60 3 0)
(195 64 62 1/2 0)
(195 73 67 3 0)
(391/2 69 65 1/2 0)
(196 68 64 1 0)
(197 66 63 1 0)
(198 45 51 5 1)
(198 52 55 5 1)
(198 64 62 1/2 0)
(397/2 61 60 1/2 0)
(199 57 58 1 0)
(200 59 59 1 0)
(201 61 60 1/2 0)
(201 73 67 2 0)
(403/2 62 61 1/2 0)
(202 64 62 1 0)
(203 44 50 1 1)
(203 49 53 3/2 1)
(203 65 62 1 0)
(203 71 66 1 0)
(204 42 49 4 1)
(204 57 58 3 0)
(204 66 63 3 0)
(204 69 65 3 0)
(409/2 54 56 1/2 1)
(205 52 55 1 1)
(206 50 54 1 1)
(207 49 53 1/2 1)
(207 57 58 2 0)
(207 66 63 2 0)
(207 69 65 2 0)
(415/2 45 51 1/2 1)
(208 42 49 1 1)
(209 43 50 1 1)
(209 55 57 1 1)
(209 64 62 1 0)
(209 67 64 1 0)
(210 45 51 1/2 1)
(210 54 56 6 1)
(210 62 61 6 0)
(210 66 63 6 0)
(421/2 50 54 1/2 1)
(211 49 53 1 1)
(212 47 52 1 1)
(213 45 51 1/2 1)
(427/2 42 49 1/2 1)
(214 38 47 1 1)
(215 36 45 1 1)
(216 37 46 1 1)
(216 53 55 1/2 0)
(216 61 60 1/2 0)
(216 65 62 1/2 0)
(433/2 73 67 1/2 0)
(217 71 66 1 0)
(218 57 58 1 1)
(218 61 60 1 1)
(218 66 63 1 1)
(218 69 65 1 0)
(219 49 53 2 1)
(219 68 64 1/2 0)
(439/2 65 62 1/2 0)
(220 56 57 1 1)
(220 61 60 1 0)
(221 54 56 1 1)
(221 57 58 1 1)
(221 62 61 1 0)
(222 49 53 1 1)
(222 65 62 1/2 0)
(445/2 66 63 1/2 0)
(223 68 64 1 0)
(224 57 58 1 1)
(224 61 60 1 1)
(224 66 63 1 1)
(224 69 65 1 0)
(225 49 53 2 1)
(225 68 64 1/2 0)
(451/2 65 62 1/2 0)
(226 56 57 1 1)
(226 61 60 1 0)
(227 54 56 1 1)
(227 57 58 1 1)
(227 62 61 1 0)
(228 37 46 1 1)
(228 65 62 1/2 0)
(457/2 73 67 1/2 0)
(229 56 57 1 1)
(229 61 60 1 1)
(229 65 62 1 1)
(229 71 66 1 0)
(230 57 58 1 1)
(230 61 60 1 1)
(230 66 63 1 1)
(230 69 65 1 0)
(231 49 53 2 1)
(231 68 64 1/2 0)
(463/2 65 62 1/2 0)
(232 56 57 1 1)
(232 61 60 1 0)
(233 54 56 1 1)
(233 57 58 1 1)
(233 62 61 1 0)
(234 49 53 1 1)
(234 65 62 1/2 0)
(469/2 66 63 1/2 0)
(235 68 64 1 0)
(236 57 58 1 1)
(236 61 60 1 1)
(236 66 63 1 1)
(236 69 65 1 0)
(237 49 53 2 1)
(237 68 64 3/2 0)
(238 56 57 1 1)
(477/2 61 60 1/2 0)
(239 68 64 3/2 0)
(479/2 61 60 1/2 0)
(240 40 48 1 1)
(240 59 59 1/2 0)
(963/4 76 69 1/4 0)
(241 59 59 1 0)
(241 64 62 1 0)
(241 68 64 1 0)
(241 75 68 1 0)
(242 58 58 1 0)
(242 64 62 1 0)
(242 67 63 1 0)
(242 73 67 1 0)
(243 52 55 3 1)
(243 71 66 1/2 0)
(487/2 68 64 1/2 0)
(244 59 59 1 1)
(244 64 62 1 0)
(245 58 58 1 1)
(245 61 60 1 1)
(245 67 63 1 0)
(246 40 48 1 1)
(246 68 64 1/2 0)
(493/2 69 65 1/2 0)
(247 59 59 1 1)
(247 64 62 1 1)
(247 68 64 1 1)
(247 70 65 1/2 0)
(495/2 71 66 1/2 0)
(248 58 58 1 1)
(248 64 62 1 1)
(248 67 63 1 1)
(248 72 66 1/2 0)
(497/2 73 67 1/2 0)
(249 52 55 3 1)
(249 71 66 1/2 0)
(499/2 68 64 1/2 0)
(250 59 59 1 1)
(250 64 62 1 0)
(251 58 58 1 1)
(251 61 60 1 1)
(251 67 63 1 0)
(252 40 48 1 1)
(252 68 64 1/2 0)
(1011/4 76 69 1/4 0)
(253 59 59 1 1)
(253 64 62 1 1)
(253 68 64 1 1)
(253 75 68 1 0)
(254 58 58 1 1)
(254 64 62 1 1)
(254 67 63 1 1)
(254 73 67 1 0)
(255 52 55 3 1)
(255 71 66 1/2 0)
(511/2 68 64 1/2 0)
(256 59 59 1 1)
(256 64 62 1 0)
(257 58 58 1 1)
(257 61 60 1 1)
(257 67 63 1 0)
(258 40 48 1 1)
(258 68 64 1/2 0)
(517/2 69 65 1/2 0)
(259 56 57 1 1)
(259 59 59 1 1)
(259 64 62 1 1)
(259 68 64 1 1)
(259 70 65 1/2 0)
(519/2 73 67 1/2 0)
(260 71 66 1/2 0)
(521/2 75 68 1/2 0)
(261 78 70 1/2 0)
(523/2 76 69 1/2 0)
(262 75 68 1/2 0)
(525/2 76 69 1/2 0)
(263 78 70 1/2 0)
(527/2 79 70 1/2 0)
(264 36 45 1 1)
(264 48 52 1 1)
(264 80 71 3/2 0)
(265 56 57 1 1)
(265 63 61 1 1)
(265 66 63 1 1)
(531/2 82 72 1/2 0)
(266 56 57 1 1)
(266 63 61 1 1)
(266 66 63 1 1)
(266 80 71 1/2 0)
(533/2 79 70 1/2 0)
(267 37 46 1 1)
(267 49 53 1 1)
(267 80 71 1/2 0)
(535/2 82 72 1/2 0)
(268 53 55 1 1)
(268 56 57 1 1)
(268 61 60 1 1)
(268 65 62 1 1)
(268 80 71 1/2 0)
(537/2 79 70 1/2 0)
(269 53 55 1 1)
(269 56 57 1 1)
(269 61 60 1 1)
(269 65 62 1 1)
(269 80 71 1/2 0)
(539/2 82 72 1/2 0)
(270 32 43 1 1)
(270 44 50 1 1)
(270 80 71 1/2 0)
(541/2 79 70 1/2 0)
(271 51 54 1 1)
(271 56 57 1 1)
(271 60 59 1 1)
(271 66 63 1 1)
(271 80 71 1/2 0)
(543/2 82 72 1/2 0)
(272 51 54 1 1)
(272 56 57 1 1)
(272 60 59 1 1)
(272 66 63 1 1)
(272 80 71 1/2 0)
(545/2 78 70 1/2 0)
(273 37 46 1 1)
(273 49 53 1 1)
(273 77 69 1/2 0)
(1095/4 76 68 1/4 0)
(274 53 55 1 1)
(274 56 57 1 1)
(274 61 60 1 1)
(274 65 62 1 1)
(274 77 69 1 0)
(275 53 55 1 1)
(275 56 57 1 1)
(275 61 60 1 1)
(275 65 62 1 1)
(275 73 67 1 0)
(276 33 43 1 1)
(276 45 50 1 1)
(276 77 69 3/2 0)
(277 53 55 1 1)
(277 60 59 1 1)
(277 63 61 1 1)
(277 65 62 1 1)
(555/2 78 70 1/2 0)
(278 53 55 1 1)
(278 60 59 1 1)
(278 63 61 1 1)
(278 65 62 1 1)
(278 77 69 1/2 0)
(557/2 76 68 1/2 0)
(279 34 44 1 1)
(279 46 51 1 1)
(279 77 69 1/2 0)
(559/2 78 70 1/2 0)
(280 53 55 1 1)
(280 58 58 1 1)
(280 61 60 1 1)
(280 65 62 1 1)
(280 77 69 1/2 0)
(561/2 76 68 1/2 0)
(281 51 54 1 1)
(281 58 58 1 1)
(281 61 60 1 1)
(281 63 61 1 1)
(281 77 69 1/2 0)
(563/2 79 70 1/2 0)
(282 44 50 1 1)
(282 82 72 1/2 0)
(565/2 80 71 1/2 0)
(283 51 54 1 1)
(283 56 57 1 1)
(283 60 59 1 1)
(283 66 63 1 1)
(283 78 70 1/2 0)
(567/2 70 65 1/2 0)
(284 51 54 1 1)
(284 56 57 1 1)
(284 60 59 1 1)
(284 66 63 1 1)
(284 72 66 1/2 0)
(569/2 68 64 1/2 0)
(285 37 46 1 1)
(285 75 68 1/2 0)
(1143/4 77 69 1/4 0)
(286 53 55 1 1)
(286 56 57 1 1)
(286 61 60 1 1)
(286 65 62 1 1)
(286 73 67 1/2 0)
(573/2 77 69 1/2 0)
(287 53 55 1 1)
(287 56 57 1 1)
(287 61 60 1 1)
(287 65 62 1 1)
(287 78 70 1/2 0)
(575/2 79 70 1/2 0)
(288 36 45 1 1)
(288 48 52 1 1)
(288 80 71 3/2 0)
(289 56 57 1 1)
(289 63 61 1 1)
(289 66 63 1 1)
(289 68 64 1 0)
(579/2 82 72 1/2 0)
(290 56 57 1 1)
(290 63 61 1 1)
(290 66 63 1 1)
(290 68 64 1 0)
(290 80 71 1/2 0)
(581/2 79 70 1/2 0)
(291 37 46 1 1)
(291 49 53 1 1)
(291 68 64 1 0)
(291 80 71 1/2 0)
(583/2 82 72 1/2 0)
(292 53 55 1 1)
(292 56 57 1 1)
(292 61 60 1 1)
(292 65 62 1 1)
(292 68 64 1 0)
(292 80 71 1/2 0)
(585/2 79 70 1/2 0)
(293 53 55 1 1)
(293 56 57 1 1)
(293 61 60 1 1)
(293 65 62 1 1)
(293 68 64 2 0)
(293 80 71 1/2 0)
(587/2 82 72 1/2 0)
(294 32 43 1 1)
(294 44 50 1 1)
(294 80 71 1/2 0)
(589/2 79 70 1/2 0)
(295 51 54 1 1)
(295 56 57 1 1)
(295 60 59 1 1)
(295 66 63 1 1)
(295 68 64 1 0)
(295 80 71 1/2 0)
(591/2 82 72 1/2 0)
(296 51 54 1 1)
(296 56 57 1 1)
(296 60 59 1 1)
(296 66 63 1 1)
(296 68 64 2 0)
(296 80 71 1/2 0)
(593/2 78 70 1/2 0)
(297 37 46 1 1)
(297 49 53 1 1)
(297 77 69 1/2 0)
(1191/4 76 68 1/4 0)
(298 53 55 1 1)
(298 56 57 1 1)
(298 61 60 1 1)
(298 65 62 1 1)
(298 68 64 1 0)
(298 77 69 1 0)
(299 53 55 1 1)
(299 56 57 1 1)
(299 61 60 1 1)
(299 65 62 1 1)
(299 68 64 2 0)
(299 73 67 1 0)
(300 29 41 1 1)
(300 41 48 1 1)
(300 77 69 3/2 0)
(301 53 55 1 1)
(301 60 59 1 1)
(301 63 61 1 1)
(301 65 62 1 1)
(301 69 64 1 0)
(603/2 78 70 1/2 0)
(302 53 55 1 1)
(302 60 59 1 1)
(302 63 61 1 1)
(302 65 62 1 1)
(302 69 64 1 0)
(302 77 69 1/2 0)
(605/2 76 68 1/2 0)
(303 34 44 1 1)
(303 46 51 1 1)
(303 77 69 1/2 0)
(607/2 85 74 1/2 0)
(607/2 89 76 1/2 0)
(304 53 55 1 1)
(304 58 58 1 1)
(304 61 60 1 1)
(304 65 62 1 1)
(304 84 73 1/2 0)
(304 87 75 1/2 0)
(609/2 82 72 1/2 0)
(609/2 85 74 1/2 0)
(305 54 56 1 1)
(305 58 58 1 1)
(305 63 61 1 1)
(305 78 70 1/2 0)
(305 82 72 1/2 0)
(611/2 70 65 1/2 0)
(611/2 78 70 1/2 0)
(306 44 50 1 1)
(306 68 64 1/2 0)
(306 77 69 1/2 0)
(1227/4 66 63 1/4 0)
(1227/4 75 68 1/4 0)
(307 51 54 1 1)
(307 56 57 1 1)
(307 60 59 1 1)
(307 65 62 1/2 0)
(307 74 67 1/2 0)
(615/2 66 63 1/2 0)
(615/2 75 68 1/2 0)
(308 51 54 1 1)
(308 56 57 1 1)
(308 60 59 1 1)
(308 70 65 1/2 0)
(308 78 70 1/2 0)
(1235/4 63 61 1/4 0)
(1235/4 72 66 1/4 0)
(309 37 46 1 1)
(309 66 63 1/2 0)
(309 75 68 1/2 0)
(1239/4 65 62 3/4 0)
(1239/4 73 67 1/4 0)
(310 56 57 1 1)
(310 61 60 1 1)
(310 68 64 1 1)
(310 72 66 1/2 0)
(1243/4 73 67 1/4 0)
(311 56 57 1 1)
(311 61 60 1 1)
(311 65 62 2 0)
(311 68 64 1 1)
(311 77 69 1/2 0)
(1247/4 70 65 1/4 0)
(312 44 50 1 1)
(312 68 64 1/2 0)
(1251/4 72 66 1/4 0)
(313 51 54 1 1)
(313 56 57 1 1)
(313 60 59 1 0)
(313 63 61 1 1)
(313 66 63 1 0)
(313 70 65 1/2 0)
(1255/4 68 64 1/4 0)
(314 51 54 1 1)
(314 56 57 1 1)
(314 60 59 2 0)
(314 63 61 1 1)
(314 66 63 1 0)
(314 72 66 3/4 0)
(1259/4 70 65 1/4 0)
(315 49 53 1 1)
(315 68 64 1/2 0)
(1263/4 72 66 1/4 0)
(316 53 55 1 1)
(316 56 57 1 1)
(316 61 60 1 0)
(316 65 62 1 1)
(316 70 65 1/2 0)
(1267/4 68 64 1/4 0)
(317 53 55 1 1)
(317 56 57 1 1)
(317 61 60 1 0)
(317 65 62 1 1)
(317 72 66 3/4 0)
(1271/4 70 65 1/4 0)
(318 44 50 1 1)
(318 68 64 1/2 0)
(637/2 75 68 1/2 0)
(319 51 54 1 1)
(319 56 57 1 1)
(319 60 59 1 1)
(319 66 63 1 0)
(319 74 67 1/2 0)
(1279/4 75 68 1/4 0)
(320 51 54 1 1)
(320 56 57 1 1)
(320 60 59 1 1)
(320 66 63 1 0)
(320 78 70 1/2 0)
(1283/4 72 66 1/4 0)
(321 37 46 1 1)
(321 75 68 1/2 0)
(643/2 73 67 1/2 0)
(322 56 57 1 1)
(322 61 60 1 1)
(322 65 62 1 0)
(322 68 64 1 1)
(322 72 66 1/2 0)
(1291/4 73 67 1/4 0)
(323 56 57 1 1)
(323 61 60 1 1)
(323 65 62 1 0)
(323 68 64 1 1)
(323 77 69 1/2 0)
(1295/4 70 65 1/4 0)
(324 44 50 1 1)
(324 68 64 1/2 0)
(1299/4 72 66 1/4 0)
(325 51 54 1 1)
(325 56 57 1 1)
(325 60 59 1 0)
(325 63 61 1 1)
(325 66 63 1 0)
(325 70 65 1/2 0)
(1303/4 68 64 1/4 0)
(326 51 54 1 1)
(326 56 57 1 1)
(326 60 59 1 0)
(326 63 61 1 1)
(326 66 63 1 0)
(326 72 66 3/4 0)
(1307/4 70 65 1/4 0)
(327 44 50 1 1)
(327 68 64 1/2 0)
(1311/4 72 66 1/4 0)
(328 53 55 1 1)
(328 56 57 1 1)
(328 61 60 1 0)
(328 65 62 1 1)
(328 70 65 1/2 0)
(1315/4 68 64 1/4 0)
(329 53 55 1 1)
(329 56 57 1 1)
(329 61 60 1 0)
(329 65 62 1 1)
(329 72 66 3/4 0)
(1319/4 73 67 1/4 0)
(330 32 43 1 1)
(330 44 50 1 1)
(1323/4 73 67 1/4 0)
(331 56 57 1 1)
(331 61 60 1 1)
(331 64 62 1 0)
(331 67 63 1 1)
(331 72 66 1/2 0)
(1327/4 70 65 1/4 0)
(332 56 57 1 1)
(332 61 60 1 1)
(332 64 62 1 0)
(332 67 63 1 1)
(332 73 67 3/4 0)
(1331/4 72 66 1/4 0)
(333 44 50 1 1)
(333 56 57 1 1)
(333 70 65 1/2 0)
(1335/4 76 69 1/4 0)
(334 56 57 1 1)
(334 61 60 1 1)
(334 67 63 1 0)
(334 70 65 1 1)
(334 75 68 1/2 0)
(1339/4 73 67 1/4 0)
(335 56 57 1 1)
(335 61 60 1 1)
(335 67 63 1 0)
(335 70 65 1 1)
(335 76 69 7/4 0)
(336 32 43 1 1)
(336 44 50 1 1)
(1347/4 73 67 1/4 0)
(337 56 57 1 1)
(337 61 60 1 1)
(337 64 62 1 0)
(337 67 63 1 1)
(337 72 66 1/2 0)
(1351/4 70 65 1/4 0)
(338 56 57 1 1)
(338 61 60 1 1)
(338 64 62 1 0)
(338 67 63 1 1)
(338 73 67 3/4 0)
(1355/4 72 66 1/4 0)
(339 44 50 1 1)
(339 56 57 1 1)
(339 70 65 1/2 0)
(1359/4 76 69 1/4 0)
(340 56 57 1 1)
(340 61 60 1 1)
(340 67 63 1 0)
(340 70 65 1 1)
(340 75 68 1/2 0)
(1363/4 73 67 1/4 0)
(341 56 57 1 1)
(341 61 60 1 1)
(341 67 63 1 0)
(341 70 65 1 1)
(341 78 70 3/4 0)
(1367/4 76 69 1/4 0)
(342 32 43 1 1)
(342 44 50 1 1)
(342 75 68 1/2 0)
(1371/4 75 68 1/4 0)
(343 56 57 1 1)
(343 63 61 1 1)
(343 66 63 1 0)
(343 69 65 1 1)
(343 73 67 1/2 0)
(1375/4 72 66 1/4 0)
(344 56 57 1 1)
(344 63 61 1 1)
(344 66 63 1 0)
(344 69 65 1 1)
(344 75 68 3/4 0)
(1379/4 73 67 1/4 0)
(345 44 50 1 1)
(345 56 57 1 1)
(345 72 66 1/2 0)
(1383/4 78 70 1/4 0)
(346 60 59 1 1)
(346 63 61 1 1)
(346 66 63 1 1)
(346 69 65 1 0)
(346 72 66 1 1)
(346 76 69 1/2 0)
(1387/4 75 68 1/4 0)
(347 60 59 1 1)
(347 63 61 1 1)
(347 66 63 1 1)
(347 69 65 1 0)
(347 72 66 1 1)
(347 78 70 7/4 0)
(348 32 43 1 1)
(348 44 50 1 1)
(1395/4 75 68 1/4 0)
(349 56 57 1 1)
(349 60 59 1 1)
(349 63 61 1 1)
(349 66 63 1 0)
(349 69 65 1 1)
(349 73 67 1/2 0)
(1399/4 72 66 1/4 0)
(350 56 57 1 1)
(350 60 59 1 1)
(350 63 61 1 1)
(350 66 63 1 0)
(350 69 65 1 1)
(350 75 68 3/4 0)
(1403/4 73 67 1/4 0)
(351 44 50 1 1)
(351 56 57 1 1)
(351 72 66 1/2 0)
(1407/4 78 70 1/4 0)
(352 60 59 1 1)
(352 63 61 1 1)
(352 66 63 1 1)
(352 69 65 1 0)
(352 72 66 1 1)
(352 76 69 1/2 0)
(1411/4 75 68 1/4 0)
(353 60 59 1 1)
(353 63 61 1 1)
(353 66 63 1 1)
(353 69 65 1 0)
(353 72 66 1 1)
(353 76 69 1/2 0)
(707/2 78 70 1/2 0)
(354 37 46 1/2 1)
(354 49 53 1/2 1)
(354 68 64 1/2 0)
(354 73 67 1/2 0)
(354 76 69 1/2 0)
(354 80 71 1/2 0)
(709/2 49 53 1/2 1)
(709/2 61 60 1/2 1)
(709/2 73 67 1/2 0)
(709/2 85 74 1/2 0)
(355 47 52 1 1)
(355 59 59 1 1)
(355 71 66 1 0)
(355 83 73 1 0)
(356 45 51 1 1)
(356 57 58 1 1)
(356 69 65 1 0)
(356 81 72 1 0)
(357 44 50 1/2 1)
(357 49 53 1/2 1)
(357 52 55 1/2 1)
(357 56 57 1/2 1)
(357 68 64 1/2 0)
(357 73 67 1/2 0)
(357 76 69 1/2 0)
(357 80 71 1/2 0)
(1431/4 40 48 1/4 1)
(1431/4 52 55 1/4 1)
(1431/4 64 62 1/4 0)
(1431/4 76 69 1/4 0)
(358 37 46 1 1)
(358 49 53 1 1)
(358 61 60 1 0)
(358 73 67 1 0)
(359 38 47 1 1)
(359 50 54 1 1)
(359 62 61 1 0)
(359 74 68 1 0)
(360 40 48 1/2 1)
(360 44 50 1/2 1)
(360 49 53 1/2 1)
(360 52 55 1/2 1)
(360 64 62 1/2 0)
(360 68 64 1/2 0)
(360 73 67 1/2 0)
(360 76 69 1/2 0)
(1443/4 42 49 1/4 1)
(1443/4 54 56 1/4 1)
(1443/4 66 63 1/4 0)
(1443/4 78 70 1/4 0)
(361 44 50 1 1)
(361 56 57 1 1)
(361 68 64 1 0)
(361 80 71 1 0)
(362 45 51 1 1)
(362 57 58 1 1)
(362 69 65 1 0)
(362 81 72 1 0)
(363 44 50 1/2 1)
(363 49 53 1/2 1)
(363 52 55 1/2 1)
(363 56 57 1/2 1)
(363 68 64 1/2 0)
(363 73 67 1/2 0)
(363 76 69 1/2 0)
(363 80 71 1/2 0)
(1455/4 40 48 1/4 1)
(1455/4 52 55 1/4 1)
(1455/4 64 62 1/4 0)
(1455/4 76 69 1/4 0)
(364 37 46 1 1)
(364 49 53 1 1)
(364 61 60 1 0)
(364 73 67 1 0)
(365 38 47 1 1)
(365 50 54 1 1)
(365 62 61 1 0)
(365 74 68 1 0)
(366 40 48 1/2 1)
(366 52 55 1/2 1)
(366 64 62 1/2 0)
(366 73 67 1/2 0)
(366 76 69 1/2 0)
(1467/4 49 53 1/4 1)
(1467/4 61 60 1/4 1)
(1467/4 64 62 1/4 0)
(1467/4 73 67 1/4 0)
(1467/4 76 69 1/4 0)
(367 47 52 1 1)
(367 59 59 1 1)
(367 64 62 1 0)
(367 73 67 1 0)
(367 76 69 1 0)
(368 45 51 1 1)
(368 57 58 1 1)
(368 64 62 1 0)
(368 73 67 1 0)
(368 76 69 1 0)
(369 44 50 3/4 1)
(369 56 57 3/4 1)
(369 64 62 1/2 0)
(369 73 67 1/2 0)
(369 76 69 1/2 0)
(1479/4 40 48 1/4 1)
(1479/4 52 55 1/4 1)
(1479/4 64 62 1/4 0)
(1479/4 73 67 1/4 0)
(1479/4 76 69 1/4 0)
(370 37 46 1 1)
(370 49 53 1 1)
(370 64 62 1 0)
(370 73 67 1 0)
(370 76 69 1 0)
(371 38 47 1 1)
(371 50 54 1 1)
(371 64 62 1 0)
(371 73 67 1 0)
(371 76 69 1 0)
(372 40 48 3/4 1)
(372 52 55 3/4 1)
(372 64 62 1/2 0)
(372 73 67 1/2 0)
(372 76 69 1/2 0)
(1491/4 42 49 1/4 1)
(1491/4 54 56 1/4 1)
(1491/4 64 62 1/4 0)
(1491/4 73 67 1/4 0)
(1491/4 76 69 1/4 0)
(373 44 50 1 1)
(373 56 57 1 1)
(373 64 62 1 0)
(373 73 67 1 0)
(373 76 69 1 0)
(374 45 51 1 1)
(374 57 58 1 1)
(374 64 62 1 0)
(374 73 67 1 0)
(374 76 69 1 0)
(375 44 50 3/4 1)
(375 56 57 3/4 1)
(375 64 62 1/2 0)
(375 73 67 1/2 0)
(375 76 69 1/2 0)
(1503/4 40 48 1/4 1)
(1503/4 52 55 1/4 1)
(1503/4 64 62 1/4 0)
(1503/4 73 67 1/4 0)
(1503/4 76 69 1/4 0)
(376 37 46 1 1)
(376 49 53 1 1)
(376 64 62 1 0)
(376 73 67 1 0)
(376 76 69 1 0)
(377 39 47 1 1)
(377 51 54 1 1)
(377 61 60 1 0)
(377 67 63 1 0)
(377 75 68 1 0)
(378 32 43 2 1)
(378 44 50 2 1)
(378 54 56 2 1)
(378 64 62 3/4 0)
(1515/4 63 61 1/4 0)
(379 66 63 3/2 0)
(380 32 43 1 1)
(380 44 50 1 1)
(380 54 56 1 1)
(761/2 60 59 1/2 0)
(381 37 46 2 1)
(381 44 50 2 1)
(381 52 55 2 1)
(381 63 61 3/4 0)
(1527/4 61 60 1/4 0)
(382 64 62 3/2 0)
(383 37 46 1 1)
(383 44 50 1 1)
(383 52 55 1 1)
(767/2 57 58 1/2 0)
(384 36 45 2 1)
(384 44 50 2 1)
(384 51 54 2 1)
(384 56 57 3/4 0)
(1539/4 57 58 1/4 0)
(385 56 57 1 0)
(386 36 45 1 1)
(386 44 50 1 1)
(386 51 54 1 1)
(386 56 57 7/4 0)
(387 37 46 2 1)
(387 44 50 2 1)
(387 52 55 2 1)
(1551/4 57 58 1/4 0)
(388 56 57 2 0)
(389 37 46 1 1)
(389 44 50 1 1)
(389 52 55 1 1)
(390 32 43 2 1)
(390 44 50 2 1)
(390 54 56 2 1)
(390 64 62 3/4 0)
(1563/4 63 61 1/4 0)
(391 66 63 3/2 0)
(392 32 43 1 1)
(392 44 50 1 1)
(392 54 56 1 1)
(785/2 60 59 1/2 0)
(393 37 46 2 1)
(393 44 50 2 1)
(393 52 55 2 1)
(393 63 61 3/4 0)
(1575/4 61 60 1/4 0)
(394 64 62 3/2 0)
(395 37 46 1 1)
(395 44 50 1 1)
(395 52 55 1 1)
(791/2 57 58 1/2 0)
(396 36 45 2 1)
(396 44 50 2 1)
(396 51 54 2 1)
(396 56 57 3/4 0)
(1587/4 57 58 1/4 0)
(397 56 57 1 0)
(398 36 45 1 1)
(398 44 50 1 1)
(398 51 54 1 1)
(398 56 57 7/4 0)
(399 37 46 2 1)
(399 44 50 2 1)
(399 52 55 2 1)
(1599/4 57 58 1/4 0)
(400 56 57 11/4 0)
(401 37 46 1 1)
(401 44 50 1 1)
(401 52 55 1 1)
(402 36 45 2 1)
(402 51 54 2 1)
(1611/4 57 58 1/4 0)
(403 56 57 1 0)
(404 36 45 1 1)
(404 44 50 1 1)
(404 51 54 1 1)
(404 56 57 7/4 0)
(405 37 46 2 1)
(405 44 50 2 1)
(405 52 55 2 1)
(1623/4 57 58 1/4 0)
(406 56 57 11/4 0)
(407 37 46 1 1)
(407 44 50 1 1)
(407 52 55 1 1)
(408 32 43 2 1)
(408 44 50 2 1)
(408 51 54 2 1)
(1635/4 57 58 1/4 0)
(409 56 57 5 0)
(410 32 43 1 1)
(410 44 50 1 1)
(410 51 54 7/4 1)
(411 32 43 2 1)
(411 44 50 2 1)
(1647/4 52 55 1/4 1)
(412 51 54 3/2 1)
(413 32 43 1 1)
(413 44 50 1 1)
(827/2 49 53 1/2 1)
(414 37 46 2 1)
(414 44 50 2 1)
(414 49 53 2 1)
(414 56 57 2 1)
