(0 52 55 1 1)
(0 62 61 1 0)
(0 64 62 1 0)
(0 68 64 1 0)
(0 71 66 1 0)
(1 52 55 1 1)
(1 62 61 1 0)
(1 64 62 1 0)
(1 68 64 1 0)
(1 71 66 1 0)
(2 52 55 1 1)
(2 62 61 1 0)
(2 64 62 1 0)
(2 68 64 1 0)
(2 72 67 3/4 0)
(11/4 71 66 1/4 0)
(3 45 51 3 1)
(3 52 55 3 1)
(3 60 60 3 0)
(3 64 62 3 0)
(3 71 66 1 0)
(4 69 65 3/4 0)
(19/4 68 64 1/4 0)
(5 69 65 1 0)
(6 47 52 1 1)
(6 57 58 1 1)
(6 59 59 1 1)
(6 63 61 1 0)
(6 66 63 1 0)
(7 47 52 1 1)
(7 57 58 1 1)
(7 59 59 1 1)
(7 63 61 1 0)
(7 66 63 1 0)
(8 47 52 1 1)
(8 57 58 1 1)
(8 59 59 1 1)
(8 63 61 1 1)
(8 67 64 3/4 0)
(35/4 66 63 1/4 0)
(9 40 48 3 1)
(9 52 55 3 1)
(9 57 58 1 1)
(9 60 60 1 1)
(9 66 63 1/2 0)
(19/2 64 62 1/2 0)
(10 55 57 2 1)
(10 59 59 2 1)
(10 64 62 1/2 0)
(21/2 63 61 1/2 0)
(11 64 62 1 0)
(12 52 55 1 1)
(12 62 61 1 0)
(12 64 62 1 0)
(12 68 64 1 0)
(12 71 66 1 0)
(13 52 55 1 1)
(13 62 61 1 0)
(13 64 62 1 0)
(13 68 64 1 0)
(13 71 66 1 0)
(14 52 55 1 1)
(14 62 61 1 0)
(14 64 62 1 0)
(14 68 64 1 0)
(14 72 67 3/4 0)
(59/4 71 66 1/4 0)
(15 45 51 3 1)
(15 52 55 3 1)
(15 62 61 1 0)
(15 64 62 1 0)
(15 68 64 1 0)
(15 76 69 1/2 0)
(31/2 71 66 1/2 0)
(16 60 60 5/2 0)
(16 69 65 1/2 0)
(33/2 68 64 1/2 0)
(17 69 65 1 0)
(18 72 67 1/2 0)
(37/2 55 57 1/2 1)
(37/2 67 64 1/2 0)
(19 53 56 1 1)
(19 65 63 1 0)
(20 52 55 3/4 1)
(20 64 62 3/4 0)
(83/4 55 57 1/4 1)
(83/4 67 64 1/4 0)
(21 52 55 1 1)
(21 64 62 2 0)
(22 40 48 1 1)
(22 47 52 1 1)
(22 55 57 1 1)
(22 59 59 1 1)
(23 71 66 1 0)
(24 71 66 1 0)
(25 52 55 1 1)
(25 62 61 1 0)
(25 64 62 1 0)
(25 68 64 1 0)
(25 71 66 1 0)
(26 52 55 1 1)
(26 62 61 1 0)
(26 64 62 1 0)
(26 68 64 1 0)
(26 72 67 3/4 0)
(107/4 71 66 1/4 0)
(27 45 51 3 1)
(27 52 55 3 1)
(27 60 60 3 0)
(27 64 62 3 0)
(27 71 66 1 0)
(28 69 65 3/4 0)
(115/4 68 64 1/4 0)
(29 69 65 1 0)
(30 47 52 1 1)
(30 57 58 1 1)
(30 59 59 1 1)
(30 63 61 1 0)
(30 66 63 1 0)
(31 47 52 1 1)
(31 57 58 1 1)
(31 59 59 1 1)
(31 63 61 1 0)
(31 66 63 1 0)
(32 47 52 1 1)
(32 57 58 1 1)
(32 59 59 1 1)
(32 63 61 1 1)
(32 67 64 3/4 0)
(131/4 66 63 1/4 0)
(33 40 48 3 1)
(33 52 55 3 1)
(33 57 58 1 1)
(33 60 60 1 1)
(33 66 63 1/2 0)
(67/2 64 62 1/2 0)
(34 55 57 2 1)
(34 59 59 2 1)
(34 64 62 1/2 0)
(69/2 63 61 1/2 0)
(35 64 62 1/2 0)
(71/2 67 64 1/2 0)
(36 71 66 1 0)
(37 52 55 1 1)
(37 62 61 1 0)
(37 64 62 1 0)
(37 68 64 1 0)
(37 71 66 1 0)
(38 52 55 1 1)
(38 62 61 1 0)
(38 64 62 1 0)
(38 68 64 1 0)
(38 72 67 3/4 0)
(155/4 71 66 1/4 0)
(39 45 51 3 1)
(39 52 55 3 1)
(39 62 61 1 0)
(39 64 62 1 0)
(39 68 64 1 0)
(39 76 69 1/2 0)
(79/2 71 66 1/2 0)
(40 60 60 5/2 0)
(40 69 65 1/2 0)
(81/2 68 64 1/2 0)
(41 69 65 1 0)
(42 72 67 1/2 0)
(85/2 55 57 1/2 1)
(85/2 67 64 1/2 0)
(43 53 56 1 1)
(43 65 63 1 0)
(44 52 55 3/4 1)
(44 64 62 3/4 0)
(179/4 55 57 1/4 1)
(179/4 67 64 1/4 0)
(45 52 55 3 1)
(45 64 62 3 0)
(46 40 48 1 1)
(46 47 52 1 1)
(46 55 57 1 1)
(46 59 59 1 1)
(47 40 48 1 1)
(47 47 52 2 1)
(47 55 57 1 1)
(47 59 59 1 1)
(48 35 45 1 1)
(48 63 61 2 0)
(49 47 52 1 1)
(49 54 56 1 1)
(49 59 59 1 1)
(50 47 52 2 1)
(50 54 56 2 1)
(50 61 60 1 0)
(50 64 62 1 0)
(51 63 61 1 0)
(51 66 63 1 0)
(52 47 52 1 1)
(52 54 56 1 1)
(52 59 59 1 1)
(52 63 61 1 0)
(52 66 63 1 0)
(52 75 68 7/4 0)
(53 47 52 2 1)
(53 54 56 2 1)
(53 59 59 2 1)
(53 63 61 2 0)
(53 66 63 2 0)
(215/4 75 68 1/4 0)
(54 75 68 2 0)
(55 47 52 1 1)
(55 54 56 1 1)
(55 61 60 1 1)
(55 64 62 1 0)
(55 68 64 1 0)
(56 47 52 2 1)
(56 54 56 2 1)
(56 61 60 2 1)
(56 64 62 2 0)
(56 70 65 2 0)
(56 75 68 1 0)
(57 75 68 2 0)
(58 47 52 1 1)
(58 54 56 1 1)
(58 61 60 1 1)
(58 64 62 1 0)
(58 68 64 1 0)
(59 47 52 1 1)
(59 54 56 1 1)
(59 61 60 1 1)
(59 64 62 1 0)
(59 70 65 1 0)
(59 75 68 1 0)
(60 35 45 1 1)
(60 63 61 1 0)
(60 71 66 1 0)
(60 75 68 1 0)
(61 47 52 1 1)
(61 54 56 1 1)
(61 59 59 1/2 0)
(61 63 61 1/2 0)
(123/2 61 60 1/2 0)
(123/2 64 62 1/2 0)
(62 47 52 2 1)
(62 54 56 2 1)
(62 66 63 1/2 0)
(62 70 65 1/2 0)
(125/2 64 62 1/2 0)
(125/2 68 64 1/2 0)
(63 63 61 1 0)
(63 66 63 1 0)
(64 47 52 1 1)
(64 54 56 1 1)
(64 59 59 1 1)
(64 63 61 1 0)
(64 66 63 1 0)
(64 75 68 7/4 0)
(65 47 52 1 1)
(65 54 56 1 1)
(65 59 59 1 1)
(65 63 61 1 0)
(65 66 63 1 0)
(263/4 75 68 1/4 0)
(66 75 68 2 0)
(67 51 54 1 1)
(67 58 58 1 1)
(67 65 62 1 0)
(67 68 64 1 0)
(68 51 54 2 1)
(68 58 58 2 1)
(68 66 63 2 0)
(68 70 65 2 0)
(68 75 68 1 0)
(69 75 68 2 0)
(70 51 54 1 1)
(70 58 58 1 1)
(70 65 62 1 0)
(70 68 64 1 0)
(71 51 54 1 1)
(71 58 58 1 1)
(71 66 63 2 0)
(71 70 65 1 0)
(71 75 68 1 0)
(72 35 45 1 1)
(72 71 66 1 0)
(72 75 68 1 0)
(73 47 52 1 1)
(73 54 56 1 1)
(73 59 59 1 0)
(73 63 61 1 0)
(74 47 52 2 1)
(74 54 56 2 1)
(74 61 60 1 0)
(74 64 62 1 0)
(75 63 61 1 0)
(75 66 63 1 0)
(76 47 52 1 1)
(76 54 56 1 1)
(76 59 59 1 1)
(76 63 61 1 0)
(76 66 63 1 0)
(76 75 68 7/4 0)
(77 47 52 2 1)
(77 54 56 2 1)
(77 59 59 2 1)
(77 63 61 2 0)
(77 66 63 2 0)
(311/4 75 68 1/4 0)
(78 75 68 2 0)
(79 47 52 1 1)
(79 54 56 1 1)
(79 61 60 1 1)
(79 64 62 1 0)
(79 68 64 1 0)
(80 47 52 2 1)
(80 54 56 2 1)
(80 61 60 2 1)
(80 64 62 2 0)
(80 70 65 2 0)
(80 75 68 1 0)
(81 75 68 2 0)
(82 47 52 1 1)
(82 54 56 1 1)
(82 61 60 1 1)
(82 64 62 1 0)
(82 68 64 1 0)
(83 47 52 1 1)
(83 54 56 1 1)
(83 61 60 1 1)
(83 64 62 1 0)
(83 70 65 1 0)
(83 75 68 1 0)
(84 35 45 1 1)
(84 63 61 1 0)
(84 71 66 1 0)
(84 75 68 1 0)
(85 47 52 1 1)
(85 54 56 1 1)
(85 59 59 1/2 0)
(85 63 61 1/2 0)
(171/2 61 60 1/2 0)
(171/2 64 62 1/2 0)
(86 47 52 2 1)
(86 54 56 2 1)
(86 66 63 1/3 0)
(86 70 65 1/3 0)
(259/3 64 62 1/3 0)
(259/3 68 64 1/3 0)
(260/3 63 61 1/3 0)
(260/3 66 63 1/3 0)
(87 63 61 1 0)
(87 66 63 1 0)
(88 47 52 1 1)
(88 54 56 1 1)
(88 59 59 1 1)
(88 63 61 1 0)
(88 66 63 1 0)
(88 75 68 7/4 0)
(89 47 52 1 1)
(89 54 56 1 1)
(89 59 59 1 1)
(89 63 61 1 0)
(89 66 63 1 0)
(359/4 75 68 1/4 0)
(90 75 68 2 0)
(91 51 54 1 1)
(91 58 58 1 1)
(91 65 62 1 0)
(91 68 64 1 0)
(92 51 54 2 1)
(92 58 58 2 1)
(92 66 63 2 0)
(92 70 65 2 0)
(92 75 68 1 0)
(93 75 68 2 0)
(94 51 54 1 1)
(94 58 58 1 1)
(94 65 62 1 0)
(94 68 64 1 0)
(95 51 54 1 1)
(95 58 58 1 1)
(95 66 63 1 0)
(95 70 65 1 0)
(95 75 68 1 0)
(96 44 50 1 1)
(96 75 68 1 0)
(97 56 57 1 1)
(97 63 61 1 1)
(97 66 63 1 0)
(97 72 66 1 0)
(97 76 69 3/2 0)
(98 56 57 1 1)
(98 63 61 1 1)
(98 66 63 2 0)
(98 72 66 1 0)
(197/2 75 68 1/2 0)
(99 49 53 3 1)
(99 57 58 1 1)
(99 73 67 1/2 0)
(199/2 72 66 1/2 0)
(100 56 57 1 1)
(100 64 62 1 0)
(100 73 67 2 0)
(101 55 57 1 1)
(101 71 66 1 0)
(102 42 49 1 1)
(102 70 65 1 0)
(102 75 68 1/2 0)
(205/2 73 67 1/2 0)
(103 54 56 1 1)
(103 59 59 1/2 1)
(103 64 62 1 0)
(103 68 64 1/2 0)
(207/2 58 58 1/2 1)
(207/2 66 63 1/2 0)
(104 56 57 1/2 1)
(104 64 62 1 0)
(104 71 66 1/2 0)
(209/2 54 56 1/2 1)
(209/2 73 67 1/2 0)
(105 47 52 2 1)
(105 75 68 3 0)
(106 54 56 1 1)
(106 59 59 1 1)
(106 63 61 1 0)
(107 46 51 1 1)
(107 63 61 1 0)
(108 44 50 2 1)
(108 71 66 1 0)
(109 53 55 1 1)
(109 59 59 1 1)
(109 63 61 1 0)
(109 68 64 1 0)
(109 73 67 3/2 0)
(110 41 48 1 1)
(110 63 61 1 0)
(110 68 64 1 0)
(221/2 71 66 1/2 0)
(111 46 51 2 1)
(111 70 65 1/2 0)
(223/2 69 64 1/2 0)
(112 53 55 1 1)
(112 58 58 1 1)
(112 62 60 1 0)
(112 68 64 1 0)
(112 70 65 2 0)
(113 41 48 1 1)
(113 62 60 1 0)
(113 68 64 1 0)
(114 43 49 2 1)
(114 70 65 1 0)
(115 52 55 1 1)
(115 61 60 1 0)
(115 71 66 3/2 0)
(116 39 47 1 1)
(116 51 54 1 1)
(116 61 60 2 0)
(116 67 63 1 0)
(233/2 67 63 1/2 0)
(117 44 50 2 1)
(117 70 65 1/2 0)
(235/2 69 65 1/2 0)
(118 51 54 1 1)
(118 59 59 1 0)
(118 68 64 1 0)
(119 46 51 1 1)
(119 54 56 1 1)
(119 61 60 2 0)
(119 66 63 1/2 0)
(239/2 64 62 1/2 0)
(120 35 45 1 1)
(120 63 61 2 0)
(121 47 52 1 1)
(121 54 56 1 0)
(121 59 59 1 0)
(122 47 52 2 1)
(122 54 56 2 1)
(122 61 60 1 0)
(122 64 62 1 0)
(123 63 61 1 0)
(123 66 63 1 0)
(124 47 52 1 1)
(124 54 56 1 1)
(124 59 59 1 1)
(124 63 61 1 0)
(124 66 63 1 0)
(124 75 68 7/4 0)
(125 47 52 2 1)
(125 54 56 2 1)
(125 59 59 2 1)
(125 63 61 2 0)
(125 66 63 2 0)
(503/4 75 68 1/4 0)
(126 75 68 2 0)
(127 47 52 1 1)
(127 54 56 1 1)
(127 61 60 1 1)
(127 64 62 1 0)
(127 68 64 1 0)
(128 47 52 2 1)
(128 54 56 2 1)
(128 61 60 2 1)
(128 64 62 2 0)
(128 70 65 2 0)
(128 75 68 1 0)
(129 75 68 2 0)
(130 47 52 1 1)
(130 54 56 1 1)
(130 61 60 1 1)
(130 64 62 1 0)
(130 68 64 1 0)
(131 47 52 1 1)
(131 54 56 1 1)
(131 61 60 1 1)
(131 64 62 1 0)
(131 70 65 1 0)
(131 75 68 1 0)
(132 35 45 1 1)
(132 63 61 1 0)
(132 71 66 1 0)
(132 75 68 1 0)
(133 47 52 1 1)
(133 54 56 1 1)
(133 59 59 1/2 0)
(133 63 61 1/2 0)
(267/2 61 60 1/2 0)
(267/2 64 62 1/2 0)
(134 47 52 2 1)
(134 54 56 2 1)
(134 66 63 1/2 0)
(134 70 65 1/2 0)
(269/2 64 62 1/2 0)
(269/2 68 64 1/2 0)
(135 63 61 1 0)
(135 66 63 1 0)
(136 47 52 1 1)
(136 54 56 1 1)
(136 59 59 1 1)
(136 63 61 1 0)
(136 66 63 1 0)
(136 75 68 7/4 0)
(137 47 52 1 1)
(137 54 56 1 1)
(137 59 59 1 1)
(137 63 61 1 0)
(137 66 63 1 0)
(551/4 75 68 1/4 0)
(138 75 68 2 0)
(139 51 54 1 1)
(139 58 58 1 1)
(139 65 62 1 0)
(139 68 64 1 0)
(140 51 54 2 1)
(140 58 58 2 1)
(140 66 63 2 0)
(140 70 65 2 0)
(140 75 68 1 0)
(141 75 68 2 0)
(142 51 54 1 1)
(142 58 58 1 1)
(142 65 62 1 0)
(142 68 64 1 0)
(143 51 54 1 1)
(143 58 58 1 1)
(143 66 63 2 0)
(143 70 65 1 0)
(143 75 68 1 0)
(144 35 45 1 1)
(144 71 66 1 0)
(144 75 68 1 0)
(145 47 52 1 1)
(145 54 56 1 1)
(145 59 59 1 0)
(145 63 61 1 0)
(146 47 52 2 1)
(146 54 56 2 1)
(146 61 60 1 0)
(146 64 62 1 0)
(147 63 61 1 0)
(147 66 63 1 0)
(148 47 52 1 1)
(148 54 56 1 1)
(148 59 59 1 1)
(148 63 61 1 0)
(148 66 63 1 0)
(148 75 68 7/4 0)
(149 47 52 2 1)
(149 54 56 2 1)
(149 59 59 2 1)
(149 63 61 2 0)
(149 66 63 2 0)
(599/4 75 68 1/4 0)
(150 75 68 2 0)
(151 47 52 1 1)
(151 54 56 1 1)
(151 61 60 1 1)
(151 64 62 1 0)
(151 68 64 1 0)
(152 47 52 2 1)
(152 54 56 2 1)
(152 61 60 2 1)
(152 64 62 2 0)
(152 70 65 2 0)
(152 75 68 1 0)
(153 75 68 2 0)
(154 47 52 1 1)
(154 54 56 1 1)
(154 61 60 1 1)
(154 64 62 1 0)
(154 68 64 1 0)
(155 47 52 1 1)
(155 54 56 1 1)
(155 61 60 1 1)
(155 64 62 1 0)
(155 70 65 1 0)
(155 75 68 1 0)
(156 35 45 1 1)
(156 63 61 1 0)
(156 71 66 1 0)
(156 75 68 1 0)
(157 47 52 1 1)
(157 54 56 1 1)
(157 59 59 1/2 0)
(157 63 61 1/2 0)
(315/2 61 60 1/2 0)
(315/2 64 62 1/2 0)
(158 47 52 2 1)
(158 54 56 2 1)
(158 66 63 1/3 0)
(158 70 65 1/3 0)
(475/3 64 62 1/3 0)
(475/3 68 64 1/3 0)
(476/3 63 61 1/3 0)
(476/3 66 63 1/3 0)
(159 63 61 1 0)
(159 66 63 1 0)
(160 47 52 1 1)
(160 54 56 1 1)
(160 59 59 1 1)
(160 63 61 1 0)
(160 66 63 1 0)
(160 75 68 7/4 0)
(161 47 52 1 1)
(161 54 56 1 1)
(161 59 59 1 1)
(161 63 61 1 0)
(161 66 63 1 0)
(647/4 75 68 1/4 0)
(162 75 68 2 0)
(163 51 54 1 1)
(163 58 58 1 1)
(163 65 62 1 0)
(163 68 64 1 0)
(164 51 54 2 1)
(164 58 58 2 1)
(164 66 63 2 0)
(164 70 65 2 0)
(164 75 68 1 0)
(165 75 68 2 0)
(166 51 54 1 1)
(166 58 58 1 1)
(166 65 62 1 0)
(166 68 64 1 0)
(167 51 54 1 1)
(167 58 58 1 1)
(167 66 63 1 0)
(167 70 65 1 0)
(167 75 68 1 0)
(168 50 54 1 1)
(168 56 57 1 1)
(168 59 59 1 1)
(168 64 62 1 0)
(168 71 66 1 0)
(168 76 69 1 0)
(169 50 54 1 1)
(169 52 55 1 1)
(169 56 57 1 1)
(169 59 59 1 1)
(169 64 62 1 0)
(169 71 66 1 0)
(169 76 69 1 0)
(170 50 54 1 1)
(170 52 55 1 1)
(170 56 57 1 1)
(170 60 60 3/4 1)
(170 64 62 1 0)
(170 72 67 3/4 0)
(170 76 69 1 0)
(683/4 59 59 1/4 1)
(683/4 71 66 1/4 0)
(171 48 53 3 1)
(171 52 55 3 1)
(171 59 59 1 1)
(171 64 62 3 0)
(171 71 66 1 0)
(171 76 69 3 0)
(172 57 58 3/4 1)
(172 69 65 3/4 0)
(691/4 56 57 1/4 1)
(691/4 68 64 1/4 0)
(173 57 58 1 1)
(173 69 65 1 0)
(174 35 45 1 1)
(174 47 52 1 1)
(174 57 58 1 1)
(174 59 59 1 1)
(174 63 61 1 0)
(174 66 63 1 0)
(174 71 66 1 0)
(175 35 45 1 1)
(175 47 52 1 1)
(175 57 58 1 1)
(175 59 59 1 1)
(175 63 61 1 0)
(175 66 63 1 0)
(175 71 66 1 0)
(176 35 45 1 1)
(176 47 52 1 1)
(176 57 58 1 1)
(176 59 59 1 1)
(176 63 61 1 0)
(176 67 64 3/4 0)
(176 71 66 1 0)
(707/4 66 63 1/4 0)
(177 40 48 3 1)
(177 47 52 3 1)
(177 57 58 1/2 1)
(177 59 59 3 0)
(177 66 63 1/2 0)
(177 71 66 3 0)
(355/2 55 57 1/2 1)
(355/2 64 62 1/2 0)
(178 55 57 1/2 1)
(178 64 62 1/2 0)
(357/2 54 56 1/2 1)
(357/2 63 61 1/2 0)
(179 55 57 1 1)
(179 64 62 1 0)
(180 40 48 1 1)
(180 52 55 1 1)
(180 62 61 1 0)
(180 64 62 1 0)
(180 68 64 1 0)
(180 71 66 1 0)
(180 76 69 1 0)
(181 52 55 1 1)
(181 59 59 1 1)
(181 62 61 1 0)
(181 64 62 1 0)
(181 68 64 1 0)
(181 71 66 1 0)
(181 76 69 1 0)
(182 52 55 1 1)
(182 59 59 1 1)
(182 62 61 1 0)
(182 64 62 1 0)
(182 68 64 1 0)
(182 72 67 3/4 0)
(182 76 69 1 0)
(731/4 71 66 1/4 0)
(183 45 51 3 1)
(183 52 55 3 1)
(183 62 61 1 0)
(183 64 62 1 0)
(183 68 64 1 0)
(183 71 66 1/2 0)
(183 76 69 3 0)
(367/2 69 65 1/2 0)
(184 60 60 1/2 1)
(184 69 65 1/2 0)
(369/2 59 59 1/2 1)
(369/2 68 64 1/2 0)
(185 60 60 3/2 1)
(185 69 65 1 0)
(186 72 67 1/2 0)
(373/2 55 57 1/2 1)
(373/2 67 64 1/2 0)
(187 53 56 1 1)
(187 65 63 1 0)
(188 52 55 3/4 1)
(188 64 62 3/4 0)
(755/4 55 57 1/4 1)
(755/4 67 64 1/4 0)
(189 52 55 11/4 1)
(189 64 62 11/4 0)
(190 40 48 1 1)
(190 47 52 1 1)
(190 55 57 1 1)
(190 59 59 1 1)
(191 45 51 1 1)
(191 57 58 1 1)
(191 60 60 1 1)
(767/4 55 57 1/4 1)
(767/4 67 64 1/4 0)
(192 52 55 11/4 1)
(192 64 62 11/4 0)
(193 40 48 1 1)
(193 47 52 1 1)
(193 55 57 1 1)
(193 59 59 1 1)
(194 45 51 1 1)
(194 57 58 1 1)
(194 60 60 1 1)
(779/4 55 57 1/4 1)
(779/4 67 64 1/4 0)
(195 52 55 2 1)
(195 64 62 2 0)
(196 45 51 1 1)
(196 57 58 1 1)
(196 60 60 1 1)
(197 55 57 1 1)
(197 67 64 1 0)
(198 60 60 1/2 1)
(198 72 67 1/2 1)
(397/2 55 57 1/2 1)
(397/2 67 64 1/2 1)
(199 53 56 1 1)
(199 65 63 1 1)
(200 52 55 3/4 1)
(200 64 62 3/4 1)
(803/4 55 57 1/4 1)
(803/4 67 64 1/4 1)
(201 52 55 3 1)
(201 64 62 3 1)
(202 40 48 2 1)
(202 47 52 2 1)
(202 55 57 2 1)
(202 59 59 2 1)
