(0 35 45 1 1)
(0 47 52 1 1)
(0 54 56 1 1)
(0 61 60 1/2 0)
(0 64 62 1/2 0)
(1/2 59 59 1/2 0)
(1/2 63 61 1/2 0)
(1 35 45 2 1)
(1 47 52 2 1)
(1 54 56 2 1)
(1 59 59 2 0)
(1 63 61 2 0)
(3 35 45 1 1)
(3 47 52 1 1)
(3 54 56 1 1)
(3 61 60 1/2 0)
(3 64 62 1/2 0)
(7/2 59 59 1/2 0)
(7/2 63 61 1/2 0)
(4 35 45 2 1)
(4 47 52 2 1)
(4 54 56 2 1)
(4 59 59 2 0)
(4 63 61 2 0)
(6 35 45 1 1)
(6 47 52 1 1)
(6 54 56 1 1)
(6 61 60 1/2 0)
(6 64 62 1/2 0)
(13/2 59 59 1/2 0)
(13/2 63 61 1/2 0)
(7 35 45 2 1)
(7 47 52 2 1)
(7 54 56 2 1)
(7 59 59 2 0)
(7 63 61 2 0)
(9 35 45 1 1)
(9 47 52 1 1)
(9 54 56 1 1)
(9 61 60 1/2 0)
(9 64 62 1/2 0)
(19/2 59 59 1/2 0)
(19/2 63 61 1/2 0)
(10 35 45 2 1)
(10 47 52 3 1)
(10 54 56 3 1)
(10 59 59 3 0)
(10 63 61 3 0)
(12 35 45 1 1)
(13 49 53 1/2 1)
(13 61 60 1/2 0)
(27/2 47 52 1/2 1)
(27/2 59 59 1/2 0)
(14 52 55 1/2 1)
(14 64 62 1/2 0)
(29/2 54 56 1/2 1)
(29/2 66 63 1/2 0)
(15 56 57 1/2 1)
(15 68 64 1/2 0)
(31/2 51 54 1/2 1)
(31/2 63 61 1/2 0)
(16 52 55 1/2 1)
(16 64 62 1/2 0)
(33/2 56 57 1/2 1)
(33/2 68 64 1/2 0)
(17 59 59 1/2 1)
(17 71 66 1/2 0)
(35/2 61 60 1/2 1)
(35/2 73 67 1/2 0)
(18 63 61 1/2 1)
(18 75 68 1/2 0)
(75/4 70 65 1/4 0)
(19 49 53 1 1)
(19 71 66 1/3 0)
(58/3 73 67 1/3 0)
(59/3 71 66 1/3 0)
(20 53 55 1 1)
(20 59 59 1 1)
(20 70 65 1/2 0)
(41/2 68 64 1/2 0)
(21 42 49 1 1)
(21 66 63 1/2 0)
(43/2 61 60 1/2 0)
(22 52 55 1 1)
(22 58 58 1 1)
(22 63 61 1/2 0)
(45/2 64 62 1/2 0)
(23 52 55 1 1)
(23 58 58 1 1)
(23 68 64 1/2 0)
(47/2 66 63 1/2 0)
(24 35 45 1 1)
(24 47 52 1 1)
(24 54 56 1 1)
(24 61 60 1/2 0)
(24 64 62 1/2 0)
(49/2 59 59 1/2 0)
(49/2 63 61 1/2 0)
(25 35 45 2 1)
(25 47 52 2 1)
(25 54 56 2 1)
(25 59 59 2 0)
(25 63 61 2 0)
(27 35 45 1 1)
(27 47 52 1 1)
(27 54 56 1 1)
(27 61 60 1/2 0)
(27 64 62 1/2 0)
(55/2 59 59 1/2 0)
(55/2 63 61 1/2 0)
(28 35 45 2 1)
(28 47 52 2 1)
(28 54 56 2 1)
(28 59 59 2 0)
(28 63 61 2 0)
(30 35 45 1 1)
(30 47 52 1 1)
(30 54 56 1 1)
(30 61 60 1/2 0)
(30 64 62 1/2 0)
(61/2 59 59 1/2 0)
(61/2 63 61 1/2 0)
(31 35 45 2 1)
(31 47 52 2 1)
(31 54 56 2 1)
(31 59 59 2 0)
(31 63 61 2 0)
(33 35 45 1 1)
(33 47 52 1 1)
(33 54 56 1 1)
(33 61 60 1/2 0)
(33 64 62 1/2 0)
(67/2 59 59 1/2 0)
(67/2 63 61 1/2 0)
(34 35 45 2 1)
(34 47 52 3 1)
(34 54 56 3 1)
(34 59 59 3 0)
(34 63 61 3 0)
(36 35 45 1 1)
(37 49 53 1/2 1)
(37 61 60 1/2 0)
(75/2 47 52 1/2 1)
(75/2 59 59 1/2 0)
(38 52 55 1/2 1)
(38 64 62 1/2 0)
(77/2 54 56 1/2 1)
(77/2 66 63 1/2 0)
(39 56 57 1/2 1)
(39 68 64 1/2 0)
(79/2 51 54 1/2 1)
(79/2 63 61 1/2 0)
(40 52 55 1/2 1)
(40 64 62 1/2 0)
(81/2 56 57 1/2 1)
(81/2 68 64 1/2 0)
(41 59 59 1/2 1)
(41 71 66 1/2 0)
(83/2 61 60 1/2 1)
(83/2 73 67 1/2 0)
(42 63 61 1/2 1)
(42 75 68 1/2 0)
(171/4 69 65 1/4 0)
(43 46 52 1 1)
(43 70 66 1/3 0)
(130/3 72 67 1/3 0)
(131/3 70 66 1/3 0)
(44 55 57 1 1)
(44 63 62 1 1)
(44 68 65 1/2 0)
(89/2 67 64 1/2 0)
(45 46 52 1 1)
(45 68 65 1/2 0)
(91/2 64 62 1/2 0)
(46 56 58 1 1)
(46 62 61 1 1)
(46 65 63 1/2 0)
(93/2 68 65 1/2 0)
(47 56 58 1 1)
(47 62 61 1 1)
(47 72 67 1/2 0)
(95/2 70 66 1/2 0)
(48 51 55 1 1)
(48 67 64 1 0)
(49 55 57 1 1)
(49 63 62 1 1)
(49 70 66 1/3 0)
(148/3 72 67 1/3 0)
(149/3 70 66 1/3 0)
(50 55 57 1 1)
(50 63 62 1 1)
(50 68 65 1/2 0)
(101/2 67 64 1/2 0)
(51 46 52 1 1)
(51 68 65 1/2 0)
(103/2 64 62 1/2 0)
(52 56 58 1 1)
(52 62 61 1 1)
(52 65 63 1/2 0)
(105/2 68 65 1/2 0)
(53 56 58 1 1)
(53 62 61 1 1)
(53 72 67 1/2 0)
(107/2 70 66 1/2 0)
(54 51 55 1 1)
(54 67 64 1 0)
(55 55 57 1 1)
(55 63 62 1 1)
(55 70 66 1/3 0)
(166/3 72 67 1/3 0)
(167/3 70 66 1/3 0)
(56 68 65 1/2 0)
(113/2 67 64 1/2 0)
(57 42 49 1 1)
(57 66 63 1/2 0)
(115/2 61 60 1/2 0)
(58 52 55 1 1)
(58 58 58 1 1)
(58 63 61 1/2 0)
(117/2 64 62 1/2 0)
(59 52 55 1 1)
(59 58 58 1 1)
(59 68 64 1/2 0)
(119/2 66 63 1/2 0)
(60 35 45 1 1)
(60 47 52 1 1)
(60 54 56 1 1)
(60 61 60 1/2 0)
(60 64 62 1/2 0)
(121/2 59 59 1/2 0)
(121/2 63 61 1/2 0)
(61 35 45 2 1)
(61 47 52 2 1)
(61 54 56 2 1)
(61 59 59 2 0)
(61 63 61 2 0)
(63 35 45 1 1)
(63 47 52 1 1)
(63 54 56 1 1)
(63 61 60 1/2 0)
(63 64 62 1/2 0)
(127/2 59 59 1/2 0)
(127/2 63 61 1/2 0)
(64 35 45 2 1)
(64 47 52 2 1)
(64 54 56 2 1)
(64 59 59 2 0)
(64 63 61 2 0)
(66 35 45 1 1)
(66 47 52 1 1)
(66 54 56 1 1)
(66 61 60 1/2 0)
(66 64 62 1/2 0)
(133/2 59 59 1/2 0)
(133/2 63 61 1/2 0)
(67 35 45 2 1)
(67 47 52 2 1)
(67 54 56 2 1)
(67 59 59 2 0)
(67 63 61 2 0)
(69 35 45 1 1)
(69 47 52 1 1)
(69 54 56 1 1)
(69 61 60 1/2 0)
(69 64 62 1/2 0)
(139/2 59 59 1/2 0)
(139/2 63 61 1/2 0)
(70 35 45 2 1)
(70 47 52 3 1)
(70 54 56 3 1)
(70 59 59 3 0)
(70 63 61 3 0)
(72 35 45 1 1)
(73 49 53 1/2 1)
(73 61 60 1/2 0)
(147/2 47 52 1/2 1)
(147/2 59 59 1/2 0)
(74 52 55 1/2 1)
(74 64 62 1/2 0)
(149/2 54 56 1/2 1)
(149/2 66 63 1/2 0)
(75 56 57 1/2 1)
(75 68 64 1/2 0)
(151/2 51 54 1/2 1)
(151/2 63 61 1/2 0)
(76 52 55 1/2 1)
(76 64 62 1/2 0)
(153/2 56 57 1/2 1)
(153/2 68 64 1/2 0)
(77 59 59 1/2 1)
(77 71 66 1/2 0)
(155/2 61 60 1/2 1)
(155/2 73 67 1/2 0)
(78 63 61 1/2 1)
(78 75 68 1/2 0)
(315/4 70 65 1/4 0)
(79 49 53 1 1)
(79 71 66 1/3 0)
(238/3 73 67 1/3 0)
(239/3 71 66 1/3 0)
(80 53 55 1 1)
(80 59 59 1 1)
(80 70 65 1/2 0)
(161/2 68 64 1/2 0)
(81 42 49 1 1)
(81 66 63 1/2 0)
(163/2 61 60 1/2 0)
(82 52 55 1 1)
(82 58 58 1 1)
(82 63 61 1/2 0)
(165/2 64 62 1/2 0)
(83 52 55 1 1)
(83 58 58 1 1)
(83 68 64 1/2 0)
(167/2 66 63 1/2 0)
(84 35 45 1 1)
(84 47 52 1 1)
(84 54 56 1 1)
(84 61 60 1/2 0)
(84 64 62 1/2 0)
(169/2 59 59 1/2 0)
(169/2 63 61 1/2 0)
(85 35 45 2 1)
(85 47 52 2 1)
(85 54 56 2 1)
(85 59 59 2 0)
(85 63 61 2 0)
(87 35 45 1 1)
(87 47 52 1 1)
(87 54 56 1 1)
(87 61 60 1/2 0)
(87 64 62 1/2 0)
(175/2 59 59 1/2 0)
(175/2 63 61 1/2 0)
(88 35 45 2 1)
(88 47 52 2 1)
(88 54 56 2 1)
(88 59 59 2 0)
(88 63 61 2 0)
(90 35 45 1 1)
(90 47 52 1 1)
(90 54 56 1 1)
(90 61 60 1/2 0)
(90 64 62 1/2 0)
(181/2 59 59 1/2 0)
(181/2 63 61 1/2 0)
(91 35 45 2 1)
(91 47 52 2 1)
(91 54 56 2 1)
(91 59 59 2 0)
(91 63 61 2 0)
(93 35 45 1 1)
(93 47 52 1 1)
(93 54 56 1 1)
(93 61 60 1/2 0)
(93 64 62 1/2 0)
(187/2 59 59 1/2 0)
(187/2 63 61 1/2 0)
(94 35 45 2 1)
(94 47 52 3 1)
(94 54 56 3 1)
(94 59 59 3 0)
(94 63 61 3 0)
(96 35 45 1 1)
(97 49 53 1/2 1)
(97 61 60 1/2 0)
(195/2 47 52 1/2 1)
(195/2 59 59 1/2 0)
(98 52 55 1/2 1)
(98 64 62 1/2 0)
(197/2 54 56 1/2 1)
(197/2 66 63 1/2 0)
(99 56 57 1/2 1)
(99 68 64 1/2 0)
(199/2 51 54 1/2 1)
(199/2 63 61 1/2 0)
(100 52 55 1/2 1)
(100 64 62 1/2 0)
(201/2 56 57 1/2 1)
(201/2 68 64 1/2 0)
(101 59 59 1/2 1)
(101 71 66 1/2 0)
(203/2 61 60 1/2 1)
(203/2 73 67 1/2 0)
(102 62 61 1/2 1)
(102 74 68 1/2 0)
(411/4 68 64 1/4 0)
(103 45 51 1 1)
(103 69 65 1/3 0)
(310/3 71 66 1/3 0)
(311/3 69 65 1/3 0)
(104 54 56 1 1)
(104 62 61 1 1)
(104 67 64 1/2 0)
(209/2 66 63 1/2 0)
(105 45 51 1 1)
(105 67 64 1/2 0)
(211/2 63 61 1/2 0)
(106 55 57 1 1)
(106 61 60 1 1)
(106 64 62 1/2 0)
(213/2 67 64 1/2 0)
(107 55 57 1 1)
(107 61 60 1 1)
(107 71 66 1/2 0)
(215/2 69 65 1/2 0)
(108 50 54 1 1)
(108 66 63 1 0)
(109 54 56 1 1)
(109 57 58 1 1)
(109 62 61 1 1)
(109 69 65 1/3 0)
(328/3 71 66 1/3 0)
(329/3 69 65 1/3 0)
(110 54 56 1 1)
(110 57 58 1 1)
(110 62 61 1 1)
(110 67 64 1/2 0)
(221/2 66 63 1/2 0)
(111 45 51 1 1)
(111 67 64 1/2 0)
(223/2 63 61 1/2 0)
(112 55 57 1 1)
(112 61 60 1 1)
(112 64 62 1/2 0)
(225/2 67 64 1/2 0)
(113 55 57 1 1)
(113 61 60 1 1)
(113 71 66 1/2 0)
(227/2 69 65 1/2 0)
(114 38 47 1 1)
(114 62 61 3 0)
(115 50 54 1 1)
(115 54 56 1 1)
(115 60 60 1 1)
(116 50 54 1 1)
(116 55 57 1 1)
(116 59 59 1 1)
(117 38 47 1 1)
(117 62 61 3 0)
(118 48 53 1 1)
(118 50 54 1 1)
(118 57 58 1 1)
(119 47 52 1 1)
(119 50 54 1 1)
(119 55 57 1 1)
(120 38 47 1 1)
(120 60 60 1/3 0)
(120 62 61 1/3 0)
(361/3 59 59 1/3 0)
(361/3 62 61 1/3 0)
(362/3 57 58 1/3 0)
(362/3 62 61 1/3 0)
(121 50 54 1 1)
(121 54 56 1 1)
(121 60 60 1 0)
(121 62 61 1 0)
(122 50 54 1 1)
(122 55 57 1 1)
(122 59 59 1 0)
(122 62 61 1 0)
(123 38 47 1 1)
(123 57 58 1/3 1)
(123 62 61 1/3 1)
(370/3 55 57 1/3 1)
(370/3 62 61 1/3 1)
(371/3 54 56 1/3 1)
(371/3 62 61 1/3 1)
(124 48 53 1 1)
(124 50 54 1 1)
(124 57 58 1 1)
(124 62 61 1 1)
(125 47 52 1 1)
(125 50 54 1 1)
(125 55 57 1 1)
(125 62 61 1 1)
(126 38 47 1 1)
(126 50 54 1 1)
(126 62 61 3 0)
(126 74 68 3 0)
(127 57 58 1 1)
(127 60 60 1 1)
(127 66 63 1 1)
(128 59 59 1 1)
(128 62 61 1 1)
(128 67 64 1 1)
(129 38 47 1 1)
(129 50 54 1 1)
(129 62 61 3 0)
(129 74 68 3 0)
(130 59 59 1 1)
(130 65 63 1 1)
(130 68 64 1 1)
(131 60 60 1 1)
(131 66 63 1 1)
(131 69 65 1 1)
(132 38 47 1 1)
(132 50 54 1 1)
(132 62 61 1/3 0)
(132 72 67 1/3 0)
(132 74 68 1/3 0)
(397/3 62 61 1/3 0)
(397/3 71 66 1/3 0)
(397/3 74 68 1/3 0)
(398/3 62 61 1/3 0)
(398/3 69 65 1/3 0)
(398/3 74 68 1/3 0)
(133 50 54 1 1)
(133 54 56 1 1)
(133 60 60 1 1)
(133 62 61 1 0)
(133 72 67 1 0)
(133 74 68 1 0)
(134 50 54 1 1)
(134 55 57 1 1)
(134 59 59 1 1)
(134 62 61 1 0)
(134 71 66 1 0)
(134 74 68 1 0)
(135 38 47 1 1)
(135 50 54 1 1)
(135 62 61 1/3 0)
(135 69 65 1/3 0)
(135 74 68 1/3 0)
(406/3 62 61 1/3 0)
(406/3 67 64 1/3 0)
(406/3 74 68 1/3 0)
(407/3 62 61 1/3 0)
(407/3 66 63 1/3 0)
(407/3 74 68 1/3 0)
(136 50 54 1 1)
(136 54 56 1 1)
(136 60 60 1 1)
(136 62 61 1 0)
(136 69 65 1 0)
(136 74 68 1 0)
(137 43 50 1 1)
(137 50 54 1 1)
(137 59 59 1 1)
(137 67 64 1 0)
(137 79 71 1 0)
(138 35 45 1 1)
(138 47 52 1 1)
(138 71 66 3 0)
(138 83 73 3 0)
(139 54 56 1 1)
(139 59 59 1 1)
(139 63 61 1 1)
(140 55 57 1 1)
(140 59 59 1 1)
(140 64 62 1 1)
(141 35 45 1 1)
(141 47 52 1 1)
(141 71 66 1/3 0)
(141 81 72 1/3 0)
(141 83 73 1/3 0)
(424/3 71 66 1/3 0)
(424/3 79 71 1/3 0)
(424/3 83 73 1/3 0)
(425/3 71 66 1/3 0)
(425/3 78 70 1/3 0)
(425/3 83 73 1/3 0)
(142 59 59 1 1)
(142 63 61 1 1)
(142 69 65 1 1)
(142 71 66 1 0)
(142 81 72 1 0)
(142 83 73 1 0)
(143 59 59 1 1)
(143 64 62 1 1)
(143 67 64 1 1)
(143 71 66 1 0)
(143 79 71 1 0)
(143 83 73 1 0)
(144 47 52 1 1)
(144 59 59 1 1)
(144 71 66 1/3 0)
(144 78 70 1/3 0)
(144 83 73 1/3 0)
(433/3 71 66 1/3 0)
(433/3 76 69 1/3 0)
(433/3 83 73 1/3 0)
(434/3 71 66 1/3 0)
(434/3 75 68 1/3 0)
(434/3 83 73 1/3 0)
(145 59 59 1 1)
(145 63 61 1 1)
(145 69 65 1 1)
(145 71 66 1 0)
(145 78 70 1 0)
(145 83 73 1 0)
(146 52 55 1 1)
(146 59 59 1 1)
(146 67 64 1 1)
(146 76 69 1 0)
(146 88 76 1 0)
(147 47 52 1/3 1)
(147 57 58 1/3 1)
(147 59 59 1/3 0)
(147 66 63 1/3 0)
(147 71 66 1/3 0)
(442/3 47 52 1/3 1)
(442/3 57 58 1/3 1)
(442/3 59 59 1/3 0)
(442/3 64 62 1/3 0)
(442/3 71 66 1/3 0)
(443/3 47 52 1/3 1)
(443/3 57 58 1/3 1)
(443/3 59 59 1/3 0)
(443/3 63 61 1/3 0)
(443/3 71 66 1/3 0)
(148 47 52 1 1)
(148 57 58 1 1)
(148 59 59 1 0)
(148 66 63 1 0)
(148 71 66 1 0)
(149 40 48 1 1)
(149 47 52 1 1)
(149 55 57 1 1)
(149 64 62 1 0)
(149 76 69 1 0)
(150 30 42 1 1)
(150 42 49 1 1)
(150 66 63 3 0)
(150 78 70 3 0)
(151 54 56 1 1)
(151 61 60 1 1)
(151 64 62 1 1)
(152 47 52 1 1)
(152 54 56 1 1)
(152 62 61 1 1)
(153 30 42 1 1)
(153 42 49 1 1)
(153 66 63 1/3 0)
(153 76 69 1/3 0)
(153 78 70 1/3 0)
(460/3 66 63 1/3 0)
(460/3 74 68 1/3 0)
(460/3 78 70 1/3 0)
(461/3 66 63 1/3 0)
(461/3 73 67 1/3 0)
(461/3 78 70 1/3 0)
(154 49 53 1 1)
(154 58 58 1 1)
(154 66 63 1 0)
(154 76 69 1 0)
(154 78 70 1 0)
(155 50 54 1 1)
(155 59 59 1 1)
(155 66 63 1 0)
(155 74 68 1 0)
(155 78 70 1 0)
(156 30 42 1 1)
(156 42 49 1 1)
(156 66 63 1/3 0)
(156 73 67 1/3 0)
(156 78 70 1/3 0)
(469/3 66 63 1/3 0)
(469/3 71 66 1/3 0)
(469/3 78 70 1/3 0)
(470/3 66 63 1/3 0)
(470/3 70 65 1/3 0)
(470/3 78 70 1/3 0)
(157 54 56 1 1)
(157 58 58 1 1)
(157 64 62 1 1)
(157 66 63 1 0)
(157 73 67 1 0)
(157 78 70 1 0)
(158 47 52 1 1)
(158 54 56 1 1)
(158 62 61 1 1)
(158 71 66 1 0)
(158 83 73 1 0)
(159 59 59 1 1)
(159 71 66 1 1)
(159 83 73 1 0)
(159 95 80 1 0)
(160 59 59 1 1)
(160 71 66 1 1)
(160 83 73 1 0)
(160 95 80 1 0)
(161 47 52 1 1)
(161 59 59 1 1)
(161 71 66 1 0)
(161 83 73 1 0)
(162 35 45 2 1)
(162 47 52 1 1)
(162 59 59 1 0)
(162 71 66 6 0)
(163 49 53 1/2 1)
(163 61 60 1/2 0)
(327/2 47 52 1/2 1)
(327/2 59 59 1/2 0)
(164 52 55 1/2 1)
(164 64 62 1/2 0)
(329/2 54 56 1/2 1)
(329/2 66 63 1/2 0)
(165 56 57 1/2 1)
(165 68 64 1/2 0)
(331/2 51 54 1/2 1)
(331/2 63 61 1/2 0)
(166 52 55 1/2 1)
(166 64 62 1/2 0)
(333/2 56 57 1/2 1)
(333/2 68 64 1/2 0)
(167 59 59 1/2 1)
(167 71 66 1/2 0)
(335/2 61 60 1/2 1)
(335/2 73 67 1/2 0)
(168 63 61 1/2 1)
(168 75 68 1/2 0)
(675/4 70 65 1/4 0)
(169 37 46 1 1)
(169 49 53 1 1)
(169 71 66 1/3 0)
(508/3 73 67 1/3 0)
(509/3 71 66 1/3 0)
(170 53 55 1 1)
(170 59 59 1 1)
(170 70 65 1/2 0)
(341/2 68 64 1/2 0)
(171 42 49 1 1)
(171 66 63 1/2 0)
(343/2 61 60 1/2 0)
(172 52 55 1 1)
(172 58 58 1 1)
(172 63 61 1/2 0)
(345/2 64 62 1/2 0)
(173 52 55 1 1)
(173 58 58 1 1)
(173 68 64 1/2 0)
(347/2 66 63 1/2 0)
(174 35 45 2 1)
(174 47 52 1 1)
(174 59 59 1 0)
(174 71 66 6 0)
(175 49 53 1/2 1)
(175 61 60 1/2 0)
(351/2 47 52 1/2 1)
(351/2 59 59 1/2 0)
(176 52 55 1/2 1)
(176 64 62 1/2 0)
(353/2 54 56 1/2 1)
(353/2 66 63 1/2 0)
(177 56 57 1/2 1)
(177 68 64 1/2 0)
(355/2 51 54 1/2 1)
(355/2 63 61 1/2 0)
(178 52 55 1/2 1)
(178 64 62 1/2 0)
(357/2 56 57 1/2 1)
(357/2 68 64 1/2 0)
(179 59 59 1/2 1)
(179 71 66 1/2 0)
(359/2 61 60 1/2 1)
(359/2 73 67 1/2 0)
(180 63 61 1/2 1)
(180 75 68 1/2 0)
(723/4 69 65 1/4 0)
(181 46 52 1 1)
(181 70 66 1/3 0)
(544/3 72 67 1/3 0)
(545/3 70 66 1/3 0)
(182 55 57 1 1)
(182 63 62 1 1)
(182 68 65 1/2 0)
(365/2 67 64 1/2 0)
(183 46 52 1 1)
(183 68 65 1/2 0)
(367/2 64 62 1/2 0)
(184 56 58 1 1)
(184 62 61 1 1)
(184 65 63 1/2 0)
(369/2 68 65 1/2 0)
(185 56 58 1 1)
(185 62 61 1 1)
(185 72 67 1/2 0)
(371/2 70 66 1/2 0)
(186 51 55 1 1)
(186 67 64 1 0)
(187 55 57 1 1)
(187 63 62 1 1)
(187 70 66 1/3 0)
(562/3 72 67 1/3 0)
(563/3 70 66 1/3 0)
(188 55 57 1 1)
(188 63 62 1 1)
(188 68 65 1/2 0)
(377/2 67 64 1/2 0)
(189 46 52 1 1)
(189 68 65 1/2 0)
(379/2 64 62 1/2 0)
(190 56 58 1 1)
(190 62 61 1 1)
(190 65 63 1/2 0)
(381/2 68 65 1/2 0)
(191 56 58 1 1)
(191 62 61 1 1)
(191 72 67 1/2 0)
(383/2 70 66 1/2 0)
(192 51 55 1 1)
(192 67 64 1 0)
(193 55 57 1 1)
(193 63 62 1 1)
(193 70 66 1/3 0)
(580/3 72 67 1/3 0)
(581/3 70 66 1/3 0)
(194 68 65 1/2 0)
(389/2 67 64 1/2 0)
(195 42 49 1 1)
(195 66 63 1/2 0)
(391/2 61 60 1/2 0)
(196 52 55 1 1)
(196 58 58 1 1)
(196 63 61 1/2 0)
(393/2 64 62 1/2 0)
(197 52 55 1 1)
(197 58 58 1 1)
(197 68 64 1/2 0)
(395/2 66 63 1/2 0)
(198 35 45 2 1)
(198 47 52 1 1)
(198 59 59 1 0)
(198 71 66 6 0)
(199 49 53 1/2 1)
(199 61 60 1/2 0)
(399/2 47 52 1/2 1)
(399/2 59 59 1/2 0)
(200 52 55 1/2 1)
(200 64 62 1/2 0)
(401/2 54 56 1/2 1)
(401/2 66 63 1/2 0)
(201 56 57 1/2 1)
(201 68 64 1/2 0)
(403/2 51 54 1/2 1)
(403/2 63 61 1/2 0)
(202 52 55 1/2 1)
(202 64 62 1/2 0)
(405/2 56 57 1/2 1)
(405/2 68 64 1/2 0)
(203 59 59 1/2 1)
(203 71 66 1/2 0)
(407/2 61 60 1/2 1)
(407/2 73 67 1/2 0)
(204 63 61 1/2 1)
(204 75 68 1/2 0)
(819/4 70 65 1/4 0)
(205 49 53 1 1)
(205 71 66 1/3 0)
(616/3 73 67 1/3 0)
(617/3 71 66 1/3 0)
(206 53 55 1 1)
(206 59 59 1 1)
(206 70 65 1/2 0)
(413/2 68 64 1/2 0)
(207 42 49 1 1)
(207 66 63 1/2 0)
(415/2 61 60 1/2 0)
(208 52 55 1 1)
(208 58 58 1 1)
(208 63 61 1/2 0)
(417/2 64 62 1/2 0)
(209 52 55 1 1)
(209 58 58 1 1)
(209 68 64 1/2 0)
(419/2 66 63 1/2 0)
(210 35 45 2 1)
(210 47 52 1 1)
(210 59 59 1 0)
(210 71 66 6 0)
(211 49 53 1/2 1)
(211 61 60 1/2 0)
(423/2 47 52 1/2 1)
(423/2 59 59 1/2 0)
(212 52 55 1/2 1)
(212 64 62 1/2 0)
(425/2 54 56 1/2 1)
(425/2 66 63 1/2 0)
(213 55 57 1/2 1)
(213 67 64 1/2 0)
(427/2 51 54 1/2 1)
(427/2 63 61 1/2 0)
(214 52 55 1/2 1)
(214 64 62 1/2 0)
(429/2 55 57 1/2 1)
(429/2 67 64 1/2 0)
(215 59 59 1/2 1)
(215 71 66 1/2 0)
(431/2 61 60 1/2 1)
(431/2 73 67 1/2 0)
(216 63 61 1/2 1)
(216 75 68 1/2 0)
(433/2 58 58 1/2 1)
(433/2 70 65 1/2 0)
(217 59 59 1/2 1)
(217 71 66 1/2 0)
(435/2 63 61 1/2 1)
(435/2 75 68 1/2 0)
(218 64 62 1/2 1)
(218 76 69 1/2 0)
(437/2 66 63 1/2 1)
(437/2 78 70 1/2 0)
(219 67 64 1/2 1)
(219 79 71 1/2 0)
(439/2 63 61 1/2 1)
(439/2 75 68 1/2 0)
(220 64 62 1/2 1)
(220 76 69 1/2 0)
(441/2 67 64 1/2 1)
(441/2 79 71 1/2 0)
(221 71 66 1/2 1)
(221 83 73 1/2 0)
(443/2 73 67 1/2 1)
(443/2 85 74 1/2 0)
(222 75 68 1 1)
(222 87 75 1 0)
(225 35 45 1 1)
(225 47 52 1 1)
(225 54 56 1 1)
(225 61 60 1/2 0)
(225 64 62 1/2 0)
(451/2 59 59 1/2 0)
(451/2 63 61 1/2 0)
(226 35 45 2 1)
(226 47 52 2 1)
(226 54 56 2 1)
(226 59 59 2 0)
(226 63 61 2 0)
(228 35 45 1 1)
(228 47 52 1 1)
(228 54 56 1 1)
(228 61 60 1/2 0)
(228 64 62 1/2 0)
(457/2 59 59 1/2 0)
(457/2 63 61 1/2 0)
(229 35 45 2 1)
(229 47 52 2 1)
(229 54 56 2 1)
(229 59 59 2 0)
(229 63 61 2 0)
(231 35 45 1 1)
(231 47 52 1 1)
(231 54 56 1 1)
(231 61 60 1/2 0)
(231 64 62 1/2 0)
(463/2 59 59 1/2 0)
(463/2 63 61 1/2 0)
(232 35 45 1 1)
(232 47 52 1 1)
(232 54 56 1 1)
(232 59 59 1 0)
(232 63 61 1 0)
