(-1 80 71 2 0)
(1 80 71 1/2 0)
(3/2 83 73 1/2 0)
(2 81 72 1/2 0)
(5/2 80 71 1/2 0)
(3 79 70 1/2 0)
(7/2 75 68 1/2 0)
(4 80 71 3/2 0)
(5 68 64 2 1)
(5 72 66 1 0)
(11/2 78 70 1/2 0)
(6 73 67 4 0)
(6 76 69 3 0)
(7 68 64 1/2 1)
(15/2 71 66 1/2 1)
(8 69 65 1/2 1)
(17/2 68 64 1/2 1)
(9 67 63 1/2 1)
(9 75 68 3 0)
(19/2 63 61 1/2 1)
(10 68 64 3/2 1)
(10 72 66 2 0)
(11 56 57 1 1)
(23/2 66 63 1/2 1)
(12 61 60 1 1)
(12 64 62 1 1)
(12 73 67 1 0)
(13 75 68 1/2 0)
(27/2 78 70 1/2 0)
(14 76 69 1/2 0)
(29/2 75 68 1/2 0)
(15 73 67 1/2 0)
(31/2 70 65 1/2 0)
(16 75 68 3/2 0)
(17 63 61 2 1)
(17 67 63 1 0)
(35/2 73 67 1/2 0)
(18 68 64 4 0)
(18 71 66 3 0)
(19 63 61 1/2 1)
(39/2 66 63 1/2 1)
(20 64 62 1/2 1)
(41/2 63 61 1/2 1)
(21 61 60 1/2 1)
(21 70 65 3 0)
(43/2 58 58 1/2 1)
(22 63 61 3/2 1)
(22 67 63 2 0)
(23 51 54 1 1)
(47/2 61 60 1/2 1)
(24 44 50 1 1)
(24 60 59 1/2 0)
(24 66 63 1/2 0)
(24 72 66 1/2 0)
(49/2 73 67 1/2 0)
(25 75 68 1/2 0)
(51/2 76 69 1/2 0)
(26 78 70 1/2 0)
(53/2 80 71 1/2 0)
(27 81 72 1/3 0)
(82/3 83 73 1/3 0)
(83/3 81 72 1/3 0)
(28 56 57 1 1)
(28 60 59 1 1)
(28 66 63 2 1)
(28 78 70 1/2 0)
(57/2 76 69 1/2 0)
(29 57 58 1 1)
(29 61 60 1 1)
(29 75 68 1/2 0)
(59/2 73 67 1/2 0)
(30 56 57 1 1)
(30 63 61 1 1)
(30 66 63 1 1)
(30 72 66 1/2 0)
(61/2 73 67 1/2 0)
(31 44 50 1 1)
(31 75 68 1/2 0)
(63/2 76 69 1/2 0)
(32 56 57 1 1)
(32 60 59 1 1)
(32 66 63 1 1)
(32 78 70 1/2 0)
(65/2 80 71 1/2 0)
(33 81 72 1/3 0)
(100/3 83 73 1/3 0)
(101/3 81 72 1/3 0)
(34 56 57 1 1)
(34 60 59 1 1)
(34 66 63 1 1)
(34 78 70 1/2 0)
(69/2 76 69 1/2 0)
(35 57 58 1 1)
(35 61 60 1 1)
(35 66 63 1 1)
(35 75 68 1/2 0)
(71/2 73 67 1/2 0)
(36 56 57 1 1)
(36 60 59 1 1)
(36 66 63 1 1)
(36 75 68 1/2 0)
(73/2 68 64 1/2 0)
(37 44 50 1 1)
(37 80 71 3/2 0)
(38 51 54 1 1)
(38 60 59 1 1)
(77/2 75 68 1/2 0)
(39 56 57 1 1)
(39 66 63 1 1)
(39 80 71 1/2 0)
(79/2 75 68 1/2 0)
(40 51 54 1 1)
(40 60 59 1 1)
(40 80 71 3/2 0)
(41 44 50 1 1)
(83/2 68 64 1/2 0)
(42 32 43 1 1)
(42 75 68 1/2 0)
(85/2 68 64 1/2 0)
(43 56 57 1 1)
(43 60 59 1 1)
(43 66 63 1 1)
(43 80 71 3/2 0)
(89/2 68 64 1/2 0)
(45 37 46 1 1)
(45 75 68 1/2 0)
(91/2 76 69 1/2 0)
(46 49 53 1 1)
(46 56 57 1 1)
(46 64 62 1 1)
(46 73 67 1 0)
(47 80 71 2 0)
(49 80 71 1/2 0)
(99/2 83 73 1/2 0)
(50 81 72 1/2 0)
(101/2 80 71 1/2 0)
(51 79 70 1/2 0)
(103/2 75 68 1/2 0)
(52 80 71 3/2 0)
(53 68 64 2 1)
(53 72 66 1 0)
(107/2 78 70 1/2 0)
(54 73 67 4 0)
(54 76 69 3 0)
(55 68 64 1/2 1)
(111/2 71 66 1/2 1)
(56 69 65 1/2 1)
(113/2 68 64 1/2 1)
(57 67 63 1/2 1)
(57 75 68 3 0)
(115/2 63 61 1/2 1)
(58 68 64 3/2 1)
(58 72 66 2 0)
(59 56 57 1 1)
(119/2 66 63 1/2 1)
(60 61 60 1 1)
(60 64 62 1 1)
(60 73 67 1 0)
(61 75 68 1/2 0)
(123/2 78 70 1/2 0)
(62 76 69 1/2 0)
(125/2 75 68 1/2 0)
(63 73 67 1/2 0)
(127/2 70 65 1/2 0)
(64 75 68 3/2 0)
(65 63 61 2 1)
(65 67 63 1 0)
(131/2 73 67 1/2 0)
(66 68 64 4 0)
(66 71 66 3 0)
(67 63 61 1/2 1)
(135/2 66 63 1/2 1)
(68 64 62 1/2 1)
(137/2 63 61 1/2 1)
(69 61 60 1/2 1)
(69 70 65 3 0)
(139/2 58 58 1/2 1)
(70 63 61 3/2 1)
(70 67 63 2 0)
(71 51 54 1 1)
(143/2 61 60 1/2 1)
(72 44 50 1 1)
(72 60 59 1/2 0)
(72 66 63 1/2 0)
(72 72 66 1/2 0)
(145/2 73 67 1/2 0)
(73 75 68 1/2 0)
(147/2 76 69 1/2 0)
(74 78 70 1/2 0)
(149/2 80 71 1/2 0)
(75 81 72 1/3 0)
(226/3 83 73 1/3 0)
(227/3 81 72 1/3 0)
(76 56 57 1 1)
(76 60 59 1 1)
(76 66 63 2 1)
(76 78 70 1/2 0)
(153/2 76 69 1/2 0)
(77 57 58 1 1)
(77 61 60 1 1)
(77 75 68 1/2 0)
(155/2 73 67 1/2 0)
(78 56 57 1 1)
(78 63 61 1 1)
(78 66 63 1 1)
(78 72 66 1/2 0)
(157/2 73 67 1/2 0)
(79 44 50 1 1)
(79 75 68 1/2 0)
(159/2 76 69 1/2 0)
(80 56 57 1 1)
(80 60 59 1 1)
(80 66 63 1 1)
(80 78 70 1/2 0)
(161/2 80 71 1/2 0)
(81 81 72 1/3 0)
(244/3 83 73 1/3 0)
(245/3 81 72 1/3 0)
(82 56 57 1 1)
(82 60 59 1 1)
(82 66 63 1 1)
(82 78 70 1/2 0)
(165/2 76 69 1/2 0)
(83 57 58 1 1)
(83 61 60 1 1)
(83 66 63 1 1)
(83 75 68 1/2 0)
(167/2 73 67 1/2 0)
(84 56 57 1 1)
(84 60 59 1 1)
(84 66 63 1 1)
(84 75 68 1/2 0)
(169/2 68 64 1/2 0)
(85 44 50 1 1)
(85 80 71 3/2 0)
(86 51 54 1 1)
(86 60 59 1 1)
(173/2 75 68 1/2 0)
(87 56 57 1 1)
(87 66 63 1 1)
(87 80 71 1/2 0)
(175/2 75 68 1/2 0)
(88 51 54 1 1)
(88 60 59 1 1)
(88 80 71 3/2 0)
(89 44 50 1 1)
(179/2 68 64 1/2 0)
(90 32 43 1 1)
(90 75 68 1/2 0)
(181/2 68 64 1/2 0)
(91 56 57 1 1)
(91 60 59 1 1)
(91 66 63 1 1)
(91 80 71 3/2 0)
(185/2 68 64 1/2 0)
(93 37 46 1 1)
(93 75 68 1/2 0)
(187/2 76 69 1/2 0)
(94 49 53 1 1)
(94 56 57 1 1)
(94 64 62 1 1)
(94 73 67 1 0)
(96 33 44 1 1)
(96 45 51 1 1)
(96 57 58 1 0)
(97 52 55 3/2 1)
(97 57 58 3/2 1)
(97 61 60 3/2 0)
(97 64 62 3/2 1)
(97 69 65 3/2 0)
(97 73 67 3/2 0)
(197/2 52 55 1/2 1)
(197/2 57 58 1/2 1)
(197/2 61 60 1/2 0)
(197/2 64 62 1/2 1)
(99 52 55 1/2 1)
(99 57 58 1/2 1)
(99 64 62 1/2 1)
(99 69 65 1/2 0)
(99 73 67 1/2 0)
(399/4 52 55 1/4 1)
(399/4 57 58 1/4 1)
(399/4 64 62 1/4 1)
(399/4 69 65 1/4 0)
(399/4 73 67 1/4 0)
(100 52 55 1 1)
(100 57 58 1 1)
(100 61 60 1 0)
(100 64 62 1 1)
(101 52 55 1 1)
(101 57 58 1 1)
(101 61 60 1 0)
(101 64 62 1 1)
(101 69 65 1 0)
(101 73 67 1 0)
(102 33 44 1 1)
(102 45 51 1 1)
(102 57 58 1/2 0)
(411/4 69 65 1/4 0)
(411/4 73 67 1/4 0)
(103 52 55 1 1)
(103 57 58 1 1)
(103 64 62 1 1)
(103 69 65 1 0)
(103 73 67 1/3 0)
(310/3 75 68 1/3 0)
(311/3 73 67 1/3 0)
(104 68 64 1/2 0)
(104 71 66 1/2 0)
(209/2 66 63 1/2 0)
(209/2 69 65 1/2 0)
(105 40 48 1/2 1)
(105 68 64 1/2 0)
(105 71 66 1/2 0)
(423/4 68 64 1/4 0)
(423/4 71 66 1/4 0)
(106 52 55 1 1)
(106 59 59 1 1)
(106 64 62 1 0)
(106 68 64 1 0)
(107 52 55 1 1)
(107 59 59 1 1)
(107 64 62 1 0)
(107 68 64 1 0)
(107 76 69 1 0)
(108 30 42 1 1)
(108 42 49 1 1)
(108 57 58 1 0)
(109 49 53 3/2 1)
(109 54 56 3/2 1)
(109 57 58 3/2 0)
(109 61 60 3/2 1)
(109 66 63 3/2 0)
(109 69 65 3/2 0)
(221/2 49 53 1/2 1)
(221/2 54 56 1/2 1)
(221/2 57 58 1/2 0)
(221/2 61 60 1/2 1)
(111 49 53 1/2 1)
(111 54 56 1/2 1)
(111 61 60 1/2 1)
(111 66 63 1/2 0)
(111 69 65 1/2 0)
(447/4 49 53 1/4 1)
(447/4 54 56 1/4 1)
(447/4 61 60 1/4 1)
(447/4 66 63 1/4 0)
(447/4 69 65 1/4 0)
(112 49 53 1 1)
(112 54 56 1 1)
(112 57 58 1 0)
(112 61 60 1 1)
(113 49 53 1 1)
(113 54 56 1 1)
(113 57 58 1 0)
(113 61 60 1 1)
(113 66 63 1 0)
(113 69 65 1 0)
(114 30 42 1 1)
(114 42 49 1 1)
(114 57 58 1/2 0)
(459/4 66 63 1/4 0)
(459/4 69 65 1/4 0)
(115 49 53 1 1)
(115 54 56 1 1)
(115 61 60 1 1)
(115 66 63 1 0)
(115 69 65 1/3 0)
(346/3 71 66 1/3 0)
(347/3 69 65 1/3 0)
(116 64 62 1/2 0)
(116 68 64 1/2 0)
(233/2 63 61 1/2 0)
(233/2 66 63 1/2 0)
(117 37 46 1/2 1)
(117 64 62 1/2 0)
(117 68 64 1/2 0)
(471/4 64 62 1/4 0)
(471/4 68 64 1/4 0)
(118 49 53 1 1)
(118 56 57 1 1)
(118 61 60 1 0)
(118 64 62 1 0)
(119 49 53 1 1)
(119 61 60 1 0)
(119 73 67 1 0)
(120 39 47 1/2 1)
(120 61 60 3 0)
(120 67 63 3 0)
(120 72 66 2 0)
(241/2 51 54 1/2 1)
(121 53 55 1/2 1)
(243/2 55 56 1/2 1)
(122 56 57 1/2 1)
(122 70 65 1 0)
(245/2 58 58 1/2 1)
(123 60 59 1/2 1)
(123 63 61 1 0)
(247/2 56 57 1/2 1)
(124 51 54 1/2 1)
(249/2 65 62 1/2 1)
(125 63 61 1 1)
(125 68 64 1 0)
(125 72 66 1 0)
(126 39 47 1/2 1)
(126 61 60 3 0)
(126 67 63 3 0)
(126 72 66 2 0)
(126 75 68 2 0)
(253/2 51 54 1/2 1)
(127 53 55 1/2 1)
(255/2 55 56 1/2 1)
(128 56 57 1/2 1)
(128 70 65 1 0)
(128 73 67 1 0)
(257/2 58 58 1/2 1)
(129 60 59 1/2 1)
(129 63 61 2 0)
(129 68 64 2 0)
(129 72 66 2 0)
(259/2 56 57 1/2 1)
(130 51 54 1/2 1)
(261/2 53 55 1/2 1)
(131 51 54 1 1)
(131 65 62 1 0)
(131 68 64 1 0)
(131 73 67 1 0)
(132 39 47 1/2 1)
(132 63 61 2 0)
(132 67 63 2 0)
(132 72 66 2 0)
(265/2 51 54 1/2 1)
(133 53 55 1/2 1)
(267/2 55 56 1/2 1)
(134 56 57 1/2 1)
(134 61 60 1 0)
(134 65 62 1 0)
(134 70 65 1 0)
(269/2 58 58 1/2 1)
(135 60 59 1/2 1)
(135 63 61 1 0)
(271/2 56 57 1/2 1)
(136 51 54 1/2 1)
(273/2 63 61 1/2 1)
(137 68 64 3/2 1)
(137 72 66 1 0)
(137 75 68 2 0)
(138 73 67 1 0)
(277/2 67 63 1/2 1)
(139 51 54 1/2 1)
(279/2 65 62 1/2 1)
(140 63 61 1 1)
(140 67 63 1 0)
(140 75 68 2 0)
(141 61 60 1/2 1)
(141 68 64 1 0)
(283/2 60 59 1/2 1)
(142 44 50 1/2 1)
(285/2 58 58 1/2 1)
(143 56 57 2 1)
(143 63 61 1 0)
(143 72 66 1 0)
(143 75 68 1 0)
(144 64 62 3 0)
(144 73 67 3 0)
(144 76 69 3 0)
(145 56 57 1/2 1)
(291/2 59 59 1/2 1)
(146 57 58 1/2 1)
(293/2 56 57 1/2 1)
(147 55 56 1/2 1)
(147 63 61 1 0)
(147 70 65 1 0)
(147 75 68 1/2 0)
(295/2 51 54 1/2 1)
(295/2 73 67 1/2 0)
(148 56 57 3/2 1)
(148 68 64 3 0)
(148 72 66 1 0)
(149 44 50 1 1)
(149 75 68 1 0)
(299/2 54 56 1/2 1)
(150 44 50 3 1)
(150 52 55 1 1)
(150 61 60 1 0)
(150 75 68 1/2 0)
(301/2 68 64 1/2 0)
(151 51 54 1 1)
(151 63 61 1/2 0)
(151 68 64 2 0)
(303/2 66 63 1/2 0)
(152 49 53 1/2 1)
(152 64 62 1/2 0)
(152 73 67 1/2 0)
(305/2 51 54 1/2 1)
(305/2 63 61 1/2 0)
(305/2 72 66 1/2 0)
(153 44 50 1 1)
(153 52 55 1 1)
(153 61 60 1/2 1)
(153 68 64 1 0)
(153 70 65 1/2 0)
(307/2 58 58 1/2 1)
(307/2 73 67 1/2 0)
(154 51 54 2 1)
(154 63 61 3/2 1)
(154 67 63 2 0)
(154 70 65 1 0)
(155 72 66 1 0)
(311/2 61 60 1/2 1)
(156 44 50 1 1)
(156 60 59 1 0)
(156 68 64 1 0)
(157 68 64 1/2 0)
(315/2 71 66 1/2 0)
(158 69 65 1/2 0)
(317/2 68 64 1/2 0)
(159 67 63 1/2 0)
(159 70 65 2 0)
(159 73 67 2 0)
(319/2 63 61 1/2 0)
(160 68 64 3/2 0)
(161 72 66 1 0)
(161 75 68 1 0)
(323/2 66 63 1/2 0)
(162 56 57 6 1)
(162 64 62 4 1)
(162 73 67 1 0)
(162 80 71 3 0)
(163 75 68 1/2 0)
(327/2 78 70 1/2 0)
(164 76 69 1/2 0)
(329/2 75 68 1/2 0)
(165 73 67 1/2 0)
(165 79 70 3 0)
(165 82 72 3 0)
(331/2 70 65 1/2 0)
(166 63 61 1 1)
(166 75 68 3/2 0)
(167 70 65 1 1)
(335/2 73 67 1/2 0)
(168 56 57 5 1)
(168 63 61 5 1)
(168 84 73 1/2 0)
(337/2 82 72 1/2 0)
(169 80 71 1 0)
(170 75 68 1 0)
(171 72 66 1/2 0)
(343/2 68 64 1/2 0)
(172 75 68 1 0)
(173 80 71 1 0)
(174 84 73 1/2 0)
(349/2 82 72 1/2 0)
(175 80 71 1 0)
(176 75 68 1 0)
(177 72 66 1/2 0)
(355/2 68 64 1/2 0)
(178 75 68 1 0)
(179 80 71 1 0)
(180 47 52 1 1)
(180 75 68 1/2 0)
(361/2 73 67 1/2 0)
(181 54 56 1 1)
(181 63 61 1 1)
(181 71 66 1 0)
(182 56 57 1 1)
(182 59 59 1 1)
(182 64 62 1 1)
(182 68 64 1 0)
(183 47 52 1 1)
(183 66 63 1/2 0)
(367/2 63 61 1/2 0)
(184 54 56 1 1)
(184 59 59 1 1)
(184 66 63 1 0)
(185 54 56 1 1)
(185 59 59 1 1)
(185 63 61 1 1)
(185 71 66 1 0)
(186 47 52 1 1)
(186 75 68 1/2 0)
(373/2 73 67 1/2 0)
(187 54 56 1 1)
(187 63 61 1 1)
(187 71 66 1 0)
(188 56 57 1 1)
(188 59 59 1 1)
(188 64 62 1 1)
(188 68 64 1 0)
(189 47 52 1 1)
(189 66 63 1/2 0)
(379/2 63 61 1/2 0)
(190 54 56 1 1)
(190 59 59 1 1)
(190 66 63 1 0)
(191 54 56 1 1)
(191 59 59 1 1)
(191 63 61 1 1)
(191 71 66 1 0)
(192 49 53 1 1)
(192 75 68 1/2 0)
(385/2 73 67 1/2 0)
(193 59 59 1 1)
(193 65 62 1 1)
(193 71 66 1 0)
(194 59 59 1 1)
(194 65 62 1 1)
(194 68 64 1 0)
(195 42 49 1 1)
(195 66 63 1/2 0)
(391/2 61 60 1/2 0)
(196 58 58 1 1)
(196 66 63 1 0)
(197 49 53 1 1)
(197 58 58 1 1)
(197 70 65 1 0)
(198 37 46 1 1)
(198 75 68 1/2 0)
(397/2 73 67 1/2 0)
(199 59 59 1 1)
(199 65 62 1 1)
(199 71 66 1 0)
(200 59 59 1 1)
(200 65 62 1 1)
(200 68 64 1 0)
(201 42 49 1 1)
(201 66 63 1/2 0)
(403/2 61 60 1/2 0)
(202 54 56 1 1)
(202 58 58 1 1)
(202 64 62 1 1)
(202 66 63 1 0)
(203 54 56 1 1)
(203 64 62 1 1)
(203 70 65 1 0)
(204 47 52 1 1)
(204 75 68 1/2 0)
(409/2 73 67 1/2 0)
(205 54 56 1 1)
(205 63 61 1 1)
(205 71 66 1 0)
(206 56 57 1 1)
(206 59 59 1 1)
(206 64 62 1 1)
(206 68 64 1 0)
(207 47 52 1 1)
(207 66 63 1/2 0)
(415/2 63 61 1/2 0)
(208 54 56 1 1)
(208 59 59 1 1)
(208 66 63 1 0)
(209 54 56 1 1)
(209 59 59 1 1)
(209 63 61 1 1)
(209 71 66 1 0)
(210 47 52 1 1)
(210 75 68 1/2 0)
(421/2 73 67 1/2 0)
(211 54 56 1 1)
(211 63 61 1 1)
(211 71 66 1 0)
(212 56 57 1 1)
(212 59 59 1 1)
(212 64 62 1 1)
(212 68 64 1 0)
(213 47 52 1 1)
(213 66 63 1/2 0)
(427/2 63 61 1/2 0)
(214 54 56 1 1)
(214 59 59 1 1)
(214 66 63 1 0)
(215 54 56 1 1)
(215 59 59 1 1)
(215 63 61 1 1)
(215 71 66 1 0)
(216 44 50 1 1)
(216 75 68 1/2 0)
(433/2 73 67 1/2 0)
(217 51 54 1 1)
(217 56 57 1 1)
(217 59 59 1 1)
(217 71 66 1 0)
(218 52 55 1 1)
(218 56 57 1 1)
(218 61 60 1 1)
(218 68 64 1 0)
(219 44 50 1 1)
(219 63 61 1/2 0)
(439/2 59 59 1/2 0)
(220 51 54 1 1)
(220 56 57 1 1)
(220 59 59 1 1)
(220 68 64 1 0)
(221 51 54 1 1)
(221 56 57 1 1)
(221 59 59 1 1)
(221 71 66 1 0)
(222 44 50 1 1)
(222 75 68 1/2 0)
(445/2 73 67 1/2 0)
(223 51 54 1 1)
(223 56 57 1 1)
(223 59 59 1 1)
(223 71 66 1 0)
(224 52 55 1 1)
(224 56 57 1 1)
(224 61 60 1 1)
(224 68 64 1 0)
(225 44 50 1 1)
(225 63 61 1/2 0)
(451/2 59 59 1/2 0)
(226 51 54 1 1)
(226 56 57 1 1)
(226 59 59 1 1)
(226 68 64 1 0)
(227 44 50 1 1)
(227 71 66 1 0)
(228 42 49 1 1)
(228 73 67 3 0)
(229 54 56 1 1)
(229 58 58 1 1)
(229 64 62 1 1)
(230 54 56 1 1)
(230 58 58 1 1)
(230 64 62 1 1)
(231 35 45 1 1)
(231 75 68 2 0)
(232 57 58 1 1)
(232 59 59 1 1)
(232 63 61 1 1)
(232 69 65 1 1)
(233 73 67 3/4 0)
(935/4 75 68 1/4 0)
(234 47 52 1 1)
(234 73 67 1/2 0)
(469/2 71 66 1/2 0)
(235 57 58 1 1)
(235 59 59 1 1)
(235 63 61 1 1)
(235 69 65 1 1)
(235 80 71 3/2 0)
(236 57 58 1 1)
(236 59 59 1 1)
(236 63 61 1 1)
(236 69 65 1 1)
(473/2 78 70 1/2 0)
(237 40 48 1 1)
(237 78 70 1/2 0)
(475/2 77 70 1/2 0)
(238 56 57 1 1)
(238 59 59 1 1)
(238 68 64 1 1)
(238 76 69 2 0)
(239 42 49 1 1)
(240 44 50 1 1)
(240 75 68 1/2 0)
(481/2 73 67 1/2 0)
(241 56 57 1 1)
(241 63 61 1 1)
(241 66 63 1 1)
(241 72 66 1 0)
(242 56 57 1 1)
(242 60 59 1 1)
(242 66 63 1 1)
(242 73 67 1/2 0)
(485/2 75 68 1/2 0)
(243 68 64 2 0)
(244 56 57 1 1)
(244 61 60 1 1)
(244 64 62 1 1)
(245 49 53 1 1)
(245 73 67 1 0)
(246 75 68 1/2 0)
(493/2 73 67 1/2 0)
(247 56 57 1 1)
(247 63 61 1 1)
(247 66 63 1 1)
(247 72 66 1 0)
(248 56 57 1 1)
(248 60 59 1 1)
(248 66 63 1 1)
(248 73 67 1/2 0)
(497/2 75 68 1/2 0)
(249 49 53 1 1)
(249 78 70 2 0)
(250 56 57 1 1)
(250 61 60 1 1)
(250 64 62 1 1)
(251 56 57 1 1)
(251 61 60 1 1)
(251 64 62 1 1)
(251 76 69 1 0)
(252 68 64 1 0)
(253 56 57 1 1)
(253 61 60 1 1)
(253 64 62 1 1)
(253 71 66 2 0)
(254 55 57 1 1)
(254 61 60 1 1)
(254 64 62 1 1)
(255 70 65 1/2 0)
(511/2 71 66 1/2 0)
(256 54 56 1 1)
(256 58 58 1 1)
(256 64 62 1 1)
(256 73 67 1 0)
(257 54 56 2 1)
(257 59 59 2 1)
(257 64 62 2 1)
(257 68 64 1/2 0)
(515/2 70 65 1/2 0)
(258 66 63 2 0)
(259 54 56 1 1)
(259 61 60 1 1)
(259 64 62 1 1)
(260 54 56 1 1)
(260 56 57 1 1)
(260 64 62 1 1)
(260 71 66 1 0)
(261 70 65 1/2 0)
(523/2 71 66 1/2 0)
(262 54 56 1 1)
(262 58 58 1 1)
(262 64 62 1 1)
(262 73 67 1 0)
(263 54 56 1 1)
(263 59 59 1 1)
(263 64 62 1 1)
(263 68 64 1/2 0)
(527/2 70 65 1/2 0)
(264 66 63 1/2 0)
(529/2 75 68 1/2 0)
(265 54 56 1 1)
(265 58 58 1 1)
(265 64 62 1 1)
(265 73 67 1 0)
(266 54 56 1 1)
(266 59 59 1 1)
(266 64 62 1 1)
(266 68 64 1/2 0)
(533/2 70 65 1/2 0)
(267 54 56 1 1)
(267 58 58 1 1)
(267 64 62 1 1)
(267 66 63 1/2 0)
(535/2 75 68 1/2 0)
(268 54 56 1 1)
(268 58 58 1 1)
(268 64 62 1 1)
(268 73 67 1/2 0)
(537/2 68 64 1/2 0)
(269 54 56 1 1)
(269 59 59 1 1)
(269 64 62 1 1)
(269 70 65 1/2 0)
(539/2 68 64 1/2 0)
(270 54 56 1 1)
(270 58 58 1 1)
(270 64 62 1 1)
(270 66 63 1/2 0)
(541/2 75 68 1/2 0)
(271 54 56 1 1)
(271 58 58 1 1)
(271 64 62 1 1)
(271 73 67 1 0)
(272 66 63 1 0)
(273 42 49 1 1)
(273 80 71 3/2 0)
(274 64 62 1 1)
(274 70 65 1 1)
(549/2 78 70 1/2 0)
(275 77 70 1/2 0)
(551/2 76 69 1/2 0)
(276 47 52 1 1)
(276 75 68 1/2 0)
(553/2 73 67 1/2 0)
(277 54 56 1 1)
(277 63 61 1 1)
(277 71 66 1 0)
(278 56 57 1 1)
(278 59 59 1 1)
(278 64 62 1 1)
(278 68 64 1 0)
(279 47 52 1 1)
(279 66 63 1/2 0)
(559/2 63 61 1/2 0)
(280 54 56 1 1)
(280 59 59 1 1)
(280 66 63 1 0)
(281 54 56 1 1)
(281 63 61 1 1)
(281 71 66 1 0)
(282 47 52 1 1)
(282 75 68 1/2 0)
(565/2 73 67 1/2 0)
(283 54 56 1 1)
(283 63 61 1 1)
(283 71 66 1 0)
(284 56 57 1 1)
(284 59 59 1 1)
(284 64 62 1 1)
(284 68 64 1 0)
(285 47 52 1 1)
(285 66 63 1/2 0)
(571/2 63 61 1/2 0)
(286 54 56 1 1)
(286 59 59 1 1)
(286 66 63 1 0)
(287 54 56 1 1)
(287 59 59 1 1)
(287 63 61 1 1)
(287 71 66 1 0)
(288 49 53 1 1)
(288 75 68 1/2 0)
(577/2 73 67 1/2 0)
(289 59 59 1 1)
(289 65 62 1 1)
(289 71 66 1 0)
(290 59 59 1 1)
(290 65 62 1 1)
(290 68 64 1 0)
(291 42 49 1 1)
(291 66 63 1/2 0)
(583/2 61 60 1/2 0)
(292 58 58 1 1)
(292 66 63 1 0)
(293 49 53 1 1)
(293 58 58 1 1)
(293 70 65 1 0)
(294 37 46 1 1)
(294 75 68 1/2 0)
(589/2 73 67 1/2 0)
(295 59 59 1 1)
(295 65 62 1 1)
(295 71 66 1 0)
(296 59 59 1 1)
(296 65 62 1 1)
(296 68 64 1 0)
(297 42 49 1 1)
(297 66 63 1/2 0)
(595/2 61 60 1/2 0)
(298 54 56 1 1)
(298 58 58 1 1)
(298 64 62 1 1)
(298 66 63 1 0)
(299 54 56 1 1)
(299 64 62 1 1)
(299 70 65 1 0)
(300 47 52 1 1)
(300 75 68 1/2 0)
(601/2 73 67 1/2 0)
(301 54 56 1 1)
(301 63 61 1 1)
(301 71 66 1 0)
(302 56 57 1 1)
(302 59 59 1 1)
(302 64 62 1 1)
(302 70 65 1/2 0)
(605/2 68 64 1/2 0)
(303 47 52 1 1)
(303 66 63 1/2 0)
(607/2 63 61 1/2 0)
(304 54 56 1 1)
(304 59 59 1 1)
(304 66 63 1 0)
(305 54 56 1 1)
(305 59 59 1 1)
(305 63 61 1 1)
(305 71 66 1 0)
(306 47 52 1 1)
(306 75 68 1/2 0)
(613/2 73 67 1/2 0)
(307 54 56 1 1)
(307 63 61 1 1)
(307 71 66 1/3 0)
(922/3 73 67 1/3 0)
(923/3 71 66 1/3 0)
(308 56 57 1 1)
(308 64 62 1 1)
(308 70 65 1/2 0)
(617/2 68 64 1/2 0)
(309 47 52 1 1)
(309 66 63 1/2 0)
(619/2 63 61 1/2 0)
(310 54 56 1 1)
(310 63 61 1 1)
(310 66 63 1 0)
(311 54 56 1 1)
(311 63 61 1 1)
(311 71 66 1 0)
(312 44 50 1 1)
(312 75 68 1/2 0)
(625/2 73 67 1/2 0)
(313 51 54 1 1)
(313 56 57 1 1)
(313 60 59 1 1)
(313 63 61 1 1)
(313 72 66 1 0)
(314 51 54 1 1)
(314 56 57 1 1)
(314 60 59 1 1)
(314 63 61 1 1)
(314 68 64 1 0)
(315 44 50 1 1)
(315 63 61 1/2 0)
(631/2 60 59 1/2 0)
(316 51 54 1 1)
(316 56 57 1 1)
(316 63 61 1 1)
(316 68 64 1 0)
(317 51 54 1 1)
(317 56 57 1 1)
(317 63 61 1 1)
(317 72 66 1 0)
(318 32 43 1 1)
(318 44 50 1 1)
(318 75 68 1/2 0)
(637/2 73 67 1/2 0)
(319 51 54 1 1)
(319 56 57 1 1)
(319 60 59 1 1)
(319 63 61 1 1)
(319 72 66 3/2 0)
(320 60 59 1 1)
(320 68 64 1 1)
(641/2 73 67 1/2 0)
(321 63 61 1 1)
(321 68 64 1 1)
(321 72 66 1 1)
(321 77 69 3/4 0)
(1287/4 75 68 1/4 0)
(322 80 71 3 0)
(325 80 71 1/2 0)
(651/2 83 73 1/2 0)
(326 81 72 1/2 0)
(653/2 80 71 1/2 0)
(327 79 70 1/2 0)
(655/2 75 68 1/2 0)
(328 80 71 3/2 0)
(329 68 64 2 1)
(329 72 66 1 0)
(659/2 78 70 1/2 0)
(330 73 67 4 0)
(330 76 69 3 0)
(331 68 64 1/2 1)
(663/2 71 66 1/2 1)
(332 69 65 1/2 1)
(665/2 68 64 1/2 1)
(333 67 63 1/2 1)
(333 75 68 3 0)
(667/2 63 61 1/2 1)
(334 68 64 3/2 1)
(334 72 66 2 0)
(335 56 57 1 1)
(671/2 66 63 1/2 1)
(336 61 60 1 1)
(336 64 62 1 1)
(336 73 67 1 0)
(337 75 68 1/2 0)
(675/2 78 70 1/2 0)
(338 76 69 1/2 0)
(677/2 75 68 1/2 0)
(339 73 67 1/2 0)
(679/2 70 65 1/2 0)
(340 75 68 3/2 0)
(341 63 61 2 1)
(341 67 63 1 0)
(683/2 73 67 1/2 0)
(342 68 64 4 0)
(342 71 66 3 0)
(343 63 61 1/2 1)
(687/2 66 63 1/2 1)
(344 64 62 1/2 1)
(689/2 63 61 1/2 1)
(345 61 60 1/2 1)
(345 70 65 3 0)
(691/2 58 58 1/2 1)
(346 63 61 3/2 1)
(346 67 63 2 0)
(347 51 54 1 1)
(695/2 61 60 1/2 1)
(348 44 50 1 1)
(348 60 59 1/2 0)
(348 66 63 1/2 0)
(348 72 66 1/2 0)
(697/2 73 67 1/2 0)
(349 75 68 1/2 0)
(699/2 76 69 1/2 0)
(350 78 70 1/2 0)
(701/2 80 71 1/2 0)
(351 81 72 1/3 0)
(1054/3 83 73 1/3 0)
(1055/3 81 72 1/3 0)
(352 56 57 1 1)
(352 60 59 1 1)
(352 66 63 1 1)
(352 78 70 1/2 0)
(705/2 76 69 1/2 0)
(353 57 58 1 1)
(353 61 60 1 1)
(353 66 63 1 1)
(353 75 68 1/2 0)
(707/2 73 67 1/2 0)
(354 56 57 1 1)
(354 63 61 1 1)
(354 66 63 1 1)
(354 72 66 1/2 0)
(709/2 73 67 1/2 0)
(355 44 50 1 1)
(355 75 68 1/2 0)
(711/2 76 69 1/2 0)
(356 56 57 1 1)
(356 60 59 1 1)
(356 66 63 1 1)
(356 78 70 1/2 0)
(713/2 80 71 1/2 0)
(357 81 72 1/3 0)
(1072/3 83 73 1/3 0)
(1073/3 81 72 1/3 0)
(358 56 57 1 1)
(358 60 59 1 1)
(358 66 63 1 1)
(358 78 70 1/2 0)
(717/2 76 69 1/2 0)
(359 57 58 1 1)
(359 61 60 1 1)
(359 66 63 1 1)
(359 75 68 1/2 0)
(719/2 73 67 1/2 0)
(360 56 57 1 1)
(360 60 59 1 1)
(360 66 63 1 1)
(360 75 68 1/2 0)
(721/2 68 64 1/2 0)
(361 44 50 1 1)
(361 80 71 3/2 0)
(362 51 54 1 1)
(362 60 59 1 1)
(725/2 75 68 1/2 0)
(363 56 57 1 1)
(363 66 63 1 1)
(363 80 71 1/2 0)
(727/2 75 68 1/2 0)
(364 51 54 1 1)
(364 60 59 1 1)
(364 80 71 3/2 0)
(365 44 50 1 1)
(731/2 68 64 1/2 0)
(366 32 43 1 1)
(366 75 68 1/2 0)
(733/2 68 64 1/2 0)
(367 56 57 1 1)
(367 60 59 1 1)
(367 66 63 1 1)
(367 80 71 3/2 0)
(737/2 68 64 1/2 0)
(369 37 46 1 1)
(369 75 68 1/2 0)
(739/2 76 69 1/2 0)
(370 49 53 1 1)
(370 56 57 1 1)
(370 64 62 1 1)
(370 73 67 1 0)
(372 33 44 1 1)
(372 45 51 1 1)
(372 57 58 1 0)
(373 52 55 3/2 1)
(373 57 58 3/2 1)
(373 61 60 3/2 0)
(373 64 62 3/2 1)
(373 69 65 3/2 0)
(373 73 67 3/2 0)
(749/2 52 55 1/2 1)
(749/2 57 58 1/2 1)
(749/2 61 60 1/2 0)
(749/2 64 62 1/2 1)
(375 52 55 1/2 1)
(375 57 58 1/2 1)
(375 64 62 1/2 1)
(375 69 65 1/2 0)
(375 73 67 1/2 0)
(1503/4 52 55 1/4 1)
(1503/4 57 58 1/4 1)
(1503/4 64 62 1/4 1)
(1503/4 69 65 1/4 0)
(1503/4 73 67 1/4 0)
(376 52 55 1 1)
(376 57 58 1 1)
(376 61 60 1 0)
(376 64 62 1 1)
(377 52 55 1 1)
(377 57 58 1 1)
(377 61 60 1 0)
(377 64 62 1 1)
(377 69 65 1 0)
(377 73 67 1 0)
(378 33 44 1 1)
(378 45 51 1 1)
(378 57 58 1/2 0)
(1515/4 69 65 1/4 0)
(1515/4 73 67 1/4 0)
(379 52 55 1 1)
(379 57 58 1 1)
(379 64 62 1 1)
(379 69 65 1 0)
(379 73 67 1/3 0)
(1138/3 75 68 1/3 0)
(1139/3 73 67 1/3 0)
(380 68 64 1/2 0)
(380 71 66 1/2 0)
(761/2 66 63 1/2 0)
(761/2 69 65 1/2 0)
(381 40 48 1 1)
(381 68 64 1/2 0)
(381 71 66 1/2 0)
(1527/4 68 64 1/4 0)
(1527/4 71 66 1/4 0)
(382 52 55 1 1)
(382 59 59 1 1)
(382 64 62 1 0)
(382 68 64 1 0)
(383 52 55 1 1)
(383 59 59 1 1)
(383 64 62 1 0)
(383 68 64 1 0)
(383 76 69 1 0)
(384 30 42 1 1)
(384 42 49 1 1)
(384 57 58 1 0)
(385 49 53 3/2 1)
(385 54 56 3/2 1)
(385 57 58 3/2 0)
(385 61 60 3/2 1)
(385 66 63 3/2 0)
(385 69 65 3/2 0)
(773/2 49 53 1/2 1)
(773/2 54 56 1/2 1)
(773/2 57 58 1/2 0)
(773/2 61 60 1/2 1)
(387 49 53 1/2 1)
(387 54 56 1/2 1)
(387 61 60 1/2 1)
(387 66 63 1/2 0)
(387 69 65 1/2 0)
(1551/4 49 53 1/4 1)
(1551/4 54 56 1/4 1)
(1551/4 61 60 1/4 1)
(1551/4 66 63 1/4 0)
(1551/4 69 65 1/4 0)
(388 49 53 1 1)
(388 54 56 1 1)
(388 57 58 1 0)
(388 61 60 1 1)
(389 49 53 1 1)
(389 54 56 1 1)
(389 57 58 1 0)
(389 61 60 1 1)
(389 66 63 1 0)
(389 69 65 1 0)
(390 30 42 1 1)
(390 42 49 1 1)
(390 57 58 1/2 0)
(1563/4 66 63 1/4 0)
(1563/4 69 65 1/4 0)
(391 49 53 1 1)
(391 54 56 1 1)
(391 61 60 1 1)
(391 66 63 1 0)
(391 69 65 1/3 0)
(1174/3 71 66 1/3 0)
(1175/3 69 65 1/3 0)
(392 64 62 1/2 0)
(392 68 64 1/2 0)
(785/2 63 61 1/2 0)
(785/2 66 63 1/2 0)
(393 37 46 1 1)
(393 64 62 1/2 0)
(393 68 64 1/2 0)
(1575/4 64 62 1/4 0)
(1575/4 68 64 1/4 0)
(394 49 53 1 1)
(394 56 57 1 1)
(394 61 60 1 0)
(394 64 62 1 0)
(395 49 53 1 1)
(395 61 60 1 0)
(395 73 67 1 0)
(396 39 47 1/2 1)
(396 61 60 3 0)
(396 67 63 3 0)
(396 72 66 2 0)
(793/2 51 54 1/2 1)
(397 53 55 1/2 1)
(795/2 55 56 1/2 1)
(398 56 57 1/2 1)
(398 70 65 1 0)
(797/2 58 58 1/2 1)
(399 60 59 1/2 1)
(399 63 61 1 0)
(799/2 56 57 1/2 1)
(400 51 54 1/2 1)
(801/2 65 62 1/2 1)
(401 63 61 1 1)
(401 68 64 1 0)
(401 72 66 1 0)
(402 39 47 1/2 1)
(402 61 60 3 0)
(402 67 63 3 0)
(402 72 66 2 0)
(402 75 68 2 0)
(805/2 51 54 1/2 1)
(403 53 55 1/2 1)
(807/2 55 56 1/2 1)
(404 56 57 1/2 1)
(404 70 65 1 0)
(404 73 67 1 0)
(809/2 58 58 1/2 1)
(405 60 59 1/2 1)
(405 63 61 2 0)
(405 68 64 2 0)
(405 72 66 2 0)
(811/2 56 57 1/2 1)
(406 51 54 1/2 1)
(813/2 53 55 1/2 1)
(407 51 54 1 1)
(407 65 62 1 0)
(407 68 64 1 0)
(407 73 67 1 0)
(408 39 47 1/2 1)
(408 63 61 2 0)
(408 67 63 2 0)
(408 72 66 2 0)
(817/2 51 54 1/2 1)
(409 53 55 1/2 1)
(819/2 55 56 1/2 1)
(410 56 57 1/2 1)
(410 61 60 1 0)
(410 65 62 1 0)
(410 70 65 1 0)
(821/2 58 58 1/2 1)
(411 60 59 1/2 1)
(411 63 61 1 0)
(823/2 56 57 1/2 1)
(412 51 54 1/2 1)
(825/2 63 61 1/2 1)
(413 68 64 3/2 1)
(413 72 66 1 0)
(413 75 68 2 0)
(414 73 67 1 0)
(829/2 67 63 1/2 1)
(415 51 54 1/2 1)
(831/2 65 62 1/2 1)
(416 63 61 1 1)
(416 67 63 1 0)
(416 75 68 2 0)
(417 61 60 1/2 1)
(417 68 64 1 0)
(835/2 60 59 1/2 1)
(418 44 50 1/2 1)
(837/2 58 58 1/2 1)
(419 56 57 1 1)
(419 63 61 1 0)
(419 72 66 1 0)
(419 75 68 1 0)
(420 56 57 1 1)
(420 64 62 3 0)
(420 73 67 3 0)
(420 76 69 3 0)
(421 56 57 1/2 1)
(843/2 59 59 1/2 1)
(422 57 58 1/2 1)
(845/2 56 57 1/2 1)
(423 55 56 1/2 1)
(423 63 61 1 0)
(423 70 65 1 0)
(423 75 68 1/2 0)
(847/2 51 54 1/2 1)
(847/2 73 67 1/2 0)
(424 56 57 3/2 1)
(424 68 64 3 0)
(424 72 66 1 0)
(425 44 50 1 1)
(425 75 68 1 0)
(851/2 54 56 1/2 1)
(426 44 50 6 1)
(426 52 55 1 1)
(426 61 60 1 0)
(426 75 68 1/2 0)
(853/2 68 64 1/2 0)
(427 51 54 1 1)
(427 63 61 1/2 0)
(427 68 64 2 0)
(855/2 66 63 1/2 0)
(428 49 53 1/2 1)
(428 64 62 1/2 0)
(428 73 67 1/2 0)
(857/2 51 54 1/2 1)
(857/2 63 61 1/2 0)
(857/2 72 66 1/2 0)
(429 52 55 1/2 1)
(429 61 60 1/2 1)
(429 70 65 1/2 0)
(859/2 58 58 1/2 1)
(859/2 73 67 1/2 0)
(430 63 61 3/2 1)
(430 67 63 2 0)
(430 70 65 1 0)
(431 72 66 1 0)
(863/2 61 60 1/2 1)
(432 44 50 1 1)
(432 51 54 2 1)
(432 60 59 1 0)
(432 68 64 1 0)
(433 68 64 1/2 0)
(867/2 71 66 1/2 0)
(434 69 65 1/2 0)
(869/2 68 64 1/2 0)
(435 67 63 1/2 0)
(435 70 65 2 0)
(435 73 67 2 0)
(871/2 63 61 1/2 0)
(436 68 64 3/2 0)
(437 72 66 1 0)
(437 75 68 1 0)
(875/2 66 63 1/2 0)
(438 56 57 6 1)
(438 64 62 4 1)
(438 73 67 1 0)
(438 80 71 3 0)
(439 75 68 1/2 0)
(879/2 78 70 1/2 0)
(440 76 69 1/2 0)
(881/2 75 68 1/2 0)
(441 73 67 1/2 0)
(441 79 70 3 0)
(441 82 72 3 0)
(883/2 70 65 1/2 0)
(442 63 61 1 1)
(442 75 68 3/2 0)
(443 70 65 1 1)
(887/2 73 67 1/2 0)
(444 56 57 1 1)
(444 63 61 1 1)
(444 72 66 1/2 0)
(444 84 73 1 0)
(889/2 73 67 1/2 0)
(445 75 68 1/2 0)
(891/2 76 69 1/2 0)
(446 78 70 1/2 0)
(893/2 80 71 1/2 0)
(447 44 50 1 1)
(447 81 72 1/3 0)
(1342/3 83 73 1/3 0)
(1343/3 81 72 1/3 0)
(448 56 57 1 1)
(448 60 59 1 1)
(448 66 63 1 1)
(448 78 70 1/2 0)
(448 84 73 1 0)
(897/2 76 69 1/2 0)
(449 57 58 1 1)
(449 61 60 1 1)
(449 66 63 1 1)
(449 75 68 1/2 0)
(449 85 74 1 0)
(899/2 73 67 1/2 0)
(450 56 57 1 1)
(450 63 61 1 1)
(450 66 63 1 1)
(450 72 66 1/2 0)
(901/2 87 75 1/2 0)
(451 44 50 1 1)
(451 75 68 1/2 0)
(903/2 76 69 1/2 0)
(452 56 57 1 1)
(452 60 59 1 1)
(452 66 63 1 1)
(452 78 70 1/2 0)
(905/2 80 71 1/2 0)
(453 81 72 1/3 0)
(1360/3 83 73 1/3 0)
(1361/3 81 72 1/3 0)
(454 56 57 1 1)
(454 60 59 1 1)
(454 66 63 1 1)
(454 78 70 1/2 0)
(454 84 73 1 0)
(909/2 76 69 1/2 0)
(455 57 58 1 1)
(455 61 60 1 1)
(455 66 63 1 1)
(455 75 68 1/2 0)
(455 85 74 1 0)
(911/2 73 67 1/2 0)
(456 56 57 1 1)
(456 63 61 1 1)
(456 66 63 1 1)
(456 72 66 1/2 0)
(913/2 87 75 1/2 0)
(457 44 50 1 1)
(457 75 68 1/2 0)
(915/2 76 69 1/2 0)
(458 56 57 1 1)
(458 60 59 1 1)
(458 66 63 1 1)
(458 78 70 1/2 0)
(917/2 80 71 1/2 0)
(459 81 72 1/3 0)
(1378/3 83 73 1/3 0)
(1379/3 81 72 1/3 0)
(460 56 57 1 1)
(460 60 59 1 1)
(460 66 63 1 1)
(460 78 70 1/2 0)
(460 84 73 1 0)
(921/2 76 69 1/2 0)
(461 56 57 1 1)
(461 61 60 1 1)
(461 64 62 1 1)
(461 75 68 1/2 0)
(461 85 74 1 0)
(923/2 73 67 1/2 0)
(462 44 50 1 1)
(462 76 69 1/3 0)
(1387/3 78 70 1/3 0)
(1388/3 76 69 1/3 0)
(463 52 55 1 1)
(463 61 60 1 1)
(463 75 68 1/2 0)
(463 80 71 1 0)
(927/2 73 67 1/2 0)
(464 52 55 1 1)
(464 61 60 1 1)
(464 71 66 1/2 0)
(464 81 72 1 0)
(929/2 69 65 1/2 0)
(465 73 67 1/3 0)
(1396/3 75 68 1/3 0)
(1397/3 73 67 1/3 0)
(466 52 55 1 1)
(466 61 60 1 1)
(466 71 66 1/2 0)
(466 75 68 1 0)
(933/2 69 65 1/2 0)
(467 52 55 1 1)
(467 57 58 2 1)
(467 64 62 1/2 0)
(467 76 69 1 0)
(935/2 61 60 1 0)
(468 44 50 4 1)
(937/2 60 59 1 0)
(469 51 54 1 1)
(469 56 57 1 1)
(939/2 72 66 1/2 0)
(470 51 54 2 1)
(470 70 65 1/2 0)
(941/2 72 66 1/2 0)
(471 70 65 1/2 0)
(943/2 68 64 1/2 0)
(472 51 54 1 1)
(472 60 59 1 1)
(472 64 62 3/2 0)
(472 76 69 3/2 0)
(473 51 54 2 1)
(473 60 59 1 1)
(947/2 63 61 1/2 0)
(947/2 75 68 1/2 0)
(474 43 50 3 1)
(474 63 61 1 0)
(474 75 68 1 0)
(475 52 55 3/4 1)
(475 61 60 3/4 0)
(475 73 67 1 0)
(1903/4 54 56 1/4 1)
(1903/4 63 61 1/4 0)
(476 52 55 2 1)
(476 61 60 2 0)
(477 43 50 3 1)
(478 52 55 3/4 1)
(478 57 58 1 0)
(478 61 60 3/4 0)
(1915/4 54 56 1/4 1)
(1915/4 63 61 1/4 0)
(479 52 55 1 1)
(479 57 58 1 0)
(479 61 60 1 0)
(480 43 50 6 1)
(481 52 55 1 1)
(481 57 58 1 1)
(481 61 60 3 0)
(963/2 73 67 1/2 0)
(482 52 55 2 1)
(482 57 58 2 1)
(482 71 66 1/2 0)
(965/2 73 67 1/2 0)
(483 71 66 1/2 0)
(967/2 69 65 1/2 0)
(484 52 55 1 1)
(484 61 60 1 1)
(484 66 63 3/2 0)
(484 78 70 3/2 0)
(485 52 55 1 1)
(485 61 60 1 1)
(971/2 64 62 1/2 0)
(971/2 76 69 1/2 0)
(486 42 49 1 1)
(486 64 62 1 0)
(486 76 69 1 0)
(487 54 56 3/4 1)
(487 57 58 1 1)
(487 60 59 1 1)
(487 63 61 3/4 0)
(487 75 68 1 0)
(1951/4 56 57 1/4 1)
(1951/4 64 62 1/4 0)
(488 54 56 1 1)
(488 57 58 1 1)
(488 60 59 1 1)
(488 63 61 1 0)
(489 40 48 1 1)
(490 52 55 3/4 1)
(490 57 58 1 0)
(490 61 60 1 0)
(490 64 62 3/4 0)
(1963/4 51 54 1/4 1)
(1963/4 66 63 1/4 0)
(491 52 55 1 1)
(491 57 58 1 0)
(491 61 60 1 0)
(491 64 62 1 0)
(492 39 47 1 1)
(493 57 58 1/2 1)
(493 60 59 1/2 0)
(493 66 63 1/2 0)
(987/2 59 59 1/2 1)
(987/2 68 64 1/2 0)
(494 57 58 3/4 1)
(494 60 59 3/4 0)
(494 66 63 3/4 0)
(1979/4 51 54 1/4 1)
(1979/4 63 61 1/4 0)
(1979/4 75 68 1/4 0)
(495 54 56 1 1)
(495 63 61 1 0)
(495 75 68 1 0)
(496 54 56 3/4 1)
(496 59 59 1 0)
(496 63 61 3/4 0)
(1987/4 56 57 1/4 1)
(1987/4 64 62 1/4 0)
(497 54 56 1 1)
(497 59 59 1 0)
(497 63 61 1 0)
(498 36 45 1 1)
(499 57 58 1/2 1)
(499 63 61 1 0)
(499 66 63 1/2 0)
(999/2 59 59 1/2 1)
(999/2 68 64 1/2 0)
(500 57 58 3/4 1)
(500 63 61 3/4 0)
(500 66 63 3/4 0)
(2003/4 48 52 1/4 1)
(2003/4 63 61 1/4 0)
(2003/4 75 68 1/4 0)
(501 54 56 1 1)
(501 63 61 1 0)
(501 75 68 1 0)
(502 54 56 3/4 1)
(502 57 58 2 1)
(502 63 61 3/4 0)
(2011/4 56 57 1/4 1)
(2011/4 64 62 1/4 0)
(503 54 56 1 1)
(503 63 61 1 0)
(504 32 43 1 1)
(505 57 58 1/2 1)
(505 66 63 1/2 0)
(1011/2 59 59 1/2 1)
(1011/2 68 64 1/2 0)
(506 57 58 1/2 1)
(506 66 63 1/2 0)
(1013/2 51 54 1/2 1)
(1013/2 60 59 1/2 0)
(507 54 56 1/2 1)
(507 63 61 1/2 0)
(1015/2 51 54 1/2 1)
(1015/2 60 59 1/2 0)
(508 56 57 3/2 1)
(508 64 62 3/2 0)
(1019/2 54 56 1/2 1)
(1019/2 63 61 1/2 0)
(510 52 55 1/2 1)
(510 61 60 1/2 0)
(1021/2 51 54 1/2 1)
(1021/2 60 59 1/2 0)
(511 52 55 1/2 1)
(511 61 60 1/2 0)
(1023/2 54 56 1/2 1)
(1023/2 63 61 1/2 0)
(512 57 58 1/2 1)
(512 66 63 1/2 0)
(1025/2 56 57 1/2 1)
(1025/2 64 62 1/2 0)
(513 54 56 1/2 1)
(513 63 61 1/2 0)
(1027/2 52 55 1/2 1)
(1027/2 61 60 1/2 0)
(514 51 54 1/2 1)
(514 60 59 1/2 0)
(1029/2 54 56 1/2 1)
(1029/2 63 61 1/2 0)
(515 52 55 1/2 1)
(515 61 60 1/2 0)
(1031/2 49 53 1/2 1)
(1031/2 57 58 1/2 0)
(516 37 46 1 1)
(516 56 57 1 0)
(516 61 60 1 0)
(516 64 62 1 0)
(517 44 50 1/2 1)
(1035/2 47 52 1/2 1)
(518 45 51 1/2 1)
(518 52 55 1 0)
(518 61 60 3/2 0)
(1037/2 44 50 1/2 1)
(519 44 50 1 1)
(519 53 55 1/2 0)
(1039/2 59 59 1/2 0)
(1039/2 62 61 1/2 0)
(520 42 49 1 1)
(520 54 56 1 1)
(520 63 61 3/2 0)
(521 30 42 1 1)
(521 52 55 1 1)
(521 57 58 1 1)
(1043/2 61 60 1/2 0)
(522 35 45 1 1)
(522 51 54 1 1)
(522 59 59 1 1)
(523 47 52 1/2 1)
(523 56 57 2 1)
(1047/2 51 54 1/2 1)
(524 49 53 1/2 1)
(524 63 61 1 0)
(1049/2 47 52 1/2 1)
(525 46 52 2 1)
(525 55 57 2 1)
(525 64 62 1/2 0)
(1051/2 62 61 1/2 0)
(1051/2 65 63 1/2 0)
(526 61 60 2 0)
(526 66 63 3/2 0)
(527 45 51 1 1)
(527 55 57 1 1)
(1055/2 64 62 1/2 0)
(528 38 47 1/2 1)
(528 54 56 1/2 1)
(528 62 61 1/2 1)
(528 66 63 1 0)
(1057/2 50 54 1/2 1)
(1057/2 59 59 1/2 1)
(529 49 54 1 1)
(529 58 59 1 1)
(529 67 64 3/2 0)
(530 48 53 1 1)
(530 64 62 1 1)
(1061/2 67 64 1/2 0)
(531 53 56 1/3 1)
(531 57 58 1/2 1)
(531 69 65 1 0)
(1594/3 55 57 1/3 1)
(1063/2 62 61 1/2 1)
(1595/3 53 56 1/3 1)
(532 52 55 1 1)
(532 61 60 1 1)
(532 70 65 3/2 0)
(533 51 54 1 1)
(533 67 63 1 1)
(1067/2 71 66 1/2 0)
(534 56 57 1/3 1)
(534 60 59 1/2 0)
(534 72 66 1 0)
(1603/3 58 58 1/3 1)
(1069/2 65 62 1/2 0)
(1604/3 56 57 1/3 1)
(535 55 57 1 1)
(535 64 62 1 0)
(535 73 67 3/2 0)
(536 54 56 1 1)
(536 70 65 1 0)
(1073/2 74 67 1/2 0)
(537 59 59 1/3 1)
(537 63 61 1/2 0)
(537 75 68 1 0)
(1612/3 61 60 1/3 1)
(1075/2 68 64 1/2 0)
(1613/3 59 59 1/3 1)
(538 58 59 1 1)
(538 67 64 1/2 0)
(538 76 69 3/2 0)
(1077/2 72 67 1/2 0)
(539 57 58 1 1)
(539 73 67 1 0)
(1079/2 77 69 1/2 0)
(540 38 47 1 1)
(540 66 63 1 0)
(540 74 68 1 0)
(540 78 70 1 0)
(541 50 54 1/2 1)
(1083/2 54 56 1/2 1)
(542 52 55 1/2 1)
(542 57 58 1 0)
(542 66 63 1 0)
(1085/2 50 54 1/2 1)
(543 49 54 1 1)
(543 58 59 1/2 1)
(543 67 64 1/2 0)
(1087/2 59 59 1/2 1)
(1087/2 65 63 3/2 0)
(1087/2 68 64 1/2 0)
(544 48 53 1 1)
(544 60 60 1 1)
(544 69 65 3/2 0)
(545 36 46 1 1)
(545 58 59 1 0)
(545 64 62 1 0)
(1091/2 67 64 1/2 0)
(546 41 49 1 1)
(546 57 58 1 1)
(546 65 63 1 0)
(547 53 56 1/2 1)
(547 62 61 2 0)
(1095/2 57 58 1/2 1)
(548 55 57 1/2 1)
(548 69 65 1 0)
(1097/2 53 56 1/2 1)
(549 52 55 2 1)
(549 61 60 2 1)
(549 70 65 1/2 0)
(1099/2 68 64 1/2 0)
(1099/2 71 66 1/2 0)
(550 67 63 2 0)
(550 72 66 3/2 0)
(551 51 54 1 1)
(551 61 60 2 1)
(1103/2 70 65 1/2 0)
(552 44 50 1/2 1)
(552 60 59 1/2 0)
(552 68 64 1 0)
(552 72 66 1 0)
(1105/2 56 57 1/2 1)
(1105/2 65 62 1/2 0)
(553 56 57 1 1)
(553 64 62 1 0)
(553 73 67 3/2 0)
(554 54 56 1 1)
(554 70 65 1 0)
(1109/2 74 67 1/2 0)
(555 59 59 1/3 1)
(555 63 61 1/2 0)
(555 75 68 1 0)
(1666/3 61 60 1/3 1)
(1111/2 68 64 1/2 0)
(1667/3 59 59 1/3 1)
(556 58 59 1 1)
(556 67 64 1 0)
(556 76 69 3/2 0)
(557 57 58 1 1)
(557 73 67 1 0)
(1115/2 77 69 1/2 0)
(558 62 61 1/3 1)
(558 66 63 1/2 0)
(558 78 70 1 0)
(1675/3 64 62 1/3 1)
(1117/2 71 66 1/2 0)
(1676/3 62 61 1/3 1)
(559 61 60 1 1)
(559 69 65 1 0)
(559 80 71 2 0)
(560 64 62 1/3 1)
(560 73 67 1 0)
(1681/3 66 63 1/3 1)
(1682/3 64 62 1/3 1)
(561 63 61 1/2 1)
(561 71 66 1 0)
(561 78 70 1/2 0)
(2247/4 65 62 1/4 1)
(2247/4 80 71 1/4 0)
(562 66 63 1 1)
(562 72 66 1 0)
(562 75 68 1 0)
(562 81 72 2 0)
(563 67 63 1 1)
(563 73 67 4 0)
(564 68 64 3 1)
(564 76 69 3 0)
(564 80 71 3/2 0)
(1131/2 79 70 1/2 0)
(566 80 71 1/2 0)
(1133/2 81 72 1/2 0)
(567 66 63 3 1)
(567 68 64 3 1)
(567 72 66 3 0)
(567 75 68 3 0)
(567 80 71 1/2 0)
(1135/2 79 70 1/2 0)
(568 80 71 1 0)
(569 81 72 1 0)
(570 64 62 3 1)
(570 68 64 3 1)
(570 73 67 3 0)
(570 80 71 3/2 0)
(1143/2 79 70 1/2 0)
(572 80 71 1/2 0)
(1145/2 81 72 1/2 0)
(573 63 61 3 1)
(573 68 64 3 1)
(573 72 66 3 0)
(573 78 70 3 0)
(573 80 71 1/2 0)
(1147/2 79 70 1/2 0)
(574 80 71 1 0)
(575 81 72 1 0)
(576 56 57 1 1)
(576 64 62 1 1)
(576 68 64 1 1)
(576 73 67 1 0)
(576 76 69 1 0)
(576 80 71 3/2 0)
(1155/2 79 70 1/2 0)
(578 80 71 1/2 0)
(1157/2 76 69 1/2 0)
(579 75 68 1/2 0)
(1159/2 73 67 1/2 0)
(580 76 69 1 0)
(581 72 66 1 0)
(582 75 68 3/2 0)
(1167/2 73 67 1/2 0)
(584 64 62 1/2 0)
(1169/2 69 65 1/2 0)
(585 68 64 1/2 0)
(1171/2 56 57 1/2 0)
(586 64 62 1 0)
(587 44 50 1 1)
(587 54 56 1 1)
(587 63 61 1 0)
(588 49 53 12 1)
(588 52 55 1 1)
(588 61 60 4 0)
(589 56 57 1/2 1)
(1179/2 59 59 1/2 1)
(590 57 58 1/2 1)
(1181/2 56 57 1/2 1)
(591 54 56 1/2 1)
(591 63 61 1 0)
(1183/2 51 54 1/2 1)
(592 56 57 3/2 1)
(592 60 59 2 0)
(592 63 61 1 0)
(593 68 64 1 0)
(1187/2 54 56 1/2 1)
(594 52 55 1 1)
(594 61 60 4 0)
(594 68 64 2 0)
(595 56 57 1/2 1)
(1191/2 59 59 1/2 1)
(596 57 58 1/2 1)
(596 66 63 1/2 0)
(1193/2 56 57 1/2 1)
(1193/2 64 62 1/2 0)
(597 54 56 1/2 1)
(597 63 61 1 0)
(1195/2 51 54 1/2 1)
(598 56 57 3/2 1)
(598 60 59 2 0)
(598 63 61 1 0)
(599 68 64 1 0)
(1199/2 54 56 1/2 1)
(600 37 46 1 1)
(600 44 50 1 1)
(600 61 60 3 0)
(600 68 64 3/2 0)
(601 56 57 1/2 1)
(1203/2 59 59 1/2 1)
(1203/2 63 61 1/2 0)
(602 57 58 1/2 1)
(602 66 63 1/2 0)
(1205/2 56 57 1/2 1)
(1205/2 64 62 1/2 0)
(603 54 56 1/2 1)
(603 61 60 1 0)
(603 63 61 1 0)
(1207/2 51 54 1/2 1)
(604 56 57 3/2 1)
(604 60 59 2 0)
(604 63 61 1 0)
(605 68 64 1 0)
(1211/2 54 56 1/2 1)
(606 52 55 1 1)
(606 61 60 3 0)
(606 68 64 1/2 0)
(1213/2 73 67 3/2 0)
(607 56 57 1/2 1)
(1215/2 59 59 1/2 1)
(608 57 58 1/2 1)
(608 73 67 1/2 0)
(1217/2 56 57 1/2 1)
(1217/2 64 62 1/2 0)
(609 54 56 1/2 1)
(609 61 60 1 0)
(609 63 61 1 0)
(1219/2 51 54 1/2 1)
(610 56 57 3/2 1)
(610 60 59 2 0)
(610 63 61 1 0)
(611 64 62 1 0)
(1223/2 56 57 1/2 1)
(612 37 46 1 1)
(612 44 50 1 1)
(612 52 55 1/2 0)
(612 61 60 1/2 0)
(1225/2 68 64 1/2 0)
(613 73 67 3/2 0)
(1229/2 68 64 1/2 0)
(615 73 67 1/2 0)
(1231/2 68 64 1/2 0)
(616 73 67 3/2 0)
(1235/2 61 60 1/2 0)
(618 68 64 1/2 0)
(1237/2 61 60 1/2 0)
(619 73 67 1 0)
(2483/4 32 43 1/4 1)
(2483/4 44 50 1/4 1)
(2483/4 56 57 1/4 0)
(2483/4 68 64 1/4 0)
(621 32 43 1 1)
(621 44 50 1 1)
(621 56 57 1 0)
(621 68 64 1 0)
(622 37 46 1 1)
(622 49 53 1 1)
(622 61 60 1 0)
