(0 38 47 1/2 1)
(0 62 61 1/2 0)
(1 50 54 2 1)
(1 57 58 1/2 1)
(1 60 60 3 0)
(1 66 63 1/2 0)
(3/2 55 57 1/2 1)
(3/2 64 62 1/2 0)
(2 54 56 1/2 1)
(2 62 61 1/2 0)
(5/2 57 58 1/2 1)
(5/2 66 63 1/2 0)
(3 50 54 15/4 1)
(3 69 65 1/2 0)
(15/4 71 66 1/4 0)
(4 60 60 2 0)
(4 62 61 2 1)
(4 66 63 2 0)
(4 72 67 2 0)
(6 43 50 2 1)
(6 62 61 1/2 0)
(6 67 64 1/2 0)
(6 71 66 1/2 0)
(27/4 50 54 1/4 1)
(27/4 60 60 1/4 0)
(27/4 69 65 1/4 0)
(7 55 57 2 1)
(7 59 59 1 0)
(7 67 64 1 0)
(8 43 50 2 1)
(8 59 59 1 0)
(8 62 61 1 0)
(8 71 66 1 0)
(9 49 53 1 1)
(9 58 58 1 1)
(9 64 62 1 0)
(9 67 64 1 0)
(9 76 69 1 0)
(10 43 50 2 1)
(10 50 54 2 1)
(10 59 59 2 1)
(10 62 61 2 0)
(10 67 64 2 0)
(10 74 68 2 0)
(12 38 47 1/2 1)
(12 62 61 1/2 0)
(13 50 54 2 1)
(13 57 58 1/2 1)
(13 60 60 3 0)
(13 66 63 1/2 0)
(27/2 55 57 1/2 1)
(27/2 64 62 1/2 0)
(14 54 56 1/2 1)
(14 62 61 1/2 0)
(29/2 57 58 1/2 1)
(29/2 66 63 1/2 0)
(15 50 54 15/4 1)
(15 69 65 1/2 0)
(63/4 71 66 1/4 0)
(16 60 60 2 0)
(16 62 61 2 1)
(16 66 63 2 0)
(16 72 67 2 0)
(18 43 50 2 1)
(18 62 61 1/2 0)
(18 67 64 1/2 0)
(18 71 66 1/2 0)
(75/4 50 54 1/4 1)
(75/4 60 60 1/4 0)
(75/4 69 65 1/4 0)
(19 55 57 3 1)
(19 59 59 1 0)
(19 67 64 1 0)
(20 48 53 1 1)
(20 60 60 1 0)
(20 64 62 1 0)
(21 43 50 1 1)
(21 59 59 1 0)
(21 62 61 1 0)
(21 67 64 1 0)
(22 48 53 1 1)
(22 55 57 2 1)
(22 60 60 2 0)
(22 64 62 2 0)
(23 45 51 1 1)
(24 38 47 1/2 1)
(24 54 56 1/2 0)
(24 60 60 1/2 0)
(24 62 61 1/2 0)
(25 50 54 2 1)
(25 57 58 1/2 1)
(25 60 60 5/2 0)
(25 66 63 1/2 0)
(51/2 55 57 1/2 1)
(51/2 64 62 1/2 0)
(26 54 56 1/2 1)
(26 62 61 1/2 0)
(53/2 57 58 1/2 1)
(53/2 66 63 1/2 0)
(27 50 54 15/4 1)
(27 69 65 1/2 0)
(111/4 71 66 1/4 0)
(28 60 60 2 0)
(28 62 61 2 1)
(28 66 63 2 0)
(28 72 67 2 0)
(30 43 50 2 1)
(30 62 61 1/2 0)
(30 67 64 1/2 0)
(30 71 66 1/2 0)
(123/4 50 54 1/4 1)
(123/4 60 60 1/4 0)
(123/4 69 65 1/4 0)
(31 55 57 2 1)
(31 59 59 1 0)
(31 67 64 1 0)
(32 43 50 3 1)
(32 59 59 1 0)
(32 62 61 1 0)
(32 71 66 1 0)
(33 59 59 3 1)
(33 65 63 2 0)
(33 76 69 2 0)
(35 44 50 1 1)
(35 65 63 1 0)
(35 71 66 1 0)
(35 74 68 1 0)
(36 45 51 3/4 1)
(36 64 62 3/4 0)
(36 69 65 3/4 0)
(36 72 67 3/4 0)
(147/4 47 52 1/4 1)
(147/4 62 61 1/4 0)
(147/4 68 64 1/4 0)
(147/4 71 66 1/4 0)
(37 48 53 1 1)
(37 64 62 1 0)
(37 69 65 1 0)
(38 50 54 1 1)
(38 62 61 1 0)
(38 65 63 1 0)
(38 71 66 1 0)
(39 52 55 1 1)
(39 60 60 3/4 0)
(39 64 62 3 0)
(39 69 65 3/4 0)
(159/4 59 59 1/4 0)
(159/4 68 64 1/4 0)
(40 40 48 1 1)
(40 62 61 1 0)
(40 71 66 1 0)
(41 45 51 1 1)
(41 60 60 1 0)
(41 69 65 1 0)
(42 50 54 1 1)
(42 62 61 3/4 0)
(42 66 63 1 0)
(42 71 66 3/4 0)
(171/4 60 60 1/4 0)
(171/4 69 65 1/4 0)
(43 55 57 1 1)
(43 59 59 1 0)
(43 67 64 1 0)
(44 48 53 1 1)
(44 60 60 1 0)
(44 64 62 1 0)
(44 69 65 1 0)
(45 50 54 1 1)
(45 59 59 3/4 0)
(45 62 61 3 0)
(45 67 64 3/4 0)
(183/4 57 58 1/4 0)
(183/4 66 63 1/4 0)
(46 38 47 1 1)
(46 60 60 1 0)
(46 69 65 1 0)
(47 43 50 1 1)
(47 59 59 1 0)
(47 67 64 1 0)
(48 40 48 1 1)
(48 70 65 3/4 0)
(195/4 71 66 1/4 0)
(49 52 55 11 1)
(49 55 57 3 1)
(49 64 62 11 0)
(51 66 63 1/2 0)
(103/2 67 64 1/2 0)
(52 55 57 1 1)
(52 71 66 1/3 0)
(157/3 72 67 1/3 0)
(158/3 71 66 1/3 0)
(53 54 56 1/2 1)
(53 69 65 1/2 0)
(107/2 55 57 1/2 1)
(107/2 71 66 1/2 0)
(54 57 58 1/2 1)
(54 72 67 1/2 0)
(109/2 59 59 1/2 1)
(109/2 74 68 1/2 0)
(55 60 60 1 1)
(55 76 69 1 0)
(56 59 59 1/2 1)
(56 74 68 1/2 0)
(113/2 57 58 1/2 1)
(113/2 72 67 1/2 0)
(57 55 57 3/4 1)
(57 71 66 1/2 0)
(231/4 54 56 1/4 1)
(231/4 70 65 1/4 0)
(58 55 57 1 1)
(58 71 66 1 0)
(59 59 59 1 1)
(59 67 64 1 0)
(60 40 48 1 1)
(60 70 65 1/2 0)
(243/4 71 66 1/4 0)
(61 52 55 9 1)
(61 55 57 3 1)
(61 64 62 10 0)
(63 66 63 1/2 0)
(127/2 67 64 1/2 0)
(64 55 57 1 1)
(64 71 66 1/3 0)
(193/3 72 67 1/3 0)
(194/3 71 66 1/3 0)
(65 54 56 1/2 1)
(65 69 65 1/2 0)
(131/2 55 57 1/2 1)
(131/2 71 66 1/2 0)
(66 57 58 1/2 1)
(66 72 67 1/2 0)
(133/2 59 59 1/2 1)
(133/2 74 68 1/2 0)
(67 60 60 1 1)
(67 76 69 1 0)
(68 59 59 1/2 1)
(68 74 68 1/2 0)
(137/2 57 58 1/2 1)
(137/2 72 67 1/2 0)
(69 55 57 1/2 1)
(69 71 66 1/2 0)
(279/4 57 58 1/4 1)
(279/4 72 67 1/4 0)
(70 55 57 1 1)
(70 71 66 1/3 0)
(211/3 72 67 1/3 0)
(212/3 71 66 1/3 0)
(71 45 51 1 1)
(71 52 55 1/2 1)
(71 61 60 1 0)
(71 67 64 1/2 0)
(143/2 55 57 1/2 1)
(143/2 64 62 1/2 0)
(72 38 47 1/2 1)
(72 62 61 1/2 0)
(73 50 54 2 1)
(73 57 58 1/2 1)
(73 60 60 3 0)
(73 66 63 1/2 0)
(147/2 55 57 1/2 1)
(147/2 64 62 1/2 0)
(74 54 56 1/2 1)
(74 62 61 1/2 0)
(149/2 57 58 1/2 1)
(149/2 66 63 1/2 0)
(75 50 54 15/4 1)
(75 69 65 1/2 0)
(303/4 71 66 1/4 0)
(76 60 60 2 0)
(76 62 61 2 1)
(76 66 63 2 0)
(76 72 67 2 0)
(78 43 50 2 1)
(78 62 61 1/2 0)
(78 67 64 1/2 0)
(78 71 66 1/2 0)
(315/4 50 54 1/4 1)
(315/4 60 60 1/4 0)
(315/4 69 65 1/4 0)
(79 55 57 2 1)
(79 59 59 1 0)
(79 67 64 1 0)
(80 43 50 2 1)
(80 59 59 1 0)
(80 62 61 1 0)
(80 71 66 1 0)
(81 49 53 1 1)
(81 58 58 1 1)
(81 64 62 1 0)
(81 67 64 1 0)
(81 76 69 1 0)
(82 43 50 2 1)
(82 50 54 2 1)
(82 59 59 2 1)
(82 62 61 2 0)
(82 67 64 2 0)
(82 74 68 2 0)
(84 38 47 1/2 1)
(84 62 61 1/2 0)
(85 50 54 2 1)
(85 57 58 1/2 1)
(85 60 60 3 0)
(85 66 63 1/2 0)
(171/2 55 57 1/2 1)
(171/2 64 62 1/2 0)
(86 54 56 1/2 1)
(86 62 61 1/2 0)
(173/2 57 58 1/2 1)
(173/2 66 63 1/2 0)
(87 50 54 15/4 1)
(87 69 65 1/2 0)
(351/4 71 66 1/4 0)
(88 60 60 2 0)
(88 62 61 2 1)
(88 66 63 2 0)
(88 72 67 2 0)
(90 43 50 2 1)
(90 62 61 1/2 0)
(90 67 64 1/2 0)
(90 71 66 1/2 0)
(363/4 50 54 1/4 1)
(363/4 60 60 1/4 0)
(363/4 69 65 1/4 0)
(91 55 57 3 1)
(91 59 59 1 0)
(91 67 64 1 0)
(92 48 53 1 1)
(92 60 60 1 0)
(92 64 62 1 0)
(93 43 50 1 1)
(93 59 59 1 0)
(93 62 61 1 0)
(93 67 64 1 0)
(94 48 53 1 1)
(94 55 57 2 1)
(94 60 60 2 0)
(94 64 62 2 0)
(95 45 51 1 1)
(96 38 47 1/2 1)
(96 54 56 1 1)
(96 60 60 1/2 0)
(96 62 61 1/2 0)
(97 50 54 2 1)
(97 57 58 1/2 1)
(97 60 60 3 0)
(97 66 63 1/2 0)
(195/2 55 57 1/2 1)
(195/2 64 62 1/2 0)
(98 54 56 1/2 1)
(98 62 61 1/2 0)
(197/2 57 58 1/2 1)
(197/2 66 63 1/2 0)
(99 50 54 15/4 1)
(99 69 65 1/2 0)
(399/4 71 66 1/4 0)
(100 60 60 2 0)
(100 62 61 2 1)
(100 66 63 2 0)
(100 72 67 2 0)
(102 43 50 2 1)
(102 62 61 1/2 0)
(102 67 64 1/2 0)
(102 71 66 1/2 0)
(411/4 50 54 1/4 1)
(411/4 60 60 1/4 0)
(411/4 69 65 1/4 0)
(103 55 57 2 1)
(103 59 59 1 0)
(103 67 64 1 0)
(104 43 50 3 1)
(104 59 59 1 0)
(104 62 61 1 0)
(104 71 66 1 0)
(105 59 59 3 1)
(105 65 63 2 0)
(105 76 69 2 0)
(107 44 50 1 1)
(107 65 63 1 0)
(107 71 66 1 0)
(107 74 68 1 0)
(108 45 51 3/4 1)
(108 64 62 3/4 0)
(108 69 65 3/4 0)
(108 72 67 3/4 0)
(435/4 47 52 1/4 1)
(435/4 62 61 1/4 0)
(435/4 68 64 1/4 0)
(435/4 71 66 1/4 0)
(109 48 53 1 1)
(109 64 62 1 0)
(109 69 65 1 0)
(110 50 54 1 1)
(110 62 61 1 0)
(110 65 63 1 0)
(110 71 66 1 0)
(111 52 55 1 1)
(111 60 60 3/4 0)
(111 64 62 3 0)
(111 69 65 3/4 0)
(447/4 59 59 1/4 0)
(447/4 68 64 1/4 0)
(112 40 48 1 1)
(112 62 61 1 0)
(112 71 66 1 0)
(113 45 51 1 1)
(113 60 60 1 0)
(113 69 65 1 0)
(114 50 54 1 1)
(114 62 61 3/4 0)
(114 66 63 1 0)
(114 71 66 3/4 0)
(459/4 60 60 1/4 0)
(459/4 69 65 1/4 0)
(115 55 57 1 1)
(115 59 59 1 0)
(115 67 64 1 0)
(116 48 53 1 1)
(116 60 60 1 0)
(116 64 62 1 0)
(116 69 65 1 0)
(117 50 54 1 1)
(117 59 59 3/4 0)
(117 62 61 3 0)
(117 67 64 3/4 0)
(471/4 57 58 1/4 0)
(471/4 66 63 1/4 0)
(118 38 47 1 1)
(118 60 60 1 0)
(118 69 65 1 0)
(119 43 50 1 1)
(119 59 59 1 0)
(119 67 64 1 0)
(120 56 58 1/2 1)
(241/2 55 57 1/2 1)
(121 51 55 1 1)
(121 60 60 1 0)
(121 63 62 1 0)
(121 67 64 5 0)
(122 48 53 1/2 1)
(122 60 60 1 0)
(122 63 62 1 0)
(245/2 51 55 1/2 1)
(123 43 50 1/2 1)
(247/2 50 54 1/2 1)
(124 55 57 1 1)
(124 60 60 1 0)
(124 62 61 1 0)
(125 54 56 1/2 1)
(125 59 59 1 0)
(125 62 61 1 0)
(251/2 55 57 1/2 1)
(126 56 58 1/2 1)
(253/2 55 57 1/2 1)
(127 51 55 1 1)
(127 60 60 1 0)
(127 63 62 1 0)
(127 67 64 1 0)
(128 48 53 1/2 1)
(128 63 62 2 0)
(128 69 65 1 0)
(257/2 53 56 1/2 1)
(129 46 52 1/2 1)
(129 70 66 4 0)
(259/2 53 56 1/2 1)
(130 58 59 2 1)
(130 62 61 1 0)
(131 62 61 1 0)
(131 68 65 1 0)
(132 60 60 1/2 1)
(265/2 58 59 1/2 1)
(133 55 57 1 1)
(133 63 62 1 0)
(133 67 64 1 0)
(133 70 66 1 0)
(134 51 55 1/2 1)
(134 67 64 2 0)
(134 72 67 1 0)
(269/2 57 58 1/2 1)
(135 50 54 1/2 1)
(135 74 68 9/2 0)
(271/2 57 58 1/2 1)
(136 62 61 1 1)
(136 66 63 1 0)
(137 61 60 1/2 1)
(137 66 63 1 0)
(137 69 65 1 0)
(275/2 62 61 1/2 1)
(138 63 62 1/2 1)
(277/2 62 61 1/2 1)
(139 58 59 1 1)
(139 67 64 1 0)
(139 70 66 1 0)
(279/2 74 68 1/2 0)
(140 55 57 1/2 1)
(140 67 64 1 0)
(140 70 66 1 0)
(140 75 69 3/4 0)
(281/2 58 59 1/2 1)
(563/4 74 68 1/4 0)
(141 50 54 1/2 1)
(141 67 64 1 0)
(141 69 65 1 0)
(141 74 68 1 0)
(283/2 57 58 1/2 1)
(142 62 61 5/2 1)
(142 66 63 1 0)
(142 69 65 8 0)
(143 66 63 1 0)
(144 64 62 1 0)
(144 67 64 1 0)
(289/2 61 60 1/2 1)
(145 57 58 1 1)
(145 64 62 1 0)
(145 67 64 1 0)
(146 62 61 3/2 1)
(146 66 63 1 0)
(147 64 62 1 0)
(147 67 64 1 0)
(295/2 61 60 1/2 1)
(148 57 58 1 1)
(148 64 62 1 0)
(148 67 64 1 0)
(149 62 61 3/4 1)
(149 66 63 1 0)
(599/4 60 60 1/4 1)
(150 60 60 1/2 1)
(150 62 61 1 0)
(150 65 63 1 0)
(150 67 64 1 0)
(301/2 59 59 1/2 1)
(151 55 57 1 1)
(151 62 61 1 0)
(151 65 63 1 0)
(151 67 64 1 0)
(152 60 60 3/4 1)
(152 64 62 1 0)
(611/4 59 59 1/4 1)
(153 59 59 1/2 1)
(153 64 62 1 0)
(153 66 63 1 0)
(307/2 58 58 1/2 1)
(154 54 56 1 1)
(154 61 60 1 0)
(154 64 62 1 0)
(154 66 63 1 0)
(155 59 59 1 1)
(155 63 61 1 0)
(155 66 63 1 0)
(156 40 48 1 1)
(156 52 55 3 1)
(156 62 61 1/2 0)
(156 64 62 1/2 0)
(156 68 64 1/2 0)
(627/4 69 65 1/4 0)
(157 62 61 2 0)
(157 64 62 2 1)
(157 68 64 2 0)
(157 71 66 1 0)
(158 72 67 3/4 0)
(635/4 71 66 1/4 0)
(159 45 51 3 1)
(159 60 60 1 0)
(159 71 66 3/4 0)
(319/2 52 55 1/2 1)
(639/4 69 65 1/4 0)
(160 60 60 3 1)
(160 67 64 2 0)
(160 76 69 5/2 0)
(162 50 54 9 1)
(162 66 63 5 0)
(325/2 74 68 1/2 0)
(163 64 62 1 1)
(163 72 67 1 0)
(164 62 61 3/4 1)
(164 71 66 3/4 0)
(659/4 60 60 1/4 1)
(659/4 69 65 1/4 0)
(165 59 59 1 1)
(165 68 64 1 0)
(166 60 60 1 1)
(166 69 65 1 0)
(167 55 57 1 1)
(167 60 60 5 0)
(167 64 62 1/3 0)
(502/3 66 63 1/3 0)
(503/3 64 62 1/3 0)
(168 54 56 1 1)
(168 62 61 1 0)
(169 57 58 1/2 1)
(169 66 63 1/2 0)
(339/2 55 57 1/2 1)
(339/2 64 62 1/2 0)
(170 54 56 1/2 1)
(170 62 61 1/2 0)
(341/2 57 58 1/2 1)
(341/2 66 63 1/2 0)
(171 50 54 15/4 1)
(171 69 65 1/2 0)
(687/4 71 66 1/4 0)
(172 60 60 2 0)
(172 62 61 2 1)
(172 66 63 2 0)
(172 72 67 2 0)
(174 43 50 2 1)
(174 62 61 1/2 0)
(174 67 64 1/2 0)
(174 71 66 1/2 0)
(699/4 50 54 1/4 1)
(699/4 60 60 1/4 0)
(699/4 69 65 1/4 0)
(175 55 57 2 1)
(175 59 59 1 0)
(175 67 64 1 0)
(176 43 50 2 1)
(176 59 59 1 0)
(176 62 61 1 0)
(176 71 66 1 0)
(177 49 53 1 1)
(177 58 58 1 1)
(177 64 62 1 0)
(177 67 64 1 0)
(177 76 69 1 0)
(178 43 50 2 1)
(178 50 54 2 1)
(178 59 59 2 1)
(178 62 61 2 0)
(178 67 64 2 0)
(178 74 68 2 0)
(180 38 47 1/2 1)
(180 62 61 1/2 0)
(181 50 54 2 1)
(181 57 58 1/2 1)
(181 60 60 3 0)
(181 66 63 1/2 0)
(363/2 55 57 1/2 1)
(363/2 64 62 1/2 0)
(182 54 56 1/2 1)
(182 62 61 1/2 0)
(365/2 57 58 1/2 1)
(365/2 66 63 1/2 0)
(183 50 54 15/4 1)
(183 69 65 1/2 0)
(735/4 71 66 1/4 0)
(184 60 60 2 0)
(184 62 61 2 1)
(184 66 63 2 0)
(184 72 67 2 0)
(186 43 50 2 1)
(186 62 61 1/2 0)
(186 67 64 1/2 0)
(186 71 66 1/2 0)
(747/4 50 54 1/4 1)
(747/4 60 60 1/4 0)
(747/4 69 65 1/4 0)
(187 55 57 3 1)
(187 59 59 1 0)
(187 67 64 1 0)
(188 48 53 1 1)
(188 60 60 1 0)
(188 64 62 1 0)
(189 43 50 1 1)
(189 59 59 1 0)
(189 62 61 1 0)
(189 67 64 1 0)
(190 48 53 1 1)
(190 55 57 2 1)
(190 60 60 5/2 0)
(190 64 62 2 0)
(191 45 51 1 1)
(192 38 47 1/2 1)
(192 54 56 1/2 1)
(192 62 61 1/2 0)
(193 50 54 2 1)
(193 57 58 1/2 1)
(193 60 60 3 0)
(193 66 63 1/2 0)
(387/2 55 57 1/2 1)
(387/2 64 62 1/2 0)
(194 54 56 1/2 1)
(194 62 61 1/2 0)
(389/2 57 58 1/2 1)
(389/2 66 63 1/2 0)
(195 50 54 15/4 1)
(195 69 65 1/2 0)
(783/4 71 66 1/4 0)
(196 60 60 2 0)
(196 62 61 2 1)
(196 66 63 2 0)
(196 72 67 2 0)
(198 43 50 2 1)
(198 62 61 1/2 0)
(198 67 64 1/2 0)
(198 71 66 1/2 0)
(795/4 50 54 1/4 1)
(795/4 60 60 1/4 0)
(795/4 69 65 1/4 0)
(199 55 57 2 1)
(199 59 59 1 0)
(199 67 64 1 0)
(200 43 50 3 1)
(200 59 59 1 0)
(200 62 61 1 0)
(200 71 66 1 0)
(201 59 59 3 1)
(201 65 63 2 0)
(201 76 69 2 0)
(203 44 50 1 1)
(203 65 63 1 0)
(203 71 66 1 0)
(203 74 68 1 0)
(204 45 51 3/4 1)
(204 64 62 3/4 0)
(204 69 65 3/4 0)
(204 72 67 3/4 0)
(819/4 47 52 1/4 1)
(819/4 62 61 1/4 0)
(819/4 68 64 1/4 0)
(819/4 71 66 1/4 0)
(205 48 53 1 1)
(205 64 62 1 0)
(205 69 65 1 0)
(206 50 54 1 1)
(206 62 61 1 0)
(206 65 63 1 0)
(206 71 66 1 0)
(207 52 55 1 1)
(207 60 60 3/4 0)
(207 64 62 3 0)
(207 69 65 3/4 0)
(831/4 59 59 1/4 0)
(831/4 68 64 1/4 0)
(208 40 48 1 1)
(208 62 61 1 0)
(208 71 66 1 0)
(209 45 51 1 1)
(209 60 60 1 0)
(209 69 65 1 0)
(210 50 54 1 1)
(210 62 61 3/4 0)
(210 66 63 1 0)
(210 71 66 3/4 0)
(843/4 60 60 1/4 0)
(843/4 69 65 1/4 0)
(211 55 57 1 1)
(211 59 59 1 0)
(211 67 64 1 0)
(212 48 53 1 1)
(212 60 60 1 0)
(212 64 62 1 0)
(212 69 65 1 0)
(213 50 54 1 1)
(213 59 59 3/4 0)
(213 62 61 3 0)
(213 67 64 3/4 0)
(855/4 57 58 1/4 0)
(855/4 66 63 1/4 0)
(214 38 47 1 1)
(214 60 60 1 0)
(214 69 65 1 0)
(215 43 50 1 1)
(215 59 59 1 0)
(215 67 64 1 0)
(216 43 50 3 1)
(216 51 55 1 1)
(216 58 59 3 0)
(216 63 62 1 0)
(217 51 55 1 1)
(217 63 62 1 0)
(218 51 55 1 1)
(218 63 62 1 0)
(219 43 50 3 1)
(219 51 55 3/4 1)
(219 59 59 3 0)
(219 63 62 3/4 0)
(879/4 50 54 1/4 1)
(879/4 62 61 1/4 0)
(220 49 53 1 1)
(220 61 60 1 0)
(221 50 54 1 1)
(221 62 61 1 0)
(222 43 50 1 1)
(222 51 55 3/4 1)
(222 58 59 1 0)
(222 63 62 3/4 0)
(891/4 53 56 1/4 1)
(891/4 65 63 1/4 0)
(223 43 50 1 1)
(223 55 57 1 1)
(223 58 59 1 0)
(223 67 64 1 0)
(224 43 50 1 1)
(224 53 56 3/4 1)
(224 58 59 1 0)
(224 65 63 3/4 0)
(899/4 51 55 1/4 1)
(899/4 63 62 1/4 0)
(225 43 50 3 1)
(225 51 55 3/4 1)
(225 59 59 3 0)
(225 63 62 3/4 0)
(903/4 50 54 1/4 1)
(903/4 62 61 1/4 0)
(226 49 53 1 1)
(226 61 60 1 0)
(227 50 54 1 1)
(227 62 61 1 0)
(228 50 54 3 1)
(228 59 59 1/2 0)
(228 65 63 1/2 0)
(228 68 64 1/2 0)
(915/4 60 60 1/4 0)
(915/4 66 63 1/4 0)
(915/4 69 65 1/4 0)
(229 56 57 1 1)
(229 62 61 2 0)
(229 65 63 1 0)
(229 71 66 1 0)
(230 57 58 1 1)
(230 66 63 1 0)
(230 72 67 1 0)
(231 55 57 2 1)
(231 58 58 3/4 1)
(231 67 64 1 0)
(231 73 67 3/4 0)
(927/4 59 59 1/4 1)
(927/4 74 68 1/4 0)
(232 62 61 5 1)
(232 71 66 3/2 0)
(232 79 71 3/2 0)
(233 55 57 1 1)
(467/2 67 64 1/2 0)
(467/2 71 66 1/2 0)
(234 50 54 3 1)
(234 59 59 1/2 1)
(234 65 63 1/2 0)
(234 68 64 1/2 0)
(939/4 60 60 1/4 1)
(939/4 66 63 1/4 0)
(939/4 69 65 1/4 0)
(235 56 57 1 1)
(235 65 63 1 0)
(235 71 66 1 0)
(236 57 58 1 1)
(236 66 63 1 0)
(236 72 67 1 0)
(237 55 57 2 1)
(237 61 60 3/4 1)
(237 70 65 3/4 0)
(237 76 69 3/4 0)
(951/4 62 61 1/4 1)
(951/4 71 66 1/4 0)
(951/4 74 68 1/4 0)
(238 67 64 1 1)
(238 71 66 3/4 0)
(238 83 73 3/4 0)
(955/4 79 71 1/4 0)
(239 74 68 1/3 0)
(718/3 71 66 1/3 0)
(719/3 67 64 1/3 0)
(240 43 50 3 1)
(240 51 55 1 1)
(240 63 62 1 0)
(240 70 66 3 0)
(240 75 69 1 0)
(241 51 55 1 1)
(241 63 62 1 0)
(241 75 69 1 0)
(242 51 55 1 1)
(242 63 62 1 0)
(242 75 69 1 0)
(243 43 50 3 1)
(243 51 55 3/4 1)
(243 63 62 3/4 0)
(243 71 66 3 0)
(243 75 69 3/4 0)
(975/4 50 54 1/4 1)
(975/4 62 61 1/4 0)
(975/4 74 68 1/4 0)
(244 49 53 1 1)
(244 61 60 1 0)
(244 73 67 1 0)
(245 50 54 1 1)
(245 62 61 1 0)
(245 74 68 1 0)
(246 43 50 1 1)
(246 51 55 3/4 1)
(246 63 62 3/4 0)
(246 70 66 1 0)
(246 75 69 3/4 0)
(987/4 53 56 1/4 1)
(987/4 65 63 1/4 0)
(987/4 77 70 1/4 0)
(247 43 50 1 1)
(247 55 57 1 1)
(247 67 64 1 0)
(247 70 66 1 0)
(247 79 71 1 0)
(248 43 50 1 1)
(248 53 56 3/4 1)
(248 65 63 3/4 0)
(248 70 66 1 0)
(248 77 70 3/4 0)
(995/4 51 55 1/4 1)
(995/4 63 62 1/4 0)
(995/4 75 69 1/4 0)
(249 43 50 3 1)
(249 51 55 3/4 1)
(249 63 62 3/4 0)
(249 71 66 3 0)
(249 75 69 3/4 0)
(999/4 50 54 1/4 1)
(999/4 62 61 1/4 0)
(999/4 74 68 1/4 0)
(250 49 53 1 1)
(250 61 60 1 0)
(250 73 67 1 0)
(251 50 54 1 1)
(251 62 61 1 0)
(251 74 68 1 0)
(252 38 47 1/2 1)
(252 50 54 4 1)
(252 59 59 1/2 0)
(252 65 63 1/2 0)
(252 68 64 1/2 0)
(1011/4 60 60 1/4 1)
(1011/4 66 63 1/4 0)
(1011/4 69 65 1/4 0)
(253 56 57 1 1)
(253 65 63 1 0)
(253 71 66 1 0)
(254 57 58 1 1)
(254 66 63 1 0)
(254 72 67 1 0)
(255 58 59 3/4 1)
(255 67 64 3/4 0)
(255 73 67 3/4 0)
(1023/4 61 60 1/4 1)
(1023/4 70 66 1/4 0)
(1023/4 76 69 1/4 0)
(256 64 62 1 0)
(256 73 67 1 0)
(256 79 71 1 0)
(257 67 64 1 0)
(257 76 69 1 0)
(257 82 73 1 0)
(258 64 62 3/4 0)
(258 73 67 3/4 0)
(258 79 71 3/4 0)
(1035/4 61 60 1/4 0)
(1035/4 70 66 1/4 0)
(1035/4 76 69 1/4 0)
(259 58 59 1 1)
(259 67 64 1 0)
(259 73 67 1 0)
(260 55 57 1 1)
(260 64 62 1 0)
(260 70 66 1 0)
(261 50 54 3 1)
(261 58 58 3/4 1)
(261 64 62 3/4 0)
(261 67 64 3/4 0)
(261 76 69 3/4 0)
(1047/4 59 59 1/4 1)
(1047/4 62 61 1/4 0)
(1047/4 67 64 1/4 0)
(1047/4 74 68 1/4 0)
(262 57 58 1 1)
(262 62 61 1 0)
(262 66 63 1 0)
(262 72 67 1 0)
(263 60 60 1 0)
(263 62 61 1 1)
(263 66 63 1 0)
(264 43 50 1 1)
(264 59 59 1 1)
(264 67 64 8 0)
(265 47 52 1/2 1)
(265 55 57 1 1)
(265 62 61 1 0)
(265 65 63 1 0)
(531/2 45 51 1/2 1)
(266 43 50 1/2 1)
(266 55 57 1 1)
(266 62 61 1 0)
(266 65 63 1 0)
(533/2 47 52 1/2 1)
(267 48 53 3/4 1)
(267 55 57 1 0)
(267 62 61 1 0)
(267 63 62 1 0)
(1071/4 51 55 1/4 1)
(268 55 57 2 1)
(268 60 60 1 0)
(268 63 62 1 0)
(269 60 60 1 0)
(269 63 62 1 0)
(270 43 50 1 1)
(270 60 60 1 0)
(270 62 61 1 0)
(271 50 54 1/2 1)
(271 59 59 1 0)
(271 62 61 1 0)
(543/2 59 59 1/2 1)
(272 55 57 1/2 1)
(272 67 64 1 0)
(272 71 66 1 0)
(545/2 64 62 1/2 1)
(273 62 61 3/4 1)
(273 67 64 1 0)
(273 72 67 1 0)
(1095/4 57 58 1/4 1)
(274 50 54 2 1)
(274 66 63 1 0)
(274 72 67 1 0)
(275 62 61 1 0)
(275 66 63 1 0)
(275 72 67 1/3 0)
(826/3 74 68 1/3 0)
(827/3 72 67 1/3 0)
(276 43 50 1 1)
(276 62 61 1 0)
(276 67 64 1 0)
(276 71 66 1 0)
(277 47 52 1/2 1)
(277 62 61 1 0)
(277 65 63 1 0)
(277 67 64 1 0)
(555/2 45 51 1/2 1)
(278 43 50 1/2 1)
(278 62 61 1 0)
(278 65 63 1 0)
(278 67 64 1 0)
(557/2 47 52 1/2 1)
(279 48 53 3/4 1)
(279 62 61 1 0)
(279 63 62 1 0)
(279 67 64 5 0)
(1119/4 51 55 1/4 1)
(280 55 57 2 1)
(280 60 60 1 0)
(280 63 62 1 0)
(281 60 60 1 0)
(281 63 62 1 0)
(282 43 50 1 1)
(282 60 60 1 0)
(282 62 61 1 0)
(283 50 54 1/2 1)
(283 59 59 1 0)
(283 62 61 1 0)
(567/2 59 59 1/2 1)
(284 55 57 1/2 1)
(284 67 64 1 0)
(284 71 66 1 0)
(569/2 64 62 1/2 1)
(285 62 61 3/4 1)
(285 67 64 1 0)
(285 72 67 1 0)
(1143/4 57 58 1/4 1)
(286 50 54 2 1)
(286 66 63 1 0)
(286 72 67 1 0)
(287 62 61 1 0)
(287 66 63 1 0)
(287 72 67 1/3 0)
(862/3 74 68 1/3 0)
(863/3 72 67 1/3 0)
(288 43 50 1 1)
(288 62 61 1 0)
(288 67 64 1 0)
(288 71 66 2 0)
(289 50 54 1/2 1)
(289 62 61 1 0)
(289 67 64 1 0)
(579/2 59 59 1/2 1)
(290 55 57 1/2 1)
(290 67 64 1 0)
(290 71 66 1 0)
(581/2 64 62 1/2 1)
(291 60 60 1 0)
(291 62 61 3/4 1)
(291 66 63 1 0)
(291 71 66 1 0)
(1167/4 57 58 1/4 1)
(292 50 54 2 1)
(292 60 60 1 0)
(292 66 63 1 0)
(292 69 65 1 0)
(293 60 60 1 0)
(293 66 63 1 0)
(293 69 65 1/3 0)
(880/3 71 66 1/3 0)
(881/3 69 65 1/3 0)
(294 43 50 1 1)
(294 60 60 1 0)
(294 67 64 1 0)
(295 50 54 1/2 1)
(295 59 59 1 0)
(295 62 61 1 0)
(591/2 59 59 1/2 1)
(296 55 57 1/2 1)
(296 59 59 1 0)
(296 62 61 1 0)
(593/2 64 62 1/2 1)
(297 54 56 1 0)
(297 60 60 1 0)
(297 62 61 1 0)
(595/2 57 58 1/2 1)
(298 50 54 2 1)
(298 54 56 1 0)
(298 60 60 1 0)
(298 62 61 1 0)
(299 54 56 1 0)
(299 60 60 1 0)
(299 62 61 1/3 0)
(898/3 64 62 1/3 0)
(899/3 62 61 16/3 0)
(300 55 57 1 0)
(300 59 59 1/2 1)
(601/2 50 54 1/2 1)
(301 43 50 1 1)
(301 55 57 1 0)
(302 55 57 1 0)
(302 59 59 1/2 1)
(605/2 50 54 1/2 1)
(303 43 50 2 1)
(303 55 57 1 1)
(304 55 57 1 1)
(305 36 46 1 1)
(305 55 57 1 1)
(305 60 60 1 1)
(305 63 62 1 0)
(306 31 43 1 1)
(306 55 57 2 1)
(306 60 60 1/2 0)
(306 64 62 1/2 0)
(613/2 62 61 1/2 0)
(307 59 59 1 0)
(307 62 61 1 0)
(308 55 57 1 1)
(308 62 61 1 1)
(308 67 64 1 0)
(308 71 66 1 0)
(308 79 71 1 0)
(309 67 64 3 1)
(309 74 68 3 1)
(309 79 71 3 0)
(309 83 73 3 0)
(309 91 78 3 0)
