(0 39 48 5/2 1)
(0 51 55 1 1)
(0 55 57 1 0)
(0 61 61 1 0)
(0 63 62 1 0)
(1 51 55 2 1)
(1 56 58 2 0)
(1 61 61 2 0)
(1 65 63 2 0)
(5/2 38 47 1/2 1)
(3 39 48 5/2 1)
(3 51 55 1 1)
(3 55 57 1 0)
(3 61 61 1 0)
(3 63 62 1 0)
(4 51 55 2 1)
(4 55 57 2 0)
(4 61 61 2 0)
(4 67 64 2 0)
(11/2 38 47 1/2 1)
(6 39 48 5/2 1)
(6 51 55 1 1)
(6 55 57 1 0)
(6 61 61 1 0)
(6 63 62 1 0)
(7 51 55 2 1)
(7 56 58 2 0)
(7 61 61 2 0)
(7 65 63 2 0)
(17/2 38 47 1/2 1)
(9 39 48 5/2 1)
(9 51 55 1 1)
(9 55 57 1 0)
(9 61 61 1 0)
(9 63 62 1 0)
(10 51 55 2 1)
(10 55 57 2 0)
(10 61 61 2 0)
(10 70 66 2 0)
(23/2 38 47 1/2 1)
(12 39 48 5/2 1)
(12 51 55 1 1)
(12 55 57 1 0)
(12 61 61 1 0)
(12 63 62 1 0)
(13 51 55 2 1)
(13 56 58 2 0)
(13 61 61 2 0)
(13 65 63 2 0)
(29/2 38 47 1/2 1)
(15 39 48 1 1)
(15 51 55 1 1)
(15 55 57 1 0)
(15 61 61 1 0)
(15 63 62 1 0)
(16 51 55 2 1)
(16 58 59 2 1)
(16 67 64 2 0)
(16 73 68 2 0)
(18 51 55 1 1)
(18 63 62 1 1)
(18 67 64 1 0)
(18 72 67 1 0)
(19 51 55 5 1)
(19 61 61 5 1)
(19 67 64 4 0)
(19 70 66 4 0)
(23 71 66 1 0)
(24 44 51 1 1)
(24 72 67 1/2 0)
(49/2 73 68 1/2 0)
(25 51 55 1 1)
(25 60 60 1 1)
(25 68 65 1 1)
(25 75 69 3/2 0)
(53/2 77 70 1/2 0)
(27 39 48 1 1)
(27 75 69 1/2 0)
(55/2 74 68 1/2 0)
(28 61 61 1 1)
(28 67 64 1 1)
(28 73 68 3/2 0)
(29 61 61 1 1)
(29 67 64 1 1)
(59/2 72 67 1/2 0)
(30 51 55 1 1)
(30 70 66 1/2 0)
(61/2 69 65 1/2 0)
(31 61 61 1 1)
(31 63 62 1 1)
(31 70 66 1/2 0)
(63/2 72 67 1/2 0)
(32 61 61 1 1)
(32 63 62 1 1)
(32 67 64 1 0)
(33 44 51 1 1)
(33 68 65 1/2 0)
(135/4 67 64 1/4 0)
(34 51 55 1 1)
(34 60 60 1 1)
(34 68 65 1 0)
(35 60 60 1 0)
(36 41 49 1 1)
(36 68 65 1/2 0)
(73/2 70 66 1/2 0)
(37 56 58 1 1)
(37 65 63 1 1)
(37 72 67 3/2 0)
(38 56 58 1 1)
(38 60 60 1 1)
(38 65 63 1 1)
(77/2 73 68 1/2 0)
(39 48 53 1 1)
(39 72 67 1/2 0)
(79/2 71 66 1/2 0)
(40 58 59 1 1)
(40 64 62 1 1)
(40 70 66 3/2 0)
(41 58 59 1 1)
(41 64 62 1 1)
(83/2 68 65 1/2 0)
(42 48 53 1 1)
(42 67 64 1/2 0)
(85/2 65 63 1/2 0)
(43 58 59 1 1)
(43 60 60 1 1)
(43 67 64 1/2 0)
(87/2 68 65 1/2 0)
(44 58 59 1 1)
(44 60 60 1 1)
(44 64 62 1 0)
(45 41 49 1 1)
(45 65 63 2 0)
(183/4 77 70 1/4 0)
(46 49 54 1 1)
(46 56 58 1 1)
(46 61 61 1 1)
(46 75 69 3/2 0)
(47 43 50 1 1)
(47 51 55 2 1)
(47 63 62 1 0)
(95/2 73 68 1/2 0)
(48 44 51 1 1)
(48 72 67 1/2 0)
(97/2 73 68 1/2 0)
(49 60 60 1 1)
(49 68 65 1 1)
(49 75 69 1 0)
(50 79 71 1/2 0)
(101/2 77 70 1/2 0)
(51 39 48 1 1)
(51 75 69 1/2 0)
(103/2 74 68 1/2 0)
(52 61 61 1 1)
(52 67 64 1 1)
(52 73 68 3/2 0)
(53 61 61 2 1)
(53 67 64 1 1)
(107/2 72 67 1/2 0)
(54 51 55 2 1)
(54 70 66 1/2 0)
(109/2 69 65 1/2 0)
(55 61 61 2 1)
(55 70 66 1/2 0)
(111/2 72 67 1/2 0)
(56 52 55 1 1)
(56 67 64 1 0)
(57 53 56 2 1)
(57 68 65 1/2 0)
(231/4 67 64 1/4 0)
(58 56 58 1 1)
(58 60 60 1 1)
(58 68 65 1 0)
(59 56 58 1 1)
(59 60 60 1 1)
(59 64 62 1 0)
(60 49 54 1 1)
(60 65 63 3/4 0)
(243/4 67 64 1/4 0)
(61 55 57 1 1)
(61 58 59 1 1)
(61 65 63 1 1)
(61 68 65 1 0)
(62 55 57 1 1)
(62 58 59 1 1)
(62 65 63 1 1)
(62 70 66 1 0)
(63 48 53 1 1)
(63 72 67 3/4 0)
(255/4 73 68 1/4 0)
(64 58 59 1 1)
(64 64 62 1 1)
(64 72 67 3/2 0)
(65 58 59 1 1)
(65 64 62 1 1)
(131/2 67 64 1/2 0)
(66 49 54 1 1)
(66 65 63 1/2 0)
(133/2 64 62 1/2 0)
(67 55 57 1 1)
(67 58 59 1 1)
(67 65 63 1/2 0)
(135/2 67 64 1/2 0)
(68 55 57 1 1)
(68 58 59 1 1)
(68 65 63 1 1)
(68 68 65 1/2 0)
(137/2 70 66 1/2 0)
(69 48 53 1 1)
(69 72 67 1/2 0)
(139/2 73 68 1/2 0)
(70 55 57 1 1)
(70 64 62 1 1)
(70 72 67 3/2 0)
(71 48 53 1 1)
(143/2 71 66 1/2 0)
(72 49 54 3 1)
(72 70 66 1/3 0)
(217/3 72 67 1/3 0)
(218/3 70 66 1/3 0)
(73 55 57 1 1)
(73 63 62 1 1)
(73 69 65 1/2 0)
(147/2 70 66 1/2 0)
(74 55 57 1 1)
(74 63 62 1 1)
(74 72 67 1/2 0)
(149/2 73 68 1/2 0)
(75 48 53 1 1)
(75 77 70 1/2 0)
(151/2 75 69 1/2 0)
(76 56 58 1 1)
(76 63 62 1 1)
(76 80 72 2 0)
(77 53 56 1 1)
(78 51 55 1 1)
(78 69 65 1/2 0)
(157/2 70 66 1/2 0)
(79 58 59 1 1)
(79 62 61 1 1)
(79 68 65 1 1)
(79 79 71 1/2 0)
(159/2 77 70 1/2 0)
(80 58 59 1 1)
(80 61 61 1 1)
(80 67 64 1 1)
(80 75 69 1/2 0)
(161/2 63 62 1/2 0)
(81 44 51 1 1)
(81 73 68 1/2 0)
(163/2 72 67 1/2 0)
(82 51 55 1 1)
(82 60 60 1 1)
(82 68 65 2 0)
(83 46 52 1 1)
(84 48 53 1 1)
(84 58 59 1 0)
(84 64 62 1 0)
(84 67 64 1 0)
(85 72 67 3/2 0)
(86 60 60 2 1)
(173/2 70 66 1/2 0)
(87 68 65 3/4 0)
(351/4 67 64 1/4 0)
(88 60 60 1 1)
(88 68 65 1 0)
(89 53 56 1 1)
(89 56 58 1 1)
(89 61 61 1 1)
(89 65 63 1 0)
(90 64 62 1/2 0)
(181/2 65 63 1/2 0)
(91 58 59 1 1)
(91 61 61 3 1)
(91 67 64 1 0)
(92 48 53 1 1)
(92 68 65 1/2 0)
(185/2 67 64 1/2 0)
(93 65 63 1/2 0)
(187/2 64 62 1/2 0)
(94 56 58 1 1)
(94 59 59 1 1)
(94 65 63 1 0)
(95 48 53 1 1)
(95 62 61 1 0)
(96 67 64 3/4 0)
(387/4 60 60 1/4 0)
(97 55 57 1 1)
(97 64 62 1 1)
(97 72 67 3/2 0)
(98 48 53 1 1)
(197/2 70 66 1/2 0)
(99 41 49 1 1)
(99 68 65 3/4 0)
(399/4 67 64 1/4 0)
(100 56 58 1 1)
(100 60 60 1 1)
(100 68 65 1 0)
(101 56 58 1 1)
(101 62 61 1 1)
(101 65 63 1 0)
(102 43 50 1 1)
(102 64 62 1/2 0)
(205/2 65 63 1/2 0)
(103 55 57 1 1)
(103 60 60 1 1)
(103 64 62 1 1)
(103 67 64 1 0)
(104 55 57 1 1)
(104 59 59 1 1)
(104 65 63 1 1)
(104 76 69 1/2 0)
(209/2 74 68 1/2 0)
(105 48 53 1 1)
(105 72 67 3/4 0)
(423/4 71 66 1/4 0)
(106 55 57 1 1)
(106 60 60 1 1)
(106 64 62 1 1)
(106 72 67 2 0)
(107 56 58 2 1)
(107 60 60 2 1)
(107 65 63 2 1)
(108 72 67 3/4 0)
(435/4 71 66 1/4 0)
(109 55 57 1 1)
(109 60 60 1 1)
(109 64 62 1 1)
(109 72 67 2 0)
(110 56 58 1 1)
(110 60 60 1 1)
(110 65 63 1 1)
(111 48 53 1 1)
(111 72 67 3/4 0)
(447/4 71 66 1/4 0)
(112 55 57 1 1)
(112 64 62 1 1)
(112 72 67 3/2 0)
(113 48 53 1 1)
(227/2 71 66 1/2 0)
(114 55 57 1 1)
(114 64 62 1 1)
(114 72 67 1/2 0)
(229/2 71 66 1/2 0)
(115 48 53 1 1)
(115 72 67 1 0)
(116 55 57 1 1)
(116 64 62 1 1)
(116 71 66 1 0)
(117 44 51 1 1)
(117 72 67 1/2 0)
(235/2 73 68 1/2 0)
(118 51 55 1 1)
(118 60 60 1 1)
(118 68 65 1 1)
(118 75 69 3/2 0)
(239/2 77 70 1/2 0)
(120 39 48 1 1)
(120 75 69 1/2 0)
(241/2 74 68 1/2 0)
(121 61 61 1 1)
(121 67 64 1 1)
(121 73 68 3/2 0)
(122 61 61 1 1)
(122 67 64 1 1)
(245/2 72 67 1/2 0)
(123 51 55 1 1)
(123 70 66 1/2 0)
(247/2 69 65 1/2 0)
(124 61 61 1 1)
(124 63 62 1 1)
(124 70 66 1/2 0)
(249/2 72 67 1/2 0)
(125 61 61 1 1)
(125 63 62 1 1)
(125 67 64 1 0)
(126 44 51 1 1)
(126 68 65 1/2 0)
(507/4 67 64 1/4 0)
(127 51 55 1 1)
(127 60 60 1 1)
(127 68 65 1 0)
(128 60 60 1 0)
(129 41 49 1 1)
(129 68 65 1/2 0)
(259/2 70 66 1/2 0)
(130 56 58 1 1)
(130 65 63 1 1)
(130 72 67 3/2 0)
(131 56 58 1 1)
(131 60 60 1 1)
(131 65 63 1 1)
(263/2 73 68 1/2 0)
(132 48 53 1 1)
(132 72 67 1/2 0)
(265/2 71 66 1/2 0)
(133 58 59 1 1)
(133 64 62 1 1)
(133 70 66 3/2 0)
(134 58 59 1 1)
(134 64 62 1 1)
(269/2 68 65 1/2 0)
(135 48 53 1 1)
(135 67 64 1/2 0)
(271/2 65 63 1/2 0)
(136 58 59 1 1)
(136 60 60 1 1)
(136 67 64 1/2 0)
(273/2 68 65 1/2 0)
(137 58 59 1 1)
(137 60 60 1 1)
(137 64 62 1 0)
(138 41 49 1 1)
(138 65 63 2 0)
(555/4 77 70 1/4 0)
(139 49 54 1 1)
(139 56 58 1 1)
(139 61 61 1 1)
(139 75 69 3/2 0)
(140 43 50 1 1)
(140 51 55 2 1)
(140 63 62 1 0)
(281/2 73 68 1/2 0)
(141 44 51 1 1)
(141 72 67 1/2 0)
(283/2 73 68 1/2 0)
(142 60 60 1 1)
(142 68 65 1 1)
(142 75 69 1 0)
(143 79 71 1/2 0)
(287/2 77 70 1/2 0)
(144 39 48 1 1)
(144 75 69 1/2 0)
(289/2 74 68 1/2 0)
(145 61 61 1 1)
(145 67 64 1 1)
(145 73 68 3/2 0)
(146 61 61 2 1)
(146 67 64 1 1)
(293/2 72 67 1/2 0)
(147 51 55 2 1)
(147 70 66 1/2 0)
(295/2 69 65 1/2 0)
(148 61 61 2 1)
(148 70 66 1/2 0)
(297/2 72 67 1/2 0)
(149 52 55 1 1)
(149 67 64 1 0)
(150 53 56 3 1)
(150 68 65 1/2 0)
(603/4 67 64 1/4 0)
(151 56 58 1 1)
(151 60 60 1 1)
(151 68 65 1 0)
(152 56 58 1 1)
(152 60 60 1 1)
(152 64 62 1 0)
(153 49 54 1 1)
(153 65 63 3/4 0)
(615/4 67 64 1/4 0)
(154 55 57 1 1)
(154 58 59 1 1)
(154 65 63 1 1)
(154 68 65 1 0)
(155 55 57 1 1)
(155 58 59 1 1)
(155 65 63 1 1)
(155 70 66 1 0)
(156 48 53 1 1)
(156 72 67 3/4 0)
(627/4 73 68 1/4 0)
(157 58 59 1 1)
(157 64 62 1 1)
(157 72 67 3/2 0)
(158 58 59 1 1)
(158 64 62 1 1)
(317/2 67 64 1/2 0)
(159 49 54 1 1)
(159 65 63 1/2 0)
(319/2 64 62 1/2 0)
(160 55 57 1 1)
(160 58 59 1 1)
(160 65 63 1/2 0)
(321/2 67 64 1/2 0)
(161 55 57 1 1)
(161 58 59 1 1)
(161 65 63 1 1)
(161 68 65 1/2 0)
(323/2 70 66 1/2 0)
(162 48 53 1 1)
(162 72 67 1/2 0)
(325/2 73 68 1/2 0)
(163 55 57 1 1)
(163 64 62 1 1)
(163 72 67 3/2 0)
(164 48 53 1 1)
(329/2 71 66 1/2 0)
(165 49 54 3 1)
(165 70 66 1/3 0)
(496/3 72 67 1/3 0)
(497/3 70 66 1/3 0)
(166 55 57 1 1)
(166 63 62 1 1)
(166 69 65 1/2 0)
(333/2 70 66 1/2 0)
(167 55 57 1 1)
(167 63 62 1 1)
(167 72 67 1/2 0)
(335/2 73 68 1/2 0)
(168 48 53 1 1)
(168 77 70 1/2 0)
(337/2 75 69 1/2 0)
(169 56 58 1 1)
(169 63 62 1 1)
(169 80 72 2 0)
(170 53 56 1 1)
(171 51 55 1 1)
(171 69 65 1/2 0)
(343/2 70 66 1/2 0)
(172 58 59 1 1)
(172 62 61 1 1)
(172 68 65 1 1)
(172 79 71 1/2 0)
(345/2 77 70 1/2 0)
(173 58 59 1 1)
(173 61 61 1 1)
(173 67 64 1 1)
(173 75 69 1/2 0)
(347/2 63 62 1/2 0)
(174 44 51 2 1)
(174 73 68 1/2 0)
(349/2 72 67 1/2 0)
(175 51 55 1 1)
(175 60 60 1 1)
(175 68 65 1 0)
(176 66 64 1 0)
(177 49 54 1/2 1)
(177 56 58 1/2 1)
(177 61 61 1/2 0)
(177 65 63 1/2 0)
(711/4 49 54 1/4 1)
(711/4 56 58 1/4 1)
(711/4 61 61 1/4 0)
(711/4 65 63 1/4 0)
(178 49 54 1 1)
(178 56 58 1 1)
(178 61 61 1 0)
(178 65 63 1 0)
(179 42 50 1 1)
(179 58 59 1 0)
(179 66 64 1 0)
(180 44 51 1/2 1)
(180 54 57 1/2 1)
(180 60 60 1/2 0)
(180 63 62 1/2 0)
(723/4 44 51 1/4 1)
(723/4 53 56 1/4 1)
(723/4 60 60 1/4 0)
(723/4 62 61 1/4 0)
(181 44 51 1 1)
(181 54 57 1 1)
(181 60 60 1 0)
(181 63 62 1 0)
(182 44 51 1 1)
(182 50 54 1 1)
(182 60 60 1 0)
(182 65 63 1 0)
(183 44 51 1/2 1)
(183 51 55 1/2 1)
(183 60 60 1/2 0)
(183 66 64 1/2 0)
(735/4 44 51 1/4 1)
(735/4 50 54 1/4 1)
(735/4 60 60 1/4 0)
(735/4 65 63 1/4 0)
(184 44 51 1 1)
(184 51 55 1 1)
(184 60 60 1 0)
(184 66 64 1 0)
(185 44 51 3/2 1)
(185 52 55 1 1)
(185 58 59 1 0)
(185 67 64 1 0)
(186 37 47 1/2 1)
(186 52 55 1/2 1)
(186 58 59 1/2 0)
(186 61 61 1/2 0)
(186 70 66 1/2 0)
(747/4 49 54 1/4 1)
(747/4 55 57 1/4 1)
(747/4 64 62 1/4 0)
(747/4 70 66 1/4 0)
(187 49 54 1 1)
(187 55 57 1 1)
(187 64 62 1 0)
(187 70 66 1 0)
(188 49 54 1 1)
(188 56 58 1 1)
(188 65 63 1 0)
(188 68 65 1 0)
(189 49 54 1/2 1)
(189 56 58 1/2 1)
(189 61 61 1/2 0)
(189 65 63 1/2 0)
(759/4 49 54 1/4 1)
(759/4 56 58 1/4 1)
(759/4 61 61 1/4 0)
(759/4 65 63 1/4 0)
(190 49 54 1 1)
(190 56 58 1 1)
(190 61 61 1 0)
(190 65 63 1 0)
(191 42 50 1 1)
(191 58 59 1 0)
(191 66 64 1 0)
(192 44 51 1/2 1)
(192 54 57 1/2 1)
(192 60 60 1/2 0)
(192 63 62 1/2 0)
(771/4 44 51 1/4 1)
(771/4 53 56 1/4 1)
(771/4 60 60 1/4 0)
(771/4 62 61 1/4 0)
(193 44 51 1 1)
(193 54 57 1 1)
(193 60 60 1 0)
(193 63 62 1 0)
(194 44 51 1 1)
(194 50 54 1 1)
(194 60 60 3/2 0)
(194 65 63 1 0)
(195 44 51 1/2 1)
(195 51 55 1/2 1)
(195 66 64 1/2 0)
(783/4 44 51 1/4 1)
(783/4 53 56 1/4 1)
(783/4 60 60 1/4 0)
(783/4 68 65 1/4 0)
(196 44 51 1 1)
(196 54 57 1 1)
(196 60 60 1 0)
(196 70 66 1 0)
(197 44 51 1 1)
(197 51 55 1 1)
(197 60 60 1 0)
(197 66 64 1 0)
(197 72 67 1 0)
(198 49 54 1/2 1)
(198 56 58 1/2 1)
(198 60 60 1/2 1)
(198 66 64 1/2 0)
(198 75 69 1/2 0)
(795/4 49 54 1/4 1)
(795/4 56 58 1/4 1)
(795/4 60 60 1/4 1)
(795/4 66 64 1/4 0)
(795/4 75 69 1/4 0)
(199 49 54 1 1)
(199 56 58 1 1)
(199 60 60 1 1)
(199 66 64 1 0)
(199 75 69 1 0)
(200 49 54 1 1)
(200 56 58 1 1)
(200 61 61 1 1)
(200 65 63 1 0)
(200 73 68 1 0)
(201 49 54 1/2 1)
(201 56 58 1/2 1)
(201 65 63 1/2 0)
(807/4 49 54 1/4 1)
(807/4 56 58 1/4 1)
(807/4 61 61 1/4 0)
(807/4 65 63 1/4 0)
(202 49 54 1 1)
(202 56 58 1 1)
(202 61 61 1 0)
(202 65 63 1 0)
(203 42 50 1 1)
(203 58 59 1 0)
(203 66 64 1 0)
(204 44 51 1/2 1)
(204 54 57 1/2 1)
(204 60 60 1/2 0)
(204 63 62 1/2 0)
(819/4 44 51 1/4 1)
(819/4 53 56 1/4 1)
(819/4 60 60 1/4 0)
(819/4 62 61 1/4 0)
(205 44 51 1 1)
(205 54 57 1 1)
(205 60 60 1 0)
(205 63 62 1 0)
(206 44 51 1 1)
(206 50 54 1 1)
(206 60 60 1 0)
(206 65 63 1 0)
(207 44 51 1/2 1)
(207 51 55 1/2 1)
(207 60 60 1/2 0)
(207 66 64 1/2 0)
(831/4 44 51 1/4 1)
(831/4 50 54 1/4 1)
(831/4 60 60 1/4 0)
(831/4 65 63 1/4 0)
(208 44 51 1 1)
(208 51 55 1 1)
(208 60 60 1 0)
(208 66 64 1 0)
(209 44 51 3/2 1)
(209 52 55 1 1)
(209 58 59 1 0)
(209 67 64 1 0)
(210 37 47 1/2 1)
(210 52 55 1/2 1)
(210 58 59 1/2 0)
(210 61 61 1/2 0)
(210 70 66 1/2 0)
(843/4 49 54 1/4 1)
(843/4 55 57 1/4 1)
(843/4 64 62 1/4 0)
(843/4 70 66 1/4 0)
(211 49 54 1 1)
(211 55 57 1 1)
(211 64 62 1 0)
(211 70 66 1 0)
(212 49 54 1 1)
(212 56 58 1 1)
(212 65 63 1 0)
(212 68 65 1 0)
(213 49 54 1/2 1)
(213 56 58 1/2 1)
(213 61 61 1/2 0)
(213 65 63 1/2 0)
(855/4 49 54 1/4 1)
(855/4 56 58 1/4 1)
(855/4 61 61 1/4 0)
(855/4 65 63 1/4 0)
(214 49 54 1 1)
(214 56 58 1 1)
(214 61 61 1 0)
(214 65 63 1 0)
(215 42 50 1 1)
(215 58 59 1 0)
(215 66 64 1 0)
(216 44 51 1/2 1)
(216 54 57 1/2 1)
(216 60 60 1/2 0)
(216 63 62 1/2 0)
(867/4 44 51 1/4 1)
(867/4 53 56 1/4 1)
(867/4 60 60 1/4 0)
(867/4 62 61 1/4 0)
(217 44 51 1 1)
(217 54 57 1 1)
(217 60 60 1 0)
(217 63 62 1 0)
(218 44 51 1 1)
(218 50 54 1 1)
(218 60 60 3/2 0)
(218 65 63 1 0)
(219 44 51 1/2 1)
(219 51 55 1/2 1)
(219 66 64 1/2 0)
(879/4 44 51 1/4 1)
(879/4 53 56 1/4 1)
(879/4 60 60 1/4 0)
(879/4 68 65 1/4 0)
(220 44 51 1 1)
(220 54 57 1 1)
(220 60 60 1 0)
(220 70 66 1 0)
(221 44 51 1 1)
(221 51 55 1 1)
(221 60 60 1 0)
(221 66 64 1 0)
(221 72 67 1 0)
(222 49 54 1/2 1)
(222 56 58 1/2 1)
(222 60 60 1/2 1)
(222 66 64 1/2 0)
(222 75 69 1/2 0)
(891/4 49 54 1/4 1)
(891/4 56 58 1/4 1)
(891/4 60 60 1/4 1)
(891/4 66 64 1/4 0)
(891/4 75 69 1/4 0)
(223 49 54 1 1)
(223 56 58 1 1)
(223 60 60 1 1)
(223 66 64 1 0)
(223 75 69 1 0)
(224 49 54 1 1)
(224 56 58 1 1)
(224 61 61 1 1)
(224 65 63 1 0)
(224 73 68 3/2 0)
(225 46 52 1/2 1)
(225 53 56 1/2 1)
(225 61 61 1/2 1)
(225 65 63 1/2 0)
(903/4 46 52 1/4 1)
(903/4 53 56 1/4 1)
(903/4 61 61 1/4 1)
(903/4 65 63 1/4 0)
(903/4 73 68 1/4 0)
(226 46 52 1 1)
(226 53 56 1 1)
(226 61 61 1 1)
(226 65 63 1 0)
(226 73 68 1 0)
(227 46 52 1 1)
(227 53 56 1 1)
(227 61 61 1 1)
(227 65 63 1 0)
(227 75 69 1 0)
(228 46 52 1/2 1)
(228 53 56 1/2 1)
(228 57 58 1/2 1)
(228 63 62 1/2 0)
(228 72 67 1/2 0)
(915/4 46 52 1/4 1)
(915/4 53 56 1/4 1)
(915/4 57 58 1/4 1)
(915/4 63 62 1/4 0)
(915/4 71 66 1/4 0)
(229 46 52 1 1)
(229 53 56 1 1)
(229 57 58 1 1)
(229 63 62 1 0)
(229 72 67 1 0)
(230 46 52 1 1)
(230 53 56 1 1)
(230 57 58 1 1)
(230 63 62 1 0)
(230 65 63 1 0)
(231 46 52 1/2 1)
(231 53 56 1/2 1)
(231 58 59 1/2 1)
(231 61 61 1/2 0)
(231 70 66 1/2 0)
(927/4 46 52 1/4 1)
(927/4 53 56 1/4 1)
(927/4 61 61 1/4 0)
(927/4 70 66 1/4 0)
(232 46 52 1 1)
(232 53 56 1 1)
(232 61 61 1 0)
(232 70 66 1 0)
(233 46 52 1 1)
(233 53 56 1 1)
(233 61 61 1 0)
(233 72 67 1 0)
(234 41 49 1/2 1)
(234 53 56 1/2 1)
(234 60 60 1/2 0)
(234 68 65 1/2 0)
(939/4 41 49 1/4 1)
(939/4 53 56 1/4 1)
(939/4 58 59 1/4 0)
(939/4 67 64 1/4 0)
(235 41 49 1 1)
(235 53 56 1 1)
(235 60 60 1 0)
(235 68 65 1 0)
(236 41 49 1 1)
(236 53 56 1 1)
(236 57 58 1 0)
(236 63 62 1 0)
(236 65 63 1 0)
(237 46 52 1/2 1)
(237 53 56 1/2 1)
(237 58 59 1/2 1)
(237 61 61 1/2 0)
(237 65 63 1/2 0)
(237 73 68 1/2 0)
(951/4 46 52 1/4 1)
(951/4 53 56 1/4 1)
(951/4 61 61 1/4 1)
(951/4 65 63 1/4 0)
(951/4 73 68 1/4 0)
(238 46 52 1 1)
(238 53 56 1 1)
(238 61 61 1 1)
(238 65 63 1 0)
(238 73 68 1 0)
(239 46 52 1 1)
(239 53 56 1 1)
(239 61 61 1 1)
(239 65 63 1 0)
(239 75 69 1 0)
(240 46 52 1/2 1)
(240 53 56 1/2 1)
(240 57 58 1/2 1)
(240 63 62 1/2 0)
(240 72 67 1/2 0)
(963/4 46 52 1/4 1)
(963/4 53 56 1/4 1)
(963/4 57 58 1/4 1)
(963/4 63 62 1/4 0)
(963/4 71 66 1/4 0)
(241 46 52 1 1)
(241 53 56 1 1)
(241 57 58 1 1)
(241 63 62 1 0)
(241 72 67 1 0)
(242 46 52 1 1)
(242 53 56 1 1)
(242 57 58 1 1)
(242 63 62 1 0)
(242 65 63 1 0)
(243 46 52 1/2 1)
(243 53 56 1/2 1)
(243 58 59 1/2 1)
(243 61 61 1/2 0)
(243 70 66 1/2 0)
(975/4 39 48 1/4 1)
(975/4 54 57 1/4 1)
(975/4 61 61 1/4 0)
(975/4 70 66 1/4 0)
(244 39 48 1 1)
(244 54 57 1 1)
(244 61 61 1 0)
(244 70 66 1 0)
(245 39 48 1 1)
(245 54 57 3/2 1)
(245 61 61 1 0)
(245 72 67 1 0)
(246 44 51 1/2 1)
(246 60 60 1/2 0)
(246 68 65 1/2 0)
(987/4 44 51 1/4 1)
(987/4 54 57 1/4 1)
(987/4 60 60 1/4 0)
(987/4 67 64 1/4 0)
(247 44 51 1 1)
(247 54 57 1 1)
(247 60 60 1 0)
(247 68 65 1 0)
(248 44 51 1 1)
(248 54 57 1 1)
(248 60 60 1 0)
(248 63 62 1 0)
(249 37 47 1/2 1)
(249 53 56 1/2 0)
(249 61 61 1/2 0)
(249 65 63 1/2 0)
(999/4 49 54 1/4 1)
(999/4 56 58 1/4 1)
(999/4 61 61 1/4 0)
(999/4 65 63 1/4 0)
(250 49 54 1 1)
(250 56 58 1 1)
(250 61 61 1 0)
(250 65 63 1 0)
(251 42 50 1 1)
(251 58 59 1 0)
(251 66 64 1 0)
(252 44 51 1/2 1)
(252 54 57 1/2 1)
(252 60 60 1/2 0)
(252 63 62 1/2 0)
(1011/4 44 51 1/4 1)
(1011/4 53 56 1/4 1)
(1011/4 60 60 1/4 0)
(1011/4 62 61 1/4 0)
(253 44 51 1 1)
(253 54 57 1 1)
(253 60 60 1 0)
(253 63 62 1 0)
(254 44 51 1 1)
(254 50 54 1 1)
(254 60 60 1 0)
(254 65 63 1 0)
(255 44 51 1/2 1)
(255 51 55 1/2 1)
(255 60 60 1/2 0)
(255 66 64 1/2 0)
(1023/4 44 51 1/4 1)
(1023/4 50 54 1/4 1)
(1023/4 60 60 1/4 0)
(1023/4 65 63 1/4 0)
(256 44 51 1 1)
(256 51 55 1 1)
(256 60 60 1 0)
(256 66 64 1 0)
(257 44 51 3/2 1)
(257 52 55 1 1)
(257 58 59 1 0)
(257 67 64 1 0)
(258 37 47 1/2 1)
(258 52 55 1/2 1)
(258 58 59 1/2 0)
(258 61 61 1/2 0)
(258 70 66 1/2 0)
(1035/4 49 54 1/4 1)
(1035/4 55 57 1/4 1)
(1035/4 64 62 1/4 0)
(1035/4 70 66 1/4 0)
(259 49 54 1 1)
(259 55 57 1 1)
(259 64 62 1 0)
(259 70 66 1 0)
(260 49 54 1 1)
(260 56 58 1 1)
(260 65 63 1 0)
(260 68 65 1 0)
(261 49 54 1/2 1)
(261 56 58 1/2 1)
(261 61 61 1/2 0)
(261 65 63 1/2 0)
(1047/4 49 54 1/4 1)
(1047/4 56 58 1/4 1)
(1047/4 61 61 1/4 0)
(1047/4 65 63 1/4 0)
(262 49 54 1 1)
(262 56 58 1 1)
(262 61 61 1 0)
(262 65 63 1 0)
(263 42 50 1 1)
(263 58 59 1 0)
(263 66 64 1 0)
(264 44 51 1/2 1)
(264 54 57 1/2 1)
(264 60 60 1/2 0)
(264 63 62 1/2 0)
(1059/4 44 51 1/4 1)
(1059/4 53 56 1/4 1)
(1059/4 60 60 1/4 0)
(1059/4 62 61 1/4 0)
(265 44 51 1 1)
(265 54 57 1 1)
(265 60 60 1 0)
(265 63 62 1 0)
(266 44 51 1 1)
(266 50 54 1 1)
(266 60 60 1 0)
(266 65 63 1 0)
(267 44 51 1/2 1)
(267 51 55 1/2 1)
(267 60 60 1/2 0)
(267 66 64 1/2 0)
(1071/4 44 51 1/4 1)
(1071/4 53 56 1/4 1)
(1071/4 60 60 1/4 0)
(1071/4 68 65 1/4 0)
(268 44 51 1 1)
(268 54 57 1 1)
(268 60 60 1 0)
(268 70 66 1 0)
(269 44 51 1 1)
(269 51 55 1 1)
(269 60 60 1 0)
(269 66 64 1 0)
(269 72 67 1 0)
(270 49 54 1/2 1)
(270 56 58 1/2 1)
(270 60 60 1/2 1)
(270 66 64 1/2 0)
(270 75 69 1/2 0)
(1083/4 49 54 1/4 1)
(1083/4 56 58 1/4 1)
(1083/4 60 60 1/4 1)
(1083/4 66 64 1/4 0)
(1083/4 75 69 1/4 0)
(271 49 54 1 1)
(271 56 58 1 1)
(271 60 60 1 1)
(271 66 64 1 0)
(271 75 69 1 0)
(272 49 54 1 1)
(272 56 58 1 1)
(272 61 61 1 1)
(272 65 63 1 0)
(272 73 68 1 0)
(273 46 52 1/2 1)
(273 53 56 1/2 1)
(273 61 61 1/2 1)
(273 65 63 1/2 0)
(273 73 68 1/2 0)
(1095/4 46 52 1/4 1)
(1095/4 53 56 1/4 1)
(1095/4 61 61 1/4 1)
(1095/4 65 63 1/4 0)
(1095/4 73 68 1/4 0)
(274 46 52 1 1)
(274 53 56 1 1)
(274 61 61 1 1)
(274 65 63 1 0)
(274 73 68 1 0)
(275 46 52 1 1)
(275 53 56 1 1)
(275 61 61 1 1)
(275 65 63 1 0)
(275 75 69 1 0)
(276 46 52 1/2 1)
(276 53 56 1/2 1)
(276 57 58 1/2 1)
(276 63 62 1/2 0)
(276 72 67 1/2 0)
(1107/4 46 52 1/4 1)
(1107/4 53 56 1/4 1)
(1107/4 57 58 1/4 1)
(1107/4 63 62 1/4 0)
(1107/4 71 66 1/4 0)
(277 46 52 1 1)
(277 53 56 1 1)
(277 57 58 1 1)
(277 63 62 1 0)
(277 72 67 1 0)
(278 46 52 1 1)
(278 53 56 1 1)
(278 57 58 1 1)
(278 63 62 1 0)
(278 65 63 1 0)
(279 46 52 1/2 1)
(279 53 56 1/2 1)
(279 58 59 1/2 1)
(279 61 61 1/2 0)
(279 70 66 1/2 0)
(1119/4 46 52 1/4 1)
(1119/4 53 56 1/4 1)
(1119/4 61 61 1/4 0)
(1119/4 70 66 1/4 0)
(280 46 52 1 1)
(280 53 56 1 1)
(280 61 61 1 0)
(280 70 66 1 0)
(281 46 52 1 1)
(281 53 56 1 1)
(281 61 61 1 0)
(281 72 67 1 0)
(282 41 49 1/2 1)
(282 53 56 1/2 1)
(282 60 60 1/2 0)
(282 68 65 1/2 0)
(1131/4 41 49 1/4 1)
(1131/4 53 56 1/4 1)
(1131/4 58 59 1/4 0)
(1131/4 67 64 1/4 0)
(283 41 49 1 1)
(283 53 56 1 1)
(283 60 60 1 0)
(283 68 65 1 0)
(284 41 49 1 1)
(284 53 56 1 1)
(284 57 58 1 0)
(284 63 62 1 0)
(284 65 63 1 0)
(285 46 52 1/2 1)
(285 53 56 1/2 1)
(285 58 59 1/2 1)
(285 61 61 1/2 0)
(285 65 63 1/2 0)
(285 73 68 1/2 0)
(1143/4 46 52 1/4 1)
(1143/4 53 56 1/4 1)
(1143/4 61 61 1/4 1)
(1143/4 65 63 1/4 0)
(1143/4 73 68 1/4 0)
(286 46 52 1 1)
(286 53 56 1 1)
(286 61 61 1 1)
(286 65 63 1 0)
(286 73 68 1 0)
(287 46 52 1 1)
(287 53 56 1 1)
(287 61 61 1 1)
(287 65 63 1 0)
(287 75 69 1 0)
(288 46 52 1/2 1)
(288 53 56 1/2 1)
(288 57 58 1/2 1)
(288 63 62 1/2 0)
(288 72 67 1/2 0)
(1155/4 46 52 1/4 1)
(1155/4 53 56 1/4 1)
(1155/4 57 58 1/4 1)
(1155/4 63 62 1/4 0)
(1155/4 71 66 1/4 0)
(289 46 52 1 1)
(289 53 56 1 1)
(289 57 58 1 1)
(289 63 62 1 0)
(289 72 67 1 0)
(290 46 52 1 1)
(290 53 56 1 1)
(290 57 58 1 1)
(290 63 62 1 0)
(290 65 63 1 0)
(291 46 52 1/2 1)
(291 53 56 1/2 1)
(291 58 59 1/2 1)
(291 61 61 1/2 0)
(291 70 66 1/2 0)
(1167/4 39 48 1/4 1)
(1167/4 54 57 1/4 1)
(1167/4 61 61 1/4 0)
(1167/4 70 66 1/4 0)
(292 39 48 1 1)
(292 54 57 1 1)
(292 61 61 1 0)
(292 70 66 1 0)
(293 39 48 1 1)
(293 54 57 3/2 1)
(293 61 61 1 0)
(293 72 67 1 0)
(294 44 51 1/2 1)
(294 60 60 1/2 0)
(294 68 65 1/2 0)
(1179/4 44 51 1/4 1)
(1179/4 54 57 1/4 1)
(1179/4 60 60 1/4 0)
(1179/4 67 64 1/4 0)
(295 44 51 1 1)
(295 54 57 1 1)
(295 60 60 1 0)
(295 68 65 1 0)
(296 44 51 1 1)
(296 54 57 1 1)
(296 60 60 1 0)
(296 63 62 1 0)
(297 37 47 1/2 1)
(297 53 56 1/2 0)
(297 61 61 1/2 0)
(297 65 63 1/2 0)
(1191/4 49 54 1/4 1)
(1191/4 56 58 1/4 1)
(1191/4 61 61 1/4 0)
(1191/4 65 63 1/4 0)
(298 49 54 1 1)
(298 56 58 1 1)
(298 61 61 1 0)
(298 65 63 1 0)
(299 42 50 1 1)
(299 58 59 1 0)
(299 66 64 1 0)
(300 44 51 1/2 1)
(300 54 57 1/2 1)
(300 60 60 1/2 0)
(300 63 62 1/2 0)
(1203/4 44 51 1/4 1)
(1203/4 53 56 1/4 1)
(1203/4 60 60 1/4 0)
(1203/4 62 61 1/4 0)
(301 44 51 1 1)
(301 54 57 1 1)
(301 60 60 1 0)
(301 63 62 1 0)
(302 44 51 1 1)
(302 50 54 1 1)
(302 60 60 1 0)
(302 65 63 1 0)
(303 44 51 1/2 1)
(303 51 55 1/2 1)
(303 60 60 1/2 0)
(303 66 64 1/2 0)
(1215/4 44 51 1/4 1)
(1215/4 50 54 1/4 1)
(1215/4 60 60 1/4 0)
(1215/4 65 63 1/4 0)
(304 44 51 1 1)
(304 51 55 1 1)
(304 60 60 1 0)
(304 66 64 1 0)
(305 44 51 3/2 1)
(305 52 55 1 1)
(305 58 59 1 0)
(305 67 64 1 0)
(306 37 47 1/2 1)
(306 52 55 1/2 1)
(306 58 59 1/2 0)
(306 61 61 1/2 0)
(306 70 66 1/2 0)
(1227/4 49 54 1/4 1)
(1227/4 55 57 1/4 1)
(1227/4 64 62 1/4 0)
(1227/4 70 66 1/4 0)
(307 49 54 1 1)
(307 55 57 1 1)
(307 64 62 1 0)
(307 70 66 1 0)
(308 49 54 1 1)
(308 56 58 1 1)
(308 65 63 1 0)
(308 68 65 1 0)
(309 49 54 1/2 1)
(309 56 58 1/2 1)
(309 61 61 1/2 0)
(309 65 63 1/2 0)
(1239/4 49 54 1/4 1)
(1239/4 56 58 1/4 1)
(1239/4 61 61 1/4 0)
(1239/4 65 63 1/4 0)
(310 49 54 1 1)
(310 56 58 1 1)
(310 61 61 1 0)
(310 65 63 1 0)
(311 42 50 1 1)
(311 58 59 1 0)
(311 66 64 1 0)
(312 44 51 1/2 1)
(312 54 57 1/2 1)
(312 60 60 1/2 0)
(312 63 62 1/2 0)
(1251/4 44 51 1/4 1)
(1251/4 53 56 1/4 1)
(1251/4 60 60 1/4 0)
(1251/4 62 61 1/4 0)
(313 44 51 1 1)
(313 54 57 1 1)
(313 60 60 1 0)
(313 63 62 1 0)
(314 44 51 1 1)
(314 50 54 1 1)
(314 60 60 1 0)
(314 65 63 1 0)
(315 44 51 1/2 1)
(315 51 55 1/2 1)
(315 60 60 1/2 0)
(315 66 64 1/2 0)
(1263/4 44 51 1/4 1)
(1263/4 53 56 1/4 1)
(1263/4 60 60 1/4 0)
(1263/4 68 65 1/4 0)
(316 44 51 1 1)
(316 54 57 1 1)
(316 60 60 1 0)
(316 70 66 1 0)
(317 44 51 1 1)
(317 51 55 1 1)
(317 60 60 1 0)
(317 66 64 1 0)
(317 72 67 1 0)
(318 49 54 1/2 1)
(318 56 58 1/2 1)
(318 60 60 1/2 1)
(318 66 64 1/2 0)
(318 75 69 1/2 0)
(1275/4 49 54 1/4 1)
(1275/4 56 58 1/4 1)
(1275/4 60 60 1/4 1)
(1275/4 66 64 1/4 0)
(1275/4 75 69 1/4 0)
(319 49 54 1 1)
(319 56 58 1 1)
(319 60 60 1 1)
(319 66 64 1 0)
(319 75 69 1 0)
(320 49 54 1 1)
(320 56 58 1 1)
(320 61 61 1 1)
(320 65 63 1 0)
(320 73 68 1 0)
(321 44 51 1 1)
(321 72 67 1/2 0)
(643/2 73 68 1/2 0)
(322 51 55 1 1)
(322 60 60 1 1)
(322 68 65 1 1)
(322 75 69 3/2 0)
(647/2 77 70 1/2 0)
(324 39 48 1 1)
(324 75 69 1/2 0)
(649/2 74 68 1/2 0)
(325 61 61 1 1)
(325 67 64 1 1)
(325 73 68 3/2 0)
(326 61 61 1 1)
(326 67 64 1 1)
(653/2 72 67 1/2 0)
(327 51 55 1 1)
(327 70 66 1/2 0)
(655/2 69 65 1/2 0)
(328 61 61 1 1)
(328 63 62 1 1)
(328 70 66 1/2 0)
(657/2 72 67 1/2 0)
(329 61 61 1 1)
(329 63 62 1 1)
(329 67 64 1 0)
(330 44 51 1 1)
(330 68 65 1/2 0)
(1323/4 67 64 1/4 0)
(331 51 55 1 1)
(331 60 60 1 1)
(331 68 65 1 0)
(332 60 60 1 0)
(333 41 49 1 1)
(333 68 65 1/2 0)
(667/2 70 66 1/2 0)
(334 56 58 1 1)
(334 65 63 1 1)
(334 72 67 3/2 0)
(335 56 58 1 1)
(335 60 60 1 1)
(335 65 63 1 1)
(671/2 73 68 1/2 0)
(336 48 53 1 1)
(336 72 67 1/2 0)
(673/2 71 66 1/2 0)
(337 58 59 1 1)
(337 64 62 1 1)
(337 70 66 3/2 0)
(338 58 59 1 1)
(338 64 62 1 1)
(677/2 68 65 1/2 0)
(339 48 53 1 1)
(339 67 64 1/2 0)
(679/2 65 63 1/2 0)
(340 58 59 1 1)
(340 60 60 1 1)
(340 67 64 1/2 0)
(681/2 68 65 1/2 0)
(341 58 59 1 1)
(341 60 60 1 1)
(341 64 62 1 0)
(342 41 49 1 1)
(342 65 63 2 0)
(1371/4 77 70 1/4 0)
(343 49 54 1 1)
(343 56 58 1 1)
(343 61 61 1 1)
(343 75 69 3/2 0)
(344 43 50 1 1)
(344 51 55 2 1)
(344 63 62 1 0)
(689/2 73 68 1/2 0)
(345 44 51 1 1)
(345 72 67 1/2 0)
(691/2 73 68 1/2 0)
(346 60 60 1 1)
(346 68 65 1 1)
(346 75 69 1 0)
(347 79 71 1/2 0)
(695/2 77 70 1/2 0)
(348 39 48 1 1)
(348 75 69 1/2 0)
(697/2 74 68 1/2 0)
(349 61 61 1 1)
(349 67 64 1 1)
(349 73 68 3/2 0)
(350 61 61 2 1)
(350 67 64 1 1)
(701/2 72 67 1/2 0)
(351 51 55 2 1)
(351 70 66 1/2 0)
(703/2 69 65 1/2 0)
(352 61 61 2 1)
(352 70 66 1/2 0)
(705/2 72 67 1/2 0)
(353 52 55 1 1)
(353 67 64 1 0)
(354 53 56 3 1)
(354 68 65 1/2 0)
(1419/4 67 64 1/4 0)
(355 56 58 1 1)
(355 60 60 1 1)
(355 68 65 1 0)
(356 56 58 1 1)
(356 60 60 1 1)
(356 64 62 1 0)
(357 49 54 1 1)
(357 65 63 3/4 0)
(1431/4 67 64 1/4 0)
(358 55 57 1 1)
(358 58 59 1 1)
(358 65 63 1 1)
(358 68 65 1 0)
(359 55 57 1 1)
(359 58 59 1 1)
(359 65 63 1 1)
(359 70 66 1 0)
(360 48 53 1 1)
(360 72 67 3/4 0)
(1443/4 73 68 1/4 0)
(361 58 59 1 1)
(361 64 62 1 1)
(361 72 67 3/2 0)
(362 58 59 1 1)
(362 64 62 1 1)
(725/2 67 64 1/2 0)
(363 49 54 1 1)
(363 65 63 1/2 0)
(727/2 64 62 1/2 0)
(364 55 57 1 1)
(364 58 59 1 1)
(364 65 63 1/2 0)
(729/2 67 64 1/2 0)
(365 55 57 1 1)
(365 58 59 1 1)
(365 65 63 1 1)
(365 68 65 1/2 0)
(731/2 70 66 1/2 0)
(366 48 53 1 1)
(366 72 67 1/2 0)
(733/2 73 68 1/2 0)
(367 55 57 1 1)
(367 64 62 1 1)
(367 72 67 3/2 0)
(368 48 53 1 1)
(737/2 71 66 1/2 0)
(369 49 54 3 1)
(369 70 66 1/3 0)
(1108/3 72 67 1/3 0)
(1109/3 70 66 1/3 0)
(370 55 57 1 1)
(370 63 62 1 1)
(370 69 65 1/2 0)
(741/2 70 66 1/2 0)
(371 55 57 1 1)
(371 63 62 1 1)
(371 72 67 1/2 0)
(743/2 73 68 1/2 0)
(372 48 53 1 1)
(372 77 70 1/2 0)
(745/2 75 69 1/2 0)
(373 56 58 1 1)
(373 63 62 1 1)
(373 80 72 2 0)
(374 53 56 1 1)
(375 51 55 1 1)
(375 69 65 1/2 0)
(751/2 70 66 1/2 0)
(376 58 59 1 1)
(376 62 61 1 1)
(376 68 65 1 1)
(376 79 71 1/2 0)
(753/2 77 70 1/2 0)
(377 58 59 1 1)
(377 61 61 1 1)
(377 67 64 1 1)
(377 75 69 1/2 0)
(755/2 63 62 1/2 0)
(378 44 51 2 1)
(378 73 68 1/2 0)
(757/2 72 67 1/2 0)
(379 51 55 1 1)
(379 60 60 1 1)
(379 68 65 1 0)
