(0 36 46 4 1)
(0 43 50 4 1)
(0 55 57 4 1)
(4 36 46 1 1)
(4 43 50 1 1)
(4 55 57 1 1)
(5 36 46 1 1)
(5 43 50 1 1)
(5 55 57 1 1)
(6 36 46 4 1)
(6 43 50 4 1)
(6 55 57 4 1)
(10 36 46 1 1)
(10 43 50 1 1)
(10 55 57 1 1)
(11 36 46 1 1)
(11 43 50 1 1)
(11 55 57 1 1)
(12 36 46 4 1)
(12 43 50 4 1)
(12 55 57 3 1)
(12 60 60 3/4 0)
(51/4 64 62 1/4 0)
(13 67 64 1 0)
(14 64 62 1 0)
(14 69 65 1 0)
(15 57 58 1 1)
(15 66 63 3/4 0)
(63/4 62 61 1/4 0)
(16 36 46 1 1)
(16 43 50 1 1)
(16 59 59 1 1)
(16 65 63 1 0)
(17 36 46 1 1)
(17 43 50 1 1)
(17 60 60 1 1)
(17 64 62 1 0)
(18 36 46 4 1)
(18 43 50 4 1)
(18 60 60 1 0)
(18 72 67 3/4 0)
(75/4 71 66 1/4 0)
(19 64 62 1 0)
(19 67 64 1 0)
(20 60 60 1 0)
(20 69 65 1 0)
(21 57 58 1 1)
(21 66 63 3/4 0)
(87/4 62 61 1/4 0)
(22 36 46 1 1)
(22 43 50 1 1)
(22 59 59 1 1)
(22 65 63 1 0)
(23 36 46 1 1)
(23 43 50 1 1)
(23 55 57 1 1)
(23 64 62 3/4 0)
(95/4 62 61 1/4 0)
(24 36 46 4 1)
(24 43 50 4 1)
(24 60 60 1 0)
(99/4 64 62 1/4 0)
(25 55 57 1 0)
(25 67 64 1 0)
(26 64 62 1 0)
(26 69 65 1 0)
(27 57 58 1 1)
(27 66 63 3/4 0)
(111/4 62 61 1/4 0)
(28 36 46 1 1)
(28 43 50 1 1)
(28 59 59 1 1)
(28 65 63 1 0)
(29 36 46 1 1)
(29 43 50 1 1)
(29 60 60 1 1)
(29 64 62 1 0)
(30 36 46 4 1)
(30 43 50 4 1)
(30 60 60 1 0)
(30 72 67 3/4 0)
(123/4 71 66 1/4 0)
(31 64 62 1 0)
(31 67 64 1 0)
(32 60 60 1 0)
(32 69 65 1 0)
(33 57 58 1 1)
(33 66 63 3/4 0)
(135/4 62 61 1/4 0)
(34 36 46 1 1)
(34 43 50 1 1)
(34 59 59 1 1)
(34 65 63 1 0)
(35 36 46 1 1)
(35 43 50 1 1)
(35 60 60 1 1)
(35 64 62 3/4 0)
(143/4 69 65 1/4 0)
(36 36 46 4 1)
(36 43 50 4 1)
(36 65 63 3 0)
(36 67 64 4 0)
(147/4 71 66 1/4 0)
(37 74 68 1 0)
(38 76 69 1 0)
(39 64 62 1 0)
(39 72 67 3/4 0)
(159/4 71 66 1/4 0)
(40 36 46 1 1)
(40 43 50 1 1)
(40 64 62 1 0)
(40 67 64 1 0)
(41 36 46 1 1)
(41 43 50 1 1)
(41 60 60 2 0)
(41 69 65 1 0)
(42 36 46 3 1)
(42 43 50 3 1)
(42 50 54 3 1)
(42 67 64 3/4 0)
(171/4 66 63 1/4 0)
(43 57 58 1 0)
(43 62 61 1 0)
(44 59 59 1 0)
(44 65 63 1 0)
(45 36 46 1 1)
(45 43 50 1 1)
(45 52 55 1 1)
(45 60 60 1 0)
(45 64 62 1 0)
(46 36 46 1 1)
(46 43 50 1 1)
(46 52 55 1 1)
(46 60 60 1 0)
(47 36 46 1 1)
(47 43 50 1 1)
(47 52 55 1 1)
(47 55 57 1 1)
(47 60 60 1 0)
(47 67 64 5 0)
(48 36 46 3 1)
(48 43 50 3 1)
(48 50 54 3 1)
(48 65 63 3 0)
(195/4 71 66 1/4 0)
(49 74 68 1 0)
(50 76 69 1 0)
(51 36 46 1 1)
(51 43 50 1 1)
(51 52 55 1 1)
(51 64 62 1 0)
(51 72 67 3/4 0)
(207/4 71 66 1/4 0)
(52 36 46 1 1)
(52 43 50 1 1)
(52 52 55 1 1)
(52 64 62 1 0)
(52 67 64 1 0)
(53 36 46 1 1)
(53 43 50 1 1)
(53 52 55 1 1)
(53 60 60 2 0)
(53 69 65 1 0)
(54 36 46 3 1)
(54 43 50 3 1)
(54 50 54 3 1)
(54 67 64 3/4 0)
(219/4 66 63 1/4 0)
(55 57 58 1 0)
(55 62 61 1 0)
(56 59 59 1 0)
(56 64 62 1 0)
(57 36 46 1 1)
(57 43 50 1 1)
(57 52 55 1 1)
(57 60 60 2 0)
(58 36 46 1 1)
(58 43 50 1 1)
(58 52 55 1 1)
(59 36 46 1 1)
(59 43 50 1 1)
(59 52 55 1 1)
(59 55 57 1 1)
(59 60 60 1 0)
(59 67 64 5 0)
(60 36 46 3 1)
(60 43 50 3 1)
(60 50 54 3 1)
(60 65 63 3 0)
(243/4 71 66 1/4 0)
(61 74 68 1 0)
(62 76 69 1 0)
(63 36 46 1 1)
(63 43 50 1 1)
(63 52 55 1 1)
(63 64 62 1 0)
(63 72 67 3/4 0)
(255/4 71 66 1/4 0)
(64 36 46 1 1)
(64 43 50 1 1)
(64 52 55 1 1)
(64 64 62 1 0)
(64 67 64 1 0)
(65 36 46 1 1)
(65 43 50 1 1)
(65 52 55 1 1)
(65 60 60 2 0)
(65 69 65 1 0)
(66 36 46 3 1)
(66 43 50 3 1)
(66 50 54 3 1)
(66 67 64 3/4 0)
(267/4 66 63 1/4 0)
(67 57 58 1 0)
(67 62 61 1 0)
(68 59 59 1 0)
(68 65 63 1 0)
(69 36 46 1 1)
(69 43 50 1 1)
(69 52 55 1 1)
(69 60 60 1 0)
(69 64 62 1 0)
(70 36 46 1 1)
(70 43 50 1 1)
(70 52 55 1 1)
(70 60 60 1 0)
(71 36 46 1 1)
(71 43 50 1 1)
(71 52 55 1 1)
(71 55 57 1 0)
(71 60 60 1 0)
(71 67 64 5 0)
(72 36 46 3 1)
(72 43 50 3 1)
(72 50 54 3 1)
(72 65 63 3 0)
(291/4 71 66 1/4 0)
(73 74 68 1 0)
(74 76 69 1 0)
(75 36 46 1 1)
(75 43 50 1 1)
(75 52 55 1 1)
(75 64 62 1 0)
(75 72 67 3/4 0)
(303/4 71 66 1/4 0)
(76 36 46 1 1)
(76 43 50 1 1)
(76 52 55 1 1)
(76 67 64 1 0)
(77 36 46 1 1)
(77 43 50 1 1)
(77 52 55 1 1)
(77 60 60 2 0)
(77 69 65 1 0)
(78 36 46 3 1)
(78 43 50 3 1)
(78 50 54 3 1)
(78 67 64 3/4 0)
(315/4 66 63 1/4 0)
(79 57 58 1 0)
(79 62 61 1 0)
(80 59 59 1 0)
(80 64 62 1 0)
(81 36 46 1 1)
(81 43 50 1 1)
(81 52 55 1 1)
(81 60 60 2 0)
(82 36 46 1 1)
(82 43 50 1 1)
(82 52 55 1 1)
(83 52 55 1 1)
(84 45 51 1 1)
(84 52 55 1/2 1)
(169/2 54 56 1/2 1)
(85 56 57 1/2 1)
(85 60 60 1 0)
(85 64 62 1 0)
(171/2 57 58 1/2 1)
(86 59 59 1/2 1)
(86 64 62 1 0)
(86 69 65 1 0)
(173/2 60 60 1/2 1)
(87 60 60 1/3 1)
(262/3 62 61 1/3 1)
(263/3 60 60 1/3 1)
(88 59 59 1 1)
(88 62 61 1 0)
(88 68 64 1 0)
(89 62 61 1 0)
(89 64 62 1 1)
(89 68 64 1 0)
(90 65 63 3/4 0)
(363/4 64 62 1/4 0)
(91 57 58 1 1)
(91 60 60 1 0)
(91 69 65 1 0)
(92 59 59 1 1)
(92 63 61 1 0)
(92 69 65 1 0)
(93 52 55 1 1)
(93 59 59 1 0)
(93 64 62 1 0)
(93 68 64 1 0)
(94 47 52 1 1)
(94 57 58 1 0)
(94 59 59 1 0)
(94 63 61 1 0)
(94 66 63 1 0)
(94 71 66 1 0)
(95 40 48 1 1)
(95 52 55 1 1)
(95 64 62 1 0)
(95 68 64 1 0)
(95 76 69 1 0)
(96 45 51 1 1)
(96 52 55 1/2 1)
(193/2 54 56 1/2 1)
(97 56 57 1/2 1)
(97 60 60 1 0)
(97 64 62 1 0)
(195/2 57 58 1/2 1)
(98 59 59 1/2 1)
(98 64 62 1 0)
(98 69 65 1 0)
(197/2 60 60 1/2 1)
(99 60 60 1/3 1)
(298/3 62 61 1/3 1)
(299/3 60 60 1/3 1)
(100 59 59 1 1)
(100 62 61 1 0)
(100 68 64 1 0)
(101 62 61 1 0)
(101 64 62 1 1)
(101 68 64 1 0)
(102 65 63 3/4 0)
(411/4 64 62 1/4 0)
(103 57 58 1 1)
(103 60 60 1 0)
(103 69 65 1 0)
(104 52 55 1 1)
(104 62 61 1 0)
(104 68 64 1 0)
(104 71 66 3/4 0)
(419/4 72 67 1/4 0)
(105 45 51 1 1)
(105 57 58 1 1)
(105 60 60 1 0)
(105 69 65 1 0)
(106 40 48 1 1)
(106 52 55 1 1)
(106 62 61 1 0)
(106 64 62 1 0)
(106 68 64 1 0)
(106 71 66 1 0)
(106 76 69 1 0)
(107 33 44 1 1)
(107 45 51 1 1)
(107 69 65 1 0)
(107 72 67 1 0)
(107 81 72 1 0)
(108 45 51 1 1)
(108 52 55 1/2 1)
(217/2 54 56 1/2 1)
(109 56 57 1/2 1)
(109 60 60 1 0)
(109 64 62 1 0)
(219/2 57 58 1/2 1)
(110 59 59 1/2 1)
(110 64 62 1 0)
(110 69 65 1 0)
(221/2 60 60 1/2 1)
(111 60 60 1/3 1)
(334/3 62 61 1/3 1)
(335/3 60 60 1/3 1)
(112 59 59 1 1)
(112 62 61 1 0)
(112 68 64 1 0)
(113 62 61 1 0)
(113 64 62 1 1)
(113 68 64 1 0)
(114 65 63 3/4 0)
(459/4 64 62 1/4 0)
(115 57 58 1 1)
(115 60 60 1 0)
(115 69 65 1 0)
(116 59 59 1 1)
(116 63 61 1 0)
(116 69 65 1 0)
(117 52 55 1 1)
(117 59 59 1 0)
(117 64 62 1 0)
(117 68 64 1 0)
(118 47 52 1 1)
(118 57 58 1 0)
(118 59 59 1 0)
(118 63 61 1 0)
(118 66 63 1 0)
(118 71 66 1 0)
(119 40 48 1 1)
(119 52 55 1 1)
(119 64 62 1 0)
(119 68 64 1 0)
(119 76 69 1 0)
(120 45 51 1 1)
(120 52 55 1/2 1)
(241/2 54 56 1/2 1)
(121 56 57 1/2 1)
(121 60 60 1 0)
(121 64 62 1 0)
(243/2 57 58 1/2 1)
(122 59 59 1/2 1)
(122 64 62 1 0)
(122 69 65 1 0)
(245/2 60 60 1/2 1)
(123 60 60 1/3 1)
(370/3 62 61 1/3 1)
(371/3 60 60 1/3 1)
(124 59 59 1 1)
(124 62 61 1 0)
(124 68 64 1 0)
(125 62 61 1 0)
(125 64 62 1 1)
(125 68 64 1 0)
(126 65 63 3/4 0)
(507/4 64 62 1/4 0)
(127 57 58 1 1)
(127 60 60 1 0)
(127 69 65 1 0)
(128 52 55 1 1)
(128 62 61 1 0)
(128 68 64 1 0)
(128 71 66 3/4 0)
(515/4 72 67 1/4 0)
(129 45 51 1 1)
(129 57 58 1 1)
(129 60 60 1 0)
(129 69 65 1 0)
(130 40 48 1 1)
(130 52 55 1 1)
(130 62 61 1 0)
(130 64 62 1 0)
(130 68 64 1 0)
(130 71 66 1 0)
(130 76 69 1 0)
(131 33 44 1 1)
(131 45 51 1 1)
(131 69 65 1 0)
(131 72 67 1 0)
(131 81 72 1 0)
(132 35 45 1 1)
(132 47 52 1 1)
(133 59 59 1 1)
(133 66 63 1 1)
(133 69 65 1 0)
(133 75 68 1/2 0)
(267/2 73 67 1/2 0)
(134 59 59 1 1)
(134 66 63 1 1)
(134 69 65 1 0)
(134 75 68 1/2 0)
(269/2 76 69 1/2 0)
(135 78 70 1/2 0)
(271/2 80 71 1/2 0)
(136 52 55 1 1)
(136 59 59 1 1)
(136 68 64 1 0)
(136 76 69 3/2 0)
(137 52 55 1 1)
(137 59 59 1 1)
(137 68 64 1 0)
(275/2 71 66 1/2 0)
(138 74 68 1 0)
(139 57 58 1 1)
(139 64 62 1 1)
(139 67 64 1 0)
(139 73 67 1/2 0)
(279/2 71 66 1/2 0)
(140 57 58 1 1)
(140 64 62 1 1)
(140 67 64 1 0)
(140 73 67 1/2 0)
(281/2 74 68 1/2 0)
(141 76 69 1/2 0)
(283/2 78 70 1/2 0)
(142 50 54 1 1)
(142 57 58 1 1)
(142 66 63 1 0)
(142 74 68 3/2 0)
(143 50 54 1 1)
(143 57 58 1 1)
(143 66 63 1 0)
(287/2 69 65 1/2 0)
(144 72 67 1 0)
(145 55 57 1 1)
(145 62 61 1 1)
(145 65 63 1 0)
(145 71 66 1/2 0)
(291/2 69 65 1/2 0)
(146 55 57 1 1)
(146 62 61 1 1)
(146 65 63 1 0)
(146 71 66 1/2 0)
(293/2 72 67 1/2 0)
(147 74 68 1/2 0)
(295/2 76 69 1/2 0)
(148 36 46 1 1)
(148 48 53 1 1)
(148 64 62 1 0)
(148 72 67 1 0)
(149 38 47 1 1)
(149 50 54 1 1)
(149 62 61 1 0)
(149 65 63 1 0)
(149 71 66 1 0)
(150 52 55 3/2 1)
(151 56 57 1 0)
(151 62 61 1 0)
(151 64 62 1 0)
(303/2 53 56 1/2 1)
(152 52 55 1 1)
(152 56 57 1 0)
(152 62 61 1 0)
(152 64 62 1 0)
(153 50 54 1 1)
(154 48 53 1/2 1)
(154 57 58 1 0)
(154 60 60 1 0)
(154 64 62 1 0)
(154 69 65 1 0)
(309/2 47 52 1/2 1)
(155 45 51 1 1)
(155 69 65 1 0)
(155 72 67 1 0)
(155 76 69 1 0)
(155 81 72 1 0)
(156 35 45 1 1)
(156 47 52 1 1)
(157 59 59 1 1)
(157 66 63 1 1)
(157 69 65 1 0)
(157 75 68 1/2 0)
(315/2 73 67 1/2 0)
(158 59 59 2 1)
(158 66 63 2 1)
(158 69 65 2 0)
(158 75 68 1/2 0)
(317/2 76 69 1/2 0)
(159 78 70 1/2 0)
(319/2 80 71 1/2 0)
(160 52 55 1 1)
(160 59 59 1 1)
(160 68 64 1 0)
(160 76 69 3/2 0)
(161 52 55 2 1)
(161 59 59 2 1)
(161 68 64 2 0)
(323/2 71 66 1/2 0)
(162 74 68 1 0)
(163 57 58 1 1)
(163 64 62 1 1)
(163 67 64 1 0)
(163 73 67 1/2 0)
(327/2 71 66 1/2 0)
(164 57 58 2 1)
(164 64 62 2 1)
(164 67 64 2 0)
(164 73 67 1/2 0)
(329/2 74 68 1/2 0)
(165 76 69 1/2 0)
(331/2 78 70 1/2 0)
(166 50 54 1 1)
(166 57 58 1 1)
(166 66 63 1 0)
(166 74 68 3/2 0)
(167 50 54 2 1)
(167 57 58 2 1)
(167 66 63 2 0)
(335/2 69 65 1/2 0)
(168 72 67 1 0)
(169 55 57 1 1)
(169 62 61 1 1)
(169 65 63 1 0)
(169 71 66 1/2 0)
(339/2 69 65 1/2 0)
(170 55 57 1 1)
(170 62 61 1 1)
(170 65 63 2 0)
(170 71 66 1/2 0)
(341/2 72 67 1/2 0)
(171 74 68 1/2 0)
(343/2 76 69 1/2 0)
(172 36 46 1 1)
(172 48 53 1 1)
(172 64 62 1 0)
(172 72 67 1 0)
(173 38 47 1 1)
(173 50 54 1 1)
(173 62 61 1 0)
(173 65 63 1 0)
(173 71 66 1 0)
(174 52 55 3/2 1)
(175 56 57 1 0)
(175 62 61 1 0)
(175 64 62 1 0)
(351/2 53 56 1/2 1)
(176 52 55 1 1)
(176 56 57 1 0)
(176 62 61 1 0)
(176 64 62 1 0)
(177 50 54 1 1)
(178 48 53 1/2 1)
(178 57 58 1 1)
(178 60 60 1 1)
(178 64 62 1 0)
(178 69 65 1 0)
(357/2 47 52 1/2 1)
(179 45 51 1 1)
(179 69 65 1 0)
(179 72 67 1 0)
(179 76 69 1 0)
(179 81 72 1 0)
(180 48 53 3 1)
(180 55 57 7/2 1)
(180 67 64 1/2 0)
(361/2 69 65 1/2 0)
(181 71 66 1/2 0)
(363/2 72 67 1/2 0)
(182 74 68 1/2 0)
(365/2 76 69 1/2 0)
(183 78 70 1/2 0)
(367/2 57 58 1/2 1)
(367/2 79 71 1/2 0)
(184 59 59 1/2 1)
(184 78 70 1/2 0)
(369/2 60 60 1/2 1)
(369/2 74 68 1/2 0)
(185 62 61 1/2 1)
(185 76 69 1/2 0)
(371/2 64 62 1/2 1)
(371/2 72 67 1/2 0)
(186 66 63 1/2 0)
(186 74 68 1/2 0)
(373/2 67 64 1/2 0)
(373/2 76 69 1/2 0)
(187 66 63 1/2 0)
(187 74 68 1 0)
(375/2 62 61 1/2 0)
(188 64 62 1/2 0)
(188 72 67 1/2 0)
(377/2 60 60 1/2 0)
(377/2 69 65 1/2 0)
(189 62 61 1/2 1)
(189 65 63 2 0)
(189 67 64 2 0)
(379/2 64 62 1/2 1)
(190 62 61 1 1)
(191 60 60 1/2 1)
(191 64 62 1 0)
(191 72 67 1 0)
(383/2 57 58 1/2 1)
(192 48 53 3 1)
(192 55 57 2 1)
(192 67 64 1/2 0)
(385/2 69 65 1/2 0)
(193 71 66 1/2 0)
(387/2 72 67 1/2 0)
(194 60 60 1 1)
(194 74 68 1/2 0)
(389/2 76 69 1/2 0)
(195 55 57 1/2 1)
(195 78 70 1/2 0)
(391/2 57 58 1/2 1)
(391/2 79 71 1/2 0)
(196 59 59 1/2 1)
(196 78 70 1/2 0)
(393/2 60 60 1/2 1)
(393/2 74 68 1/2 0)
(197 62 61 1/2 1)
(197 76 69 1/2 0)
(395/2 64 62 1/2 1)
(395/2 72 67 1/2 0)
(198 66 63 1/2 0)
(198 74 68 1/2 0)
(397/2 67 64 1/2 0)
(397/2 76 69 1/2 0)
(199 66 63 1/2 0)
(199 74 68 1/2 0)
(399/2 62 61 1/2 0)
(399/2 71 66 1/2 0)
(200 64 62 1/2 0)
(200 72 67 1/2 0)
(401/2 60 60 1/2 0)
(401/2 69 65 1/2 0)
(201 62 61 1/2 1)
(201 65 63 2 0)
(201 67 64 7/2 0)
(403/2 64 62 1/2 1)
(202 62 61 1/2 1)
(405/2 59 59 1/2 1)
(203 60 60 1/2 1)
(203 64 62 1 0)
(407/2 57 58 1/2 1)
(204 48 53 3 1)
(204 55 57 7/2 1)
(409/2 69 65 1/2 0)
(205 71 66 1/2 0)
(411/2 72 67 1/2 0)
(206 74 68 1/2 0)
(413/2 76 69 1/2 0)
(207 78 70 1/2 0)
(415/2 57 58 1/2 1)
(415/2 79 71 1/2 0)
(208 59 59 1/2 1)
(208 78 70 1/2 0)
(417/2 60 60 1/2 1)
(417/2 74 68 1/2 0)
(209 62 61 1/2 1)
(209 76 69 1/2 0)
(419/2 64 62 1/2 1)
(419/2 72 67 1/2 0)
(210 66 63 1/2 0)
(210 74 68 1/2 0)
(421/2 67 64 1/2 0)
(421/2 76 69 1/2 0)
(211 66 63 1/2 0)
(211 74 68 1 0)
(423/2 62 61 1/2 0)
(212 64 62 1/2 0)
(212 72 67 1/2 0)
(425/2 60 60 1/2 0)
(425/2 69 65 1/2 0)
(213 62 61 1/2 1)
(213 65 63 2 0)
(213 67 64 2 0)
(427/2 64 62 1/2 1)
(214 62 61 1 1)
(215 60 60 1/2 1)
(215 64 62 1 0)
(215 72 67 1 0)
(431/2 57 58 1/2 1)
(216 48 53 3 1)
(216 55 57 2 1)
(216 67 64 1/2 0)
(433/2 69 65 1/2 0)
(217 71 66 1/2 0)
(435/2 72 67 1/2 0)
(218 60 60 1 1)
(218 74 68 1/2 0)
(437/2 76 69 1/2 0)
(219 55 57 1/2 1)
(219 78 70 1/2 0)
(439/2 57 58 1/2 1)
(439/2 79 71 1/2 0)
(220 59 59 1/2 1)
(220 78 70 1/2 0)
(441/2 60 60 1/2 1)
(441/2 74 68 1/2 0)
(221 62 61 1/2 1)
(221 76 69 1/2 0)
(443/2 64 62 1/2 1)
(443/2 72 67 1/2 0)
(222 66 63 1/2 0)
(222 74 68 1/2 0)
(445/2 67 64 1/2 0)
(445/2 76 69 1/2 0)
(223 66 63 1/2 0)
(223 74 68 1/2 0)
(447/2 62 61 1/2 0)
(447/2 71 66 1/2 0)
(224 64 62 1/2 0)
(224 72 67 1/2 0)
(449/2 60 60 1/2 0)
(449/2 69 65 1/2 0)
(225 62 61 1/2 1)
(225 65 63 6 0)
(225 67 64 7 0)
(451/2 64 62 1/2 1)
(226 62 61 1/2 1)
(453/2 59 59 1/2 1)
(227 60 60 1/2 1)
(455/2 57 58 1/2 1)
(228 48 53 3 1)
(228 55 57 3 1)
(915/4 71 66 1/4 0)
(229 74 68 1 0)
(230 76 69 1 0)
(231 36 46 7 1)
(231 43 50 7 1)
(231 64 62 2 0)
(231 72 67 3/4 0)
(927/4 71 66 1/4 0)
(232 67 64 1 0)
(233 62 61 1 0)
(233 69 65 1 0)
(234 57 58 1 0)
(234 67 64 3/4 0)
(939/4 66 63 1/4 0)
(235 59 59 1 0)
(235 62 61 1 0)
(236 65 63 1 0)
(237 60 60 1 0)
(237 64 62 1 0)
(238 36 46 1 1)
(238 43 50 1 1)
(238 52 55 1 0)
(238 60 60 1 0)
(239 36 46 1 1)
(239 43 50 1 1)
(239 52 55 1 1)
(239 55 57 1 0)
(239 60 60 1 0)
(239 67 64 5 0)
(240 36 46 3 1)
(240 43 50 3 1)
(240 50 54 3 1)
(240 65 63 3 0)
(963/4 71 66 1/4 0)
(241 74 68 1 0)
(242 76 69 1 0)
(243 36 46 1 1)
(243 43 50 1 1)
(243 52 55 1 1)
(243 64 62 1 0)
(243 72 67 3/4 0)
(975/4 71 66 1/4 0)
(244 36 46 1 1)
(244 43 50 1 1)
(244 52 55 1 1)
(244 64 62 1 0)
(244 67 64 1 0)
(245 36 46 1 1)
(245 43 50 1 1)
(245 52 55 1 1)
(245 60 60 2 0)
(245 69 65 1 0)
(246 36 46 3 1)
(246 43 50 3 1)
(246 50 54 3 1)
(246 67 64 3/4 0)
(987/4 66 63 1/4 0)
(247 57 58 1 0)
(247 62 61 1 0)
(248 59 59 1 0)
(248 64 62 1 0)
(249 36 46 1 1)
(249 43 50 1 1)
(249 52 55 1 1)
(249 60 60 2 0)
(250 36 46 1 1)
(250 43 50 1 1)
(250 52 55 1 1)
(251 36 46 1 1)
(251 43 50 1 1)
(251 52 55 1 1)
(251 55 57 1 1)
(251 60 60 1 0)
(251 67 64 5 0)
(252 36 46 3 1)
(252 43 50 3 1)
(252 50 54 3 1)
(252 65 63 3 0)
(1011/4 71 66 1/4 0)
(253 74 68 1 0)
(254 76 69 1 0)
(255 36 46 1 1)
(255 43 50 1 1)
(255 52 55 1 1)
(255 64 62 1 0)
(255 72 67 3/4 0)
(1023/4 71 66 1/4 0)
(256 36 46 1 1)
(256 43 50 1 1)
(256 52 55 1 1)
(256 64 62 1 0)
(256 67 64 1 0)
(257 36 46 1 1)
(257 43 50 1 1)
(257 52 55 1 1)
(257 60 60 2 0)
(257 69 65 1 0)
(258 36 46 3 1)
(258 43 50 3 1)
(258 50 54 3 1)
(258 67 64 3/4 0)
(1035/4 66 63 1/4 0)
(259 57 58 1 0)
(259 62 61 1 0)
(260 59 59 1 0)
(260 65 63 1 0)
(261 36 46 1 1)
(261 43 50 1 1)
(261 52 55 1 1)
(261 60 60 1 0)
(261 64 62 1 0)
(262 36 46 1 1)
(262 43 50 1 1)
(262 52 55 1 1)
(262 60 60 1 0)
(263 36 46 1 1)
(263 43 50 1 1)
(263 52 55 1 1)
(263 55 57 1 0)
(263 60 60 1 0)
(263 67 64 5 0)
(264 36 46 3 1)
(264 43 50 3 1)
(264 50 54 3 1)
(264 65 63 3 0)
(1059/4 71 66 1/4 0)
(265 74 68 1 0)
(266 76 69 1 0)
(267 36 46 1 1)
(267 43 50 1 1)
(267 52 55 1 1)
(267 64 62 1 0)
(267 72 67 3/4 0)
(1071/4 71 66 1/4 0)
(268 36 46 1 1)
(268 43 50 1 1)
(268 52 55 1 1)
(268 64 62 1 0)
(268 67 64 1 0)
(269 36 46 1 1)
(269 43 50 1 1)
(269 52 55 1 1)
(269 60 60 2 0)
(269 69 65 1 0)
(270 36 46 3 1)
(270 43 50 3 1)
(270 50 54 3 1)
(270 67 64 3/4 0)
(1083/4 66 63 1/4 0)
(271 57 58 1 0)
(271 62 61 1 0)
(272 59 59 1 0)
(272 64 62 1 0)
(273 36 46 1 1)
(273 43 50 1 1)
(273 52 55 1 0)
(273 60 60 1 0)
(274 48 53 1 1)
(274 55 57 1 1)
(274 64 62 1 1)
(274 72 67 1 0)
(274 84 74 1 0)
