(0 64 62 3 0)
(0 68 64 2 0)
(1/2 61 60 1/2 1)
(1 56 57 1 1)
(2 58 58 1 1)
(2 66 63 1 0)
(3 59 59 1/2 1)
(3 63 61 3 0)
(3 66 63 3/4 0)
(7/2 58 58 1/2 1)
(15/4 66 63 1/4 0)
(4 59 59 1 1)
(4 66 63 1 0)
(5 61 60 1 1)
(5 66 63 1 0)
(6 62 61 3 0)
(6 66 63 3/4 0)
(13/2 59 59 1/2 1)
(27/4 66 63 1/4 0)
(7 54 56 1 1)
(7 66 63 1 0)
(8 56 57 1 1)
(8 64 62 1 0)
(9 57 58 1/2 1)
(9 61 60 3 0)
(9 64 62 3/4 0)
(19/2 56 57 1/2 1)
(39/4 64 62 1/4 0)
(10 57 58 1 1)
(10 64 62 1 0)
(11 59 59 1 1)
(11 64 62 1 0)
(12 60 60 3 0)
(12 64 62 3/4 0)
(25/2 57 58 1/2 1)
(51/4 64 62 1/4 0)
(13 52 55 1 1)
(13 64 62 3/2 0)
(14 54 56 1 1)
(29/2 62 61 5/4 0)
(15 55 57 3 1)
(15 59 59 3 0)
(63/4 64 62 1/4 0)
(16 43 50 3 1)
(16 50 54 3 1)
(16 66 63 1 0)
(17 67 64 1 0)
(18 57 58 3 1)
(18 60 60 3 0)
(18 64 62 3/4 0)
(75/4 66 63 1/4 0)
(19 43 50 3 1)
(19 50 54 3 1)
(19 67 64 1 0)
(20 66 63 1 0)
(20 69 65 1 0)
(21 59 59 3 1)
(21 67 64 2 0)
(21 71 66 3/4 0)
(87/4 74 68 1/4 0)
(22 43 50 6 1)
(22 50 54 6 1)
(22 74 68 2 0)
(23 62 61 1 0)
(24 60 60 3 0)
(24 64 62 3/4 0)
(49/2 57 58 1/2 1)
(99/4 64 62 1/4 0)
(25 52 55 1 1)
(25 64 62 3/2 0)
(26 54 56 1 1)
(53/2 62 61 5/4 0)
(27 55 57 3 1)
(27 59 59 3 0)
(111/4 64 62 1/4 0)
(28 43 50 3 1)
(28 50 54 3 1)
(28 66 63 1 0)
(29 67 64 1 0)
(30 57 58 3 1)
(30 60 60 3 0)
(30 64 62 3/4 0)
(123/4 66 63 1/4 0)
(31 43 50 3 1)
(31 50 54 3 1)
(31 67 64 1 0)
(32 66 63 1 0)
(32 69 65 1 0)
(33 59 59 1 1)
(33 65 62 2 0)
(33 71 66 5 0)
(135/4 73 67 1/4 0)
(34 43 50 1 1)
(34 74 67 1 0)
(35 42 49 2 1)
(35 66 63 1 0)
(35 75 68 1 0)
(36 30 42 1 1)
(36 64 62 1 0)
(36 68 64 1 0)
(36 76 69 1/2 0)
(73/2 73 67 1/2 0)
(37 54 56 3/2 1)
(37 64 62 2 0)
(37 68 64 1 0)
(38 70 65 1 0)
(77/2 54 56 1/2 1)
(39 54 56 2 1)
(39 63 61 1 0)
(39 66 63 1/2 0)
(159/4 66 63 1/4 1)
(159/4 68 64 1/4 0)
(40 63 61 2 0)
(40 66 63 5/2 1)
(40 70 65 1 0)
(41 54 56 3 1)
(41 71 66 1 0)
(42 64 62 1 0)
(42 68 64 1/2 0)
(171/4 66 63 1/4 1)
(171/4 70 65 1/4 0)
(43 64 62 2 0)
(43 66 63 2 1)
(43 68 64 1 0)
(43 71 66 1 0)
(44 54 56 1 1)
(44 70 65 1 0)
(44 73 67 1 0)
(45 47 52 1/2 1)
(45 63 61 1/2 0)
(45 71 66 1/2 0)
(45 75 68 1/2 0)
(183/4 63 61 1/4 1)
(183/4 66 63 1/4 0)
(183/4 71 66 1/4 0)
(183/4 78 70 1/4 0)
(46 63 61 1 1)
(46 66 63 1 0)
(46 71 66 1 0)
(46 78 70 1 0)
(47 64 62 1 1)
(47 68 64 1 0)
(47 71 66 1 0)
(47 80 71 1 0)
(48 63 61 1/2 1)
(48 66 63 1/2 0)
(48 71 66 1/2 0)
(48 78 70 1/2 0)
(195/4 59 59 1/4 1)
(195/4 63 61 1/4 0)
(195/4 66 63 1/4 0)
(195/4 75 68 1/4 0)
(49 56 57 1 1)
(49 63 61 1 0)
(49 68 64 1 0)
(49 71 66 1 0)
(50 61 60 1 1)
(50 64 62 1 0)
(50 68 64 1 0)
(50 76 69 1 0)
(51 59 59 1/2 1)
(51 63 61 1/2 0)
(51 68 64 1/2 0)
(51 75 68 1/2 0)
(207/4 56 57 1/4 1)
(207/4 63 61 1/4 0)
(207/4 68 64 1/4 0)
(207/4 71 66 1/4 0)
(52 52 55 1 1)
(52 59 59 2 1)
(52 64 62 1 0)
(52 68 64 1 0)
(53 47 52 1 1)
(53 54 56 1 1)
(53 63 61 1 0)
(53 71 66 1 0)
(54 58 58 1/2 1)
(54 64 62 1/2 0)
(54 66 63 1/2 0)
(54 73 67 1/2 0)
(219/4 42 49 1/4 1)
(219/4 75 68 1/4 0)
(55 58 58 3/2 1)
(55 64 62 3/2 0)
(55 66 63 3/2 0)
(55 73 67 3/2 0)
(113/2 47 52 1/2 1)
(113/2 59 59 1/2 1)
(113/2 63 61 1/2 0)
(113/2 71 66 1/2 0)
(57 47 52 1/2 1)
(57 59 59 1/2 1)
(57 63 61 1/2 0)
(57 71 66 1/2 0)
(231/4 68 64 1/4 0)
(58 52 55 2 1)
(58 59 59 1 1)
(58 64 62 5/2 0)
(58 68 64 1 0)
(59 61 60 1/2 1)
(59 70 65 1/2 0)
(119/2 59 59 1/2 1)
(119/2 68 64 1/2 0)
(60 54 56 1/2 1)
(60 58 58 1/2 1)
(60 66 63 1/2 0)
(243/4 42 49 1/4 1)
(243/4 73 67 1/4 0)
(61 58 58 1 1)
(61 58 58 2 1)
(61 64 62 1 0)
(61 66 63 1 0)
(61 73 67 1 0)
(62 42 49 1 1)
(62 64 62 1 0)
(62 66 63 1 0)
(62 75 68 1 0)
(63 47 52 1 1)
(63 59 59 1 1)
(63 63 61 1 0)
(63 71 66 1 0)
(64 52 55 1 1)
(64 59 59 1 1)
(64 64 62 2 0)
(64 68 64 2 0)
(66 64 62 3 0)
(66 68 64 2 0)
(133/2 61 60 1/2 1)
(67 56 57 1 1)
(68 58 58 1 1)
(68 66 63 1 0)
(69 59 59 1/2 1)
(69 63 61 3 0)
(69 66 63 3/4 0)
(139/2 58 58 1/2 1)
(279/4 66 63 1/4 0)
(70 59 59 1 1)
(70 66 63 1 0)
(71 61 60 1 1)
(71 66 63 1 0)
(72 62 61 3 0)
(72 66 63 3/4 0)
(145/2 59 59 1/2 1)
(291/4 66 63 1/4 0)
(73 54 56 1 1)
(73 66 63 1 0)
(74 56 57 1 1)
(74 64 62 1 0)
(75 57 58 1/2 1)
(75 61 60 3 0)
(75 64 62 3/4 0)
(151/2 56 57 1/2 1)
(303/4 64 62 1/4 0)
(76 57 58 1 1)
(76 64 62 1 0)
(77 59 59 1 1)
(77 64 62 1 0)
(78 60 60 3 0)
(78 64 62 3/4 0)
(157/2 57 58 1/2 1)
(315/4 64 62 1/4 0)
(79 52 55 1 1)
(79 64 62 3/2 0)
(80 54 56 1 1)
(161/2 62 61 5/4 0)
(81 55 57 3 1)
(81 59 59 3 0)
(327/4 64 62 1/4 0)
(82 43 50 3 1)
(82 50 54 3 1)
(82 66 63 1 0)
(83 67 64 1 0)
(84 57 58 3 1)
(84 60 60 3 0)
(84 64 62 3/4 0)
(339/4 66 63 1/4 0)
(85 43 50 3 1)
(85 50 54 3 1)
(85 67 64 1 0)
(86 66 63 1 0)
(86 69 65 1 0)
(87 59 59 3 1)
(87 67 64 2 0)
(87 71 66 3/4 0)
(351/4 74 68 1/4 0)
(88 43 50 2 1)
(88 50 54 2 1)
(88 74 68 2 0)
(89 62 61 1 0)
(90 43 50 4 1)
(90 50 54 4 1)
(90 60 60 3 0)
(90 64 62 3/4 0)
(181/2 57 58 1/2 1)
(363/4 64 62 1/4 0)
(91 52 55 1 1)
(91 64 62 3/2 0)
(92 54 56 1 1)
(185/2 62 61 5/4 0)
(93 55 57 3 1)
(93 59 59 3 0)
(375/4 64 62 1/4 0)
(94 43 50 3 1)
(94 50 54 3 1)
(94 66 63 1 0)
(95 67 64 1 0)
(96 57 58 3 1)
(96 60 60 3 0)
(96 64 62 3/4 0)
(387/4 66 63 1/4 0)
(97 43 50 3 1)
(97 50 54 3 1)
(97 67 64 1 0)
(98 66 63 1 0)
(98 69 65 1 0)
(99 59 59 1 1)
(99 65 62 2 0)
(99 71 66 5 0)
(399/4 73 67 1/4 0)
(100 43 50 1 1)
(100 74 67 1 0)
(101 42 49 2 1)
(101 66 63 1 0)
(101 75 68 1 0)
(102 30 42 1 1)
(102 64 62 1 0)
(102 68 64 1 0)
(102 76 69 1/2 0)
(205/2 73 67 1/2 0)
(103 54 56 3/2 1)
(103 64 62 2 0)
(103 68 64 1 0)
(104 70 65 1 0)
(209/2 54 56 1/2 1)
(105 54 56 2 1)
(105 63 61 1 0)
(105 66 63 1/2 0)
(423/4 66 63 1/4 1)
(423/4 68 64 1/4 0)
(106 63 61 2 0)
(106 66 63 5/2 1)
(106 70 65 1 0)
(107 54 56 3 1)
(107 71 66 1 0)
(108 64 62 1 0)
(108 68 64 1/2 0)
(435/4 66 63 1/4 1)
(435/4 70 65 1/4 0)
(109 64 62 2 0)
(109 66 63 2 1)
(109 68 64 1 0)
(109 71 66 1 0)
(110 54 56 1 1)
(110 70 65 1 0)
(110 73 67 1 0)
(111 47 52 1/2 1)
(111 63 61 1/2 0)
(111 71 66 1/2 0)
(111 75 68 1/2 0)
(447/4 63 61 1/4 1)
(447/4 66 63 1/4 0)
(447/4 71 66 1/4 0)
(447/4 78 70 1/4 0)
(112 63 61 1 1)
(112 66 63 1 0)
(112 71 66 1 0)
(112 78 70 1 0)
(113 64 62 1 1)
(113 68 64 1 0)
(113 71 66 1 0)
(113 80 71 1 0)
(114 63 61 1/2 1)
(114 66 63 1/2 0)
(114 71 66 1/2 0)
(114 78 70 1/2 0)
(459/4 59 59 1/4 1)
(459/4 63 61 1/4 0)
(459/4 66 63 1/4 0)
(459/4 75 68 1/4 0)
(115 56 57 1 1)
(115 63 61 1 0)
(115 68 64 1 0)
(115 71 66 1 0)
(116 61 60 1 1)
(116 64 62 1 0)
(116 68 64 1 0)
(116 76 69 1 0)
(117 59 59 1/2 1)
(117 63 61 1/2 0)
(117 68 64 1/2 0)
(117 75 68 1/2 0)
(471/4 56 57 1/4 1)
(471/4 63 61 1/4 0)
(471/4 68 64 1/4 0)
(471/4 71 66 1/4 0)
(118 52 55 1 1)
(118 59 59 2 1)
(118 64 62 1 0)
(118 68 64 1 0)
(119 47 52 1 1)
(119 54 56 1 1)
(119 63 61 1 0)
(119 71 66 1 0)
(120 58 58 1/2 1)
(120 64 62 1/2 0)
(120 66 63 1/2 0)
(120 73 67 1/2 0)
(483/4 42 49 1/4 1)
(483/4 75 68 1/4 0)
(121 58 58 3/2 1)
(121 64 62 3/2 0)
(121 66 63 3/2 0)
(121 73 67 3/2 0)
(245/2 47 52 1/2 1)
(245/2 59 59 1/2 1)
(245/2 63 61 1/2 0)
(245/2 71 66 1/2 0)
(123 47 52 1/2 1)
(123 59 59 1/2 1)
(123 63 61 1/2 0)
(123 71 66 1/2 0)
(495/4 68 64 1/4 0)
(124 52 55 2 1)
(124 59 59 1 1)
(124 64 62 5/2 0)
(124 68 64 1 0)
(125 61 60 1/2 1)
(125 70 65 1/2 0)
(251/2 59 59 1/2 1)
(251/2 68 64 1/2 0)
(126 54 56 1/2 1)
(126 58 58 1/2 1)
(126 66 63 1/2 0)
(507/4 42 49 1/4 1)
(507/4 73 67 1/4 0)
(127 58 58 1 1)
(127 58 58 2 1)
(127 64 62 1 0)
(127 66 63 1 0)
(127 73 67 1 0)
(128 42 49 1 1)
(128 64 62 1 0)
(128 66 63 1 0)
(128 75 68 1 0)
(129 47 52 2 1)
(129 59 59 2 1)
(129 63 61 1 0)
(129 71 66 1 0)
(130 63 61 1 0)
(130 69 65 2 0)
(131 47 53 1 1)
(131 54 56 1 1)
(131 63 62 2 0)
(132 46 52 1 1)
(132 55 57 1 1)
(132 70 66 1/2 0)
(265/2 72 67 1/2 0)
(133 70 66 1/2 0)
(267/2 77 70 1/2 0)
(134 75 69 1/2 0)
(269/2 80 72 1/2 0)
(135 79 71 1/2 0)
(271/2 84 74 1/2 0)
(136 58 59 1 0)
(136 63 62 1 0)
(136 67 64 1 0)
(136 82 73 1/2 0)
(273/2 86 75 1/2 0)
(137 46 52 1 1)
(137 87 76 1/2 0)
(275/2 84 74 1/2 0)
(138 82 73 1/2 0)
(277/2 84 74 1/2 0)
(139 58 59 1 0)
(139 62 61 1 0)
(139 68 65 1 0)
(139 82 73 1/2 0)
(279/2 79 71 1/2 0)
(140 46 52 1 1)
(140 80 72 1/2 0)
(281/2 77 70 1/2 0)
(141 51 55 1 1)
(141 79 71 1/2 0)
(283/2 74 68 1/2 0)
(142 58 59 1 1)
(142 63 62 2 1)
(142 67 64 1 1)
(142 75 69 1/2 0)
(285/2 74 68 1/2 0)
(143 57 58 1 1)
(143 66 63 1 1)
(143 75 69 1/2 0)
(287/2 72 67 1/2 0)
(144 70 66 1/2 0)
(289/2 72 67 1/2 0)
(145 58 59 1 1)
(145 63 62 1 1)
(145 67 64 1 1)
(145 70 66 1/2 0)
(291/2 77 70 1/2 0)
(146 51 55 1 1)
(146 75 69 1/2 0)
(293/2 80 72 1/2 0)
(147 79 71 1/2 0)
(295/2 84 74 1/2 0)
(148 58 59 1 1)
(148 67 64 1 1)
(148 82 73 1/2 0)
(297/2 86 75 1/2 0)
(149 51 55 1 1)
(149 87 76 1/2 0)
(299/2 84 74 1/2 0)
(150 82 73 1/2 0)
(301/2 84 74 1/2 0)
(151 58 59 1 0)
(151 62 61 1 0)
(151 68 65 1 0)
(151 82 73 1/2 0)
(303/2 79 71 1/2 0)
(152 51 55 1 1)
(152 80 72 1/2 0)
(305/2 77 70 1/2 0)
(153 79 71 1/2 0)
(307/2 74 68 1/2 0)
(154 58 59 1 1)
(154 61 61 1 1)
(154 67 64 1 1)
(154 75 69 1/2 0)
(309/2 72 67 1/2 0)
(155 51 55 1 1)
(155 73 68 1/2 0)
(311/2 65 63 1/2 0)
(156 63 62 1/2 0)
(313/2 65 63 1/2 0)
(157 51 55 1 1)
(157 60 60 1 1)
(157 63 62 1/2 0)
(315/2 70 66 1/2 0)
(158 44 51 1 1)
(158 68 65 1/2 0)
(317/2 73 68 1/2 0)
(159 72 67 1/2 0)
(319/2 77 70 1/2 0)
(160 51 55 1 1)
(160 60 60 1 1)
(160 75 69 1/2 0)
(321/2 79 71 1/2 0)
(161 44 51 1 1)
(161 80 72 1/2 0)
(323/2 77 70 1/2 0)
(162 75 69 1/2 0)
(325/2 77 70 1/2 0)
(163 51 55 1 1)
(163 55 57 1 1)
(163 61 61 1 1)
(163 75 69 1/2 0)
(327/2 72 67 1/2 0)
(164 44 51 1 1)
(164 73 68 1/2 0)
(329/2 70 66 1/2 0)
(165 72 67 1/2 0)
(331/2 67 64 1/2 0)
(166 51 55 1 1)
(166 56 58 2 1)
(166 60 60 1 1)
(166 68 65 1/2 0)
(333/2 67 64 1/2 0)
(167 50 54 1 1)
(167 59 59 1 1)
(167 68 65 1/2 0)
(335/2 65 63 1/2 0)
(168 63 62 1/2 0)
(337/2 65 63 1/2 0)
(169 51 55 1 1)
(169 56 58 1 1)
(169 60 60 1 1)
(169 63 62 1/2 0)
(339/2 70 66 1/2 0)
(170 44 51 1 1)
(170 68 65 1/2 0)
(341/2 73 68 1/2 0)
(171 72 67 1/2 0)
(343/2 77 70 1/2 0)
(172 51 55 1 1)
(172 60 60 1 1)
(172 75 69 1/2 0)
(345/2 79 71 1/2 0)
(173 44 51 1 1)
(173 80 72 1/2 0)
(347/2 77 70 1/2 0)
(174 75 69 1/2 0)
(349/2 77 70 1/2 0)
(175 51 55 1 1)
(175 55 57 1 1)
(175 61 61 1 1)
(175 75 69 1/2 0)
(351/2 72 67 1/2 0)
(176 44 51 2 1)
(176 73 68 1/2 0)
(353/2 70 66 1/2 0)
(177 72 67 1/2 0)
(355/2 67 64 1/2 0)
(178 53 56 1 1)
(178 60 60 1 1)
(178 63 62 1 0)
(178 68 65 1/2 0)
(357/2 67 64 1/2 0)
(179 46 52 1 1)
(179 56 58 1 1)
(179 62 61 1 0)
(179 65 63 1/2 0)
(359/2 72 67 1/2 0)
(180 70 66 1/2 0)
(361/2 72 67 1/2 0)
(181 58 59 1 1)
(181 67 64 1 1)
(181 70 66 1/2 0)
(363/2 77 70 1/2 0)
(182 51 55 1 1)
(182 75 69 1/2 0)
(365/2 80 72 1/2 0)
(183 79 71 1/2 0)
(367/2 84 74 1/2 0)
(184 58 59 1 1)
(184 67 64 1 1)
(184 82 73 1/2 0)
(369/2 86 75 1/2 0)
(185 51 55 1 1)
(185 87 76 1/2 0)
(371/2 84 74 1/2 0)
(186 82 73 1/2 0)
(373/2 84 74 1/2 0)
(187 58 59 1 1)
(187 62 61 1 1)
(187 68 65 1 1)
(187 82 73 1/2 0)
(375/2 79 71 1/2 0)
(188 51 55 1 1)
(188 80 72 1/2 0)
(377/2 77 70 1/2 0)
(189 79 71 1/2 0)
(379/2 74 68 1/2 0)
(190 58 59 1 1)
(190 63 62 2 1)
(190 67 64 1 1)
(190 75 69 1/2 0)
(381/2 74 68 1/2 0)
(191 57 58 1 1)
(191 66 63 1 1)
(191 75 69 1/2 0)
(383/2 72 67 1/2 0)
(192 70 66 1/2 0)
(385/2 72 67 1/2 0)
(193 58 59 1 1)
(193 67 64 1 1)
(193 70 66 1/2 0)
(387/2 77 70 1/2 0)
(194 51 55 1 1)
(194 75 69 1/2 0)
(389/2 80 72 1/2 0)
(195 79 71 1/2 0)
(391/2 84 74 1/2 0)
(196 58 59 1 1)
(196 67 64 1 1)
(196 82 73 1/2 0)
(393/2 86 75 1/2 0)
(197 51 55 1 1)
(197 87 76 1/2 0)
(395/2 84 74 1/2 0)
(198 82 73 1/2 0)
(397/2 84 74 1/2 0)
(199 58 59 1 1)
(199 62 61 1 1)
(199 68 65 1 1)
(199 82 73 1/2 0)
(399/2 79 71 1/2 0)
(200 51 55 1 1)
(200 80 72 1/2 0)
(401/2 77 70 1/2 0)
(201 79 71 1/2 0)
(403/2 74 68 1/2 0)
(202 58 59 1 1)
(202 61 61 1 1)
(202 67 64 1 1)
(202 75 69 1/2 0)
(405/2 72 67 1/2 0)
(203 51 55 1 1)
(203 73 68 1/2 0)
(407/2 65 63 1/2 0)
(204 63 62 1/2 0)
(409/2 65 63 1/2 0)
(205 51 55 1 1)
(205 56 58 1 1)
(205 60 60 1 1)
(205 63 62 1/2 0)
(411/2 70 66 1/2 0)
(206 44 51 1 1)
(206 68 65 1/2 0)
(413/2 73 68 1/2 0)
(207 72 67 1/2 0)
(415/2 77 70 1/2 0)
(208 51 55 1 1)
(208 60 60 1 1)
(208 75 69 1/2 0)
(417/2 79 71 1/2 0)
(209 44 51 1 1)
(209 80 72 1/2 0)
(419/2 77 70 1/2 0)
(210 75 69 1/2 0)
(421/2 77 70 1/2 0)
(211 51 55 1 1)
(211 55 57 1 1)
(211 61 61 1 1)
(211 75 69 1/2 0)
(423/2 72 67 1/2 0)
(212 44 51 1 1)
(212 73 68 1/2 0)
(425/2 70 66 1/2 0)
(213 72 67 1/2 0)
(427/2 67 64 1/2 0)
(214 51 55 1 1)
(214 56 58 2 1)
(214 60 60 1 1)
(214 68 65 1/2 0)
(429/2 67 64 1/2 0)
(215 50 54 1 1)
(215 59 59 1 1)
(215 68 65 1/2 0)
(431/2 65 63 1/2 0)
(216 63 62 1/2 0)
(433/2 65 63 1/2 0)
(217 51 55 1 1)
(217 56 58 1 1)
(217 60 60 1 1)
(217 63 62 1/2 0)
(435/2 70 66 1/2 0)
(218 44 51 1 1)
(218 68 65 1/2 0)
(437/2 73 68 1/2 0)
(219 72 67 1/2 0)
(439/2 77 70 1/2 0)
(220 51 55 1 1)
(220 60 60 1 1)
(220 75 69 1/2 0)
(441/2 79 71 1/2 0)
(221 44 51 1 1)
(221 80 72 1/2 0)
(443/2 77 70 1/2 0)
(222 75 69 1/2 0)
(445/2 72 67 1/2 0)
(223 73 68 1/2 0)
(447/2 77 70 1/2 0)
(224 75 69 1/2 0)
(449/2 72 67 1/2 0)
(225 68 65 1/2 0)
(451/2 70 66 1/2 0)
(226 73 68 1/2 0)
(453/2 72 67 1/2 0)
(227 68 65 1/2 0)
(455/2 63 62 1/2 0)
(228 64 63 1/2 0)
(457/2 68 65 1/2 0)
(229 63 62 1/2 0)
(459/2 60 60 1/2 0)
(230 64 63 1/2 0)
(461/2 68 65 1/2 0)
(231 63 62 1/2 0)
(463/2 60 60 1/2 0)
(232 64 63 1/2 0)
(465/2 68 65 1/2 0)
(233 63 62 1/2 0)
(467/2 60 60 1/2 0)
(234 64 63 1/2 0)
(469/2 68 65 1/2 0)
(235 63 62 1/2 0)
(471/2 59 60 1/2 0)
(236 64 63 1/2 0)
(473/2 68 65 1/2 0)
(237 63 62 1/2 0)
(475/2 59 60 1/2 0)
(238 64 63 1/2 0)
(477/2 68 65 1/2 0)
(239 63 62 1/2 0)
(479/2 59 60 1/2 0)
(240 64 62 3 0)
(240 68 64 2 0)
(481/2 61 60 1/2 1)
(241 56 57 1 1)
(242 58 58 1 1)
(242 66 63 1 0)
(243 59 59 1/2 1)
(243 63 61 3 0)
(243 66 63 3/4 0)
(487/2 58 58 1/2 1)
(975/4 66 63 1/4 0)
(244 59 59 1 1)
(244 66 63 1 0)
(245 61 60 1 1)
(245 66 63 1 0)
(246 62 61 3 0)
(246 66 63 3/4 0)
(493/2 59 59 1/2 1)
(987/4 66 63 1/4 0)
(247 54 56 1 1)
(247 66 63 1 0)
(248 56 57 1 1)
(248 64 62 1 0)
(249 57 58 1/2 1)
(249 61 60 3 0)
(249 64 62 3/4 0)
(499/2 56 57 1/2 1)
(999/4 64 62 1/4 0)
(250 57 58 1 1)
(250 64 62 1 0)
(251 59 59 1 1)
(251 64 62 1 0)
(252 60 60 3 0)
(252 64 62 3/4 0)
(505/2 57 58 1/2 1)
(1011/4 64 62 1/4 0)
(253 52 55 1 1)
(253 64 62 3/2 0)
(254 54 56 1 1)
(509/2 62 61 5/4 0)
(255 55 57 3 1)
(255 59 59 3 0)
(1023/4 64 62 1/4 0)
(256 43 50 3 1)
(256 50 54 3 1)
(256 66 63 1 0)
(257 67 64 1 0)
(258 57 58 3 1)
(258 60 60 3 0)
(258 64 62 3/4 0)
(1035/4 66 63 1/4 0)
(259 43 50 3 1)
(259 50 54 3 1)
(259 67 64 1 0)
(260 66 63 1 0)
(260 69 65 1 0)
(261 59 59 3 1)
(261 67 64 2 0)
(261 71 66 3/4 0)
(1047/4 74 68 1/4 0)
(262 43 50 6 1)
(262 50 54 6 1)
(262 74 68 2 0)
(263 62 61 1 0)
(264 60 60 3 0)
(264 64 62 3/4 0)
(529/2 57 58 1/2 1)
(1059/4 64 62 1/4 0)
(265 52 55 1 1)
(265 64 62 3/2 0)
(266 54 56 1 1)
(533/2 62 61 5/4 0)
(267 55 57 3 1)
(267 59 59 3 0)
(1071/4 64 62 1/4 0)
(268 43 50 3 1)
(268 50 54 3 1)
(268 66 63 1 0)
(269 67 64 1 0)
(270 57 58 3 1)
(270 60 60 3 0)
(270 64 62 3/4 0)
(1083/4 66 63 1/4 0)
(271 43 50 3 1)
(271 50 54 3 1)
(271 67 64 1 0)
(272 66 63 1 0)
(272 69 65 1 0)
(273 59 59 1 1)
(273 65 62 2 0)
(273 71 66 5 0)
(1095/4 73 67 1/4 0)
(274 43 50 1 1)
(274 74 67 1 0)
(275 42 49 2 1)
(275 66 63 1 0)
(275 75 68 1 0)
(276 30 42 1 1)
(276 64 62 1 0)
(276 68 64 1 0)
(276 76 69 1/2 0)
(553/2 73 67 1/2 0)
(277 54 56 3/2 1)
(277 64 62 2 0)
(277 68 64 1 0)
(278 70 65 1 0)
(557/2 54 56 1/2 1)
(279 54 56 2 1)
(279 63 61 1 0)
(279 66 63 1/2 0)
(1119/4 66 63 1/4 1)
(1119/4 68 64 1/4 0)
(280 63 61 2 0)
(280 66 63 5/2 1)
(280 70 65 1 0)
(281 54 56 3 1)
(281 71 66 1 0)
(282 64 62 1 0)
(282 68 64 1/2 0)
(1131/4 66 63 1/4 1)
(1131/4 70 65 1/4 0)
(283 64 62 2 0)
(283 66 63 2 1)
(283 68 64 1 0)
(283 71 66 1 0)
(284 54 56 1 1)
(284 70 65 1 0)
(284 73 67 1 0)
(285 47 52 1/2 1)
(285 63 61 1/2 0)
(285 71 66 1/2 0)
(285 75 68 1/2 0)
(1143/4 63 61 1/4 1)
(1143/4 66 63 1/4 0)
(1143/4 71 66 1/4 0)
(1143/4 78 70 1/4 0)
(286 63 61 1 1)
(286 66 63 1 0)
(286 71 66 1 0)
(286 78 70 1 0)
(287 64 62 1 1)
(287 68 64 1 0)
(287 71 66 1 0)
(287 80 71 1 0)
(288 63 61 1/2 1)
(288 66 63 1/2 0)
(288 71 66 1/2 0)
(288 78 70 1/2 0)
(1155/4 59 59 1/4 1)
(1155/4 63 61 1/4 0)
(1155/4 66 63 1/4 0)
(1155/4 75 68 1/4 0)
(289 56 57 1 1)
(289 63 61 1 0)
(289 68 64 1 0)
(289 71 66 1 0)
(290 61 60 1 1)
(290 64 62 1 0)
(290 68 64 1 0)
(290 76 69 1 0)
(291 59 59 1/2 1)
(291 63 61 1/2 0)
(291 68 64 1/2 0)
(291 75 68 1/2 0)
(1167/4 56 57 1/4 1)
(1167/4 63 61 1/4 0)
(1167/4 68 64 1/4 0)
(1167/4 71 66 1/4 0)
(292 52 55 1 1)
(292 59 59 2 1)
(292 64 62 1 0)
(292 68 64 1 0)
(293 47 52 1 1)
(293 54 56 1 1)
(293 63 61 1 0)
(293 71 66 1 0)
(294 58 58 1/2 1)
(294 64 62 1/2 0)
(294 66 63 1/2 0)
(294 73 67 1/2 0)
(1179/4 42 49 1/4 1)
(1179/4 75 68 1/4 0)
(295 58 58 3/2 1)
(295 64 62 3/2 0)
(295 66 63 3/2 0)
(295 73 67 3/2 0)
(593/2 47 52 1/2 1)
(593/2 59 59 1/2 1)
(593/2 63 61 1/2 0)
(593/2 71 66 1/2 0)
(297 47 52 1/2 1)
(297 59 59 1/2 1)
(297 63 61 1 0)
(297 71 66 1/2 0)
(1191/4 68 64 1/4 0)
(298 52 55 2 1)
(298 59 59 1 1)
(298 64 62 2 0)
(298 68 64 1 0)
(299 61 60 1/2 1)
(299 70 65 1/2 0)
(599/2 59 59 1/2 1)
(599/2 68 64 1/2 0)
(300 54 56 1/2 1)
(300 58 58 1/2 1)
(300 64 62 1 0)
(300 66 63 1/2 0)
(1203/4 42 49 1/4 1)
(1203/4 73 67 1/4 0)
(301 58 58 1 1)
(301 58 58 2 1)
(301 64 62 1 0)
(301 66 63 1 0)
(301 73 67 1 0)
(302 42 49 1 1)
(302 64 62 1 0)
(302 66 63 1 0)
(302 75 68 1 0)
(303 47 52 7/4 1)
(303 54 56 1 1)
(303 63 61 1 0)
(303 71 66 2 0)
(304 55 57 1 1)
(304 62 61 3/4 0)
(1219/4 48 53 1/4 1)
(1219/4 64 62 1/4 0)
(305 50 54 2 1)
(305 54 56 2 1)
(305 60 60 2 0)
(305 69 65 1 0)
(306 62 61 1/2 0)
(613/2 64 62 1/2 0)
(307 50 54 1 1)
(307 55 57 1 1)
(307 59 59 1 1)
(307 62 61 1/2 0)
(615/2 69 65 1/2 0)
(308 43 50 1 1)
(308 67 64 1/2 0)
(617/2 72 67 1/2 0)
(309 71 66 1/2 0)
(619/2 76 69 1/2 0)
(310 50 54 1 1)
(310 59 59 1 1)
(310 74 68 1/2 0)
(621/2 78 70 1/2 0)
(311 43 50 1 1)
(311 79 71 1/2 0)
(623/2 76 69 1/2 0)
(312 74 68 1/2 0)
(625/2 76 69 1/2 0)
(313 50 54 1 1)
(313 54 56 1 1)
(313 60 60 1 1)
(313 74 68 1/2 0)
(627/2 71 66 1/2 0)
(314 43 50 1 1)
(314 72 67 1/2 0)
(629/2 69 65 1/2 0)
(315 71 66 1/2 0)
(631/2 66 63 1/2 0)
(316 50 54 1 1)
(316 55 57 2 1)
(316 59 59 1 1)
(316 67 64 1/2 0)
(633/2 66 63 1/2 0)
(317 49 53 1 1)
(317 58 58 1 1)
(317 67 64 1/2 0)
(635/2 64 62 1/2 0)
(318 62 61 1/2 0)
(637/2 64 62 1/2 0)
(319 50 54 1 1)
(319 59 59 1 1)
(319 62 61 1/2 0)
(639/2 69 65 1/2 0)
(320 43 50 1 1)
(320 67 64 1/2 0)
(641/2 72 67 1/2 0)
(321 71 66 1/2 0)
(643/2 76 69 1/2 0)
(322 50 54 1 1)
(322 59 59 1 1)
(322 74 68 1/2 0)
(645/2 78 70 1/2 0)
(323 43 50 1 1)
(323 79 71 1/2 0)
(647/2 76 69 1/2 0)
(324 74 68 1/2 0)
(649/2 76 69 1/2 0)
(325 50 54 1 1)
(325 54 56 1 1)
(325 60 60 1 1)
(325 74 68 1/2 0)
(651/2 71 66 1/2 0)
(326 43 50 2 1)
(326 72 67 1/2 0)
(653/2 69 65 1/2 0)
(327 71 66 1/2 0)
(655/2 66 63 1/2 0)
(328 52 55 1 1)
(328 59 59 1 1)
(328 62 61 1 0)
(328 67 64 1/2 0)
(657/2 66 63 1/2 0)
(329 45 51 1 1)
(329 55 57 1 1)
(329 61 60 1 0)
(329 64 62 1/2 0)
(659/2 71 66 1/2 0)
(330 69 65 1/2 0)
(661/2 71 66 1/2 0)
(331 57 58 1 1)
(331 66 63 1 1)
(331 69 65 1/2 0)
(663/2 76 69 1/2 0)
(332 50 54 1 1)
(332 74 68 1/2 0)
(665/2 79 71 1/2 0)
(333 78 70 1/2 0)
(667/2 83 73 1/2 0)
(334 57 58 1 1)
(334 66 63 1 1)
(334 81 72 1/2 0)
(669/2 85 74 1/2 0)
(335 50 54 1 1)
(335 86 75 1/2 0)
(671/2 83 73 1/2 0)
(336 81 72 1/2 0)
(673/2 83 73 1/2 0)
(337 57 58 1 1)
(337 61 60 1 1)
(337 67 64 1 1)
(337 81 72 1/2 0)
(675/2 78 70 1/2 0)
(338 50 54 1 1)
(338 79 71 1/2 0)
(677/2 76 69 1/2 0)
(339 78 70 1/2 0)
(679/2 73 67 1/2 0)
(340 57 58 1 1)
(340 62 61 2 1)
(340 66 63 1 1)
(340 74 68 1/2 0)
(681/2 73 67 1/2 0)
(341 56 57 1 1)
(341 65 62 1 1)
(341 74 68 1/2 0)
(683/2 71 66 1/2 0)
(342 69 65 1/2 0)
(685/2 71 66 1/2 0)
(343 57 58 1 1)
(343 66 63 1 1)
(343 69 65 1/2 0)
(687/2 76 69 1/2 0)
(344 50 54 1 1)
(344 74 68 1/2 0)
(689/2 79 71 1/2 0)
(345 78 70 1/2 0)
(691/2 83 73 1/2 0)
(346 57 58 1 1)
(346 66 63 1 1)
(346 81 72 1/2 0)
(693/2 85 74 1/2 0)
(347 50 54 1 1)
(347 86 75 1/2 0)
(695/2 83 73 1/2 0)
(348 81 72 1/2 0)
(697/2 83 73 1/2 0)
(349 57 58 1 1)
(349 61 60 1 1)
(349 67 64 1 1)
(349 81 72 1/2 0)
(699/2 78 70 1/2 0)
(350 50 54 1 1)
(350 79 71 1/2 0)
(701/2 76 69 1/2 0)
(351 78 70 1/2 0)
(703/2 74 68 1/2 0)
(352 57 58 1 1)
(352 60 60 1 1)
(352 66 63 1 1)
(352 76 69 1/2 0)
(705/2 71 66 1/2 0)
(353 50 54 1 1)
(353 72 67 1/2 0)
(707/2 64 62 1/2 0)
(354 62 61 1/2 0)
(709/2 64 62 1/2 0)
(355 50 54 1 1)
(355 59 59 1 1)
(355 62 61 1/2 0)
(711/2 69 65 1/2 0)
(356 43 50 1 1)
(356 67 64 1/2 0)
(713/2 72 67 1/2 0)
(357 71 66 1/2 0)
(715/2 76 69 1/2 0)
(358 50 54 1 1)
(358 59 59 1 1)
(358 74 68 1/2 0)
(717/2 78 70 1/2 0)
(359 43 50 1 1)
(359 79 71 1/2 0)
(719/2 76 69 1/2 0)
(360 74 68 1/2 0)
(721/2 76 69 1/2 0)
(361 50 54 1 1)
(361 54 56 1 1)
(361 60 60 1 1)
(361 74 68 1/2 0)
(723/2 71 66 1/2 0)
(362 43 50 1 1)
(362 72 67 1/2 0)
(725/2 69 65 1/2 0)
(363 71 66 1/2 0)
(727/2 66 63 1/2 0)
(364 50 54 1 1)
(364 55 57 2 1)
(364 59 59 1 1)
(364 67 64 1/2 0)
(729/2 66 63 1/2 0)
(365 49 53 1 1)
(365 58 58 1 1)
(365 67 64 1/2 0)
(731/2 64 62 1/2 0)
(366 62 61 1/2 0)
(733/2 64 62 1/2 0)
(367 50 54 1 1)
(367 59 59 1 1)
(367 62 61 1/2 0)
(735/2 69 65 1/2 0)
(368 43 50 1 1)
(368 67 64 1/2 0)
(737/2 72 67 1/2 0)
(369 71 66 1/2 0)
(739/2 76 69 1/2 0)
(370 50 54 1 1)
(370 59 59 1 1)
(370 74 68 1/2 0)
(741/2 78 70 1/2 0)
(371 43 50 1 1)
(371 79 71 1/2 0)
(743/2 76 69 1/2 0)
(372 74 68 1/2 0)
(745/2 76 69 1/2 0)
(373 50 54 1 1)
(373 54 56 1 1)
(373 60 60 1 1)
(373 74 68 1/2 0)
(747/2 71 66 1/2 0)
(374 43 50 2 1)
(374 72 67 1/2 0)
(749/2 69 65 1/2 0)
(375 71 66 1/2 0)
(751/2 66 63 1/2 0)
(376 52 55 1 1)
(376 59 59 1 1)
(376 62 61 1 0)
(376 67 64 1/2 0)
(753/2 66 63 1/2 0)
(377 45 51 1 1)
(377 55 57 1 1)
(377 61 60 1 0)
(377 64 62 1/2 0)
(755/2 71 66 1/2 0)
(378 69 65 1/2 0)
(757/2 71 66 1/2 0)
(379 57 58 1 1)
(379 66 63 1 1)
(379 69 65 1/2 0)
(759/2 76 69 1/2 0)
(380 50 54 1 1)
(380 74 68 1/2 0)
(761/2 79 71 1/2 0)
(381 78 70 1/2 0)
(763/2 83 73 1/2 0)
(382 57 58 1 1)
(382 66 63 1 1)
(382 81 72 1/2 0)
(765/2 85 74 1/2 0)
(383 50 54 1 1)
(383 86 75 1/2 0)
(767/2 83 73 1/2 0)
(384 81 72 1/2 0)
(769/2 83 73 1/2 0)
(385 57 58 1 1)
(385 61 60 1 1)
(385 67 64 1 1)
(385 81 72 1/2 0)
(771/2 78 70 1/2 0)
(386 50 54 1 1)
(386 79 71 1/2 0)
(773/2 76 69 1/2 0)
(387 78 70 1/2 0)
(775/2 73 67 1/2 0)
(388 57 58 1 1)
(388 62 61 2 1)
(388 66 63 1 1)
(388 74 68 1/2 0)
(777/2 73 67 1/2 0)
(389 56 57 1 1)
(389 65 62 1 1)
(389 74 68 1/2 0)
(779/2 71 66 1/2 0)
(390 69 65 1/2 0)
(781/2 71 66 1/2 0)
(391 57 58 1 1)
(391 66 63 1 1)
(391 69 65 1/2 0)
(783/2 76 69 1/2 0)
(392 50 54 1 1)
(392 74 68 1/2 0)
(785/2 79 71 1/2 0)
(393 78 70 1/2 0)
(787/2 83 73 1/2 0)
(394 57 58 1 1)
(394 66 63 1 1)
(394 81 72 1/2 0)
(789/2 85 74 1/2 0)
(395 50 54 1 1)
(395 86 75 1/2 0)
(791/2 83 73 1/2 0)
(396 81 72 1/2 0)
(793/2 78 70 1/2 0)
(397 79 71 1/2 0)
(795/2 83 73 1/2 0)
(398 81 72 1/2 0)
(797/2 78 70 1/2 0)
(399 74 68 1/2 0)
(799/2 76 69 1/2 0)
(400 79 71 1/2 0)
(801/2 78 70 1/2 0)
(401 74 68 1/2 0)
(803/2 69 65 1/2 0)
(402 70 66 1/2 0)
(805/2 74 68 1/2 0)
(403 69 65 1/2 0)
(807/2 66 63 1/2 0)
(404 70 66 1/2 0)
(809/2 74 68 1/2 0)
(405 69 65 1/2 0)
(811/2 66 63 1/2 0)
(406 70 66 1/2 0)
(813/2 74 68 1/2 0)
(407 69 65 1/2 0)
(815/2 66 63 1/2 0)
(408 69 65 1/2 0)
(817/2 73 68 1/2 0)
(409 68 65 1/2 0)
(819/2 65 63 1/2 0)
(410 69 65 1/2 0)
(821/2 73 68 1/2 0)
(411 68 65 1/2 0)
(823/2 65 63 1/2 0)
(412 69 65 1/2 0)
(825/2 73 68 1/2 0)
(413 68 65 1/2 0)
(827/2 65 63 1/2 0)
(414 68 65 1/2 0)
(829/2 72 67 1/2 0)
(415 67 64 1/2 0)
(831/2 64 62 1/2 0)
(416 67 64 1/2 0)
(833/2 71 66 1/2 0)
(417 66 63 1/2 0)
(835/2 63 61 1/2 0)
(418 66 63 1/2 0)
(837/2 70 66 1/2 0)
(419 65 63 1/2 0)
(839/2 62 61 1/2 0)
(420 65 63 1/2 0)
(841/2 69 65 1/2 0)
(421 64 62 1/2 0)
(843/2 61 60 1/2 0)
(422 64 62 1/2 0)
(845/2 68 64 1/2 0)
(423 63 61 1/2 0)
(847/2 60 59 1/2 0)
(424 64 62 1/2 0)
(849/2 68 64 1/2 0)
(425 63 61 1/2 0)
(851/2 59 59 1/2 0)
(426 64 62 3 0)
(426 68 64 2 0)
(853/2 61 60 1/2 1)
(427 56 57 1 1)
(428 58 58 1 1)
(428 66 63 1 0)
(429 59 59 1/2 1)
(429 63 61 3 0)
(429 66 63 3/4 0)
(859/2 58 58 1/2 1)
(1719/4 66 63 1/4 0)
(430 59 59 1 1)
(430 66 63 1 0)
(431 61 60 1 1)
(431 66 63 1 0)
(432 62 61 3 0)
(432 66 63 3/4 0)
(865/2 59 59 1/2 1)
(1731/4 66 63 1/4 0)
(433 54 56 1 1)
(433 66 63 1 0)
(434 56 57 1 1)
(434 64 62 1 0)
(435 57 58 1/2 1)
(435 61 60 3 0)
(435 64 62 3/4 0)
(871/2 56 57 1/2 1)
(1743/4 64 62 1/4 0)
(436 57 58 1 1)
(436 64 62 1 0)
(437 59 59 1 1)
(437 64 62 1 0)
(438 60 60 3 0)
(438 64 62 3/4 0)
(877/2 57 58 1/2 1)
(1755/4 64 62 1/4 0)
(439 52 55 1 1)
(439 64 62 3/2 0)
(440 54 56 1 1)
(881/2 62 61 5/4 0)
(441 55 57 3 1)
(441 59 59 3 0)
(1767/4 64 62 1/4 0)
(442 43 50 3 1)
(442 50 54 3 1)
(442 66 63 1 0)
(443 67 64 1 0)
(444 57 58 3 1)
(444 60 60 3 0)
(444 64 62 3/4 0)
(1779/4 66 63 1/4 0)
(445 43 50 3 1)
(445 50 54 3 1)
(445 67 64 1 0)
(446 66 63 1 0)
(446 69 65 1 0)
(447 59 59 3 1)
(447 67 64 2 0)
(447 71 66 3/4 0)
(1791/4 74 68 1/4 0)
(448 43 50 6 1)
(448 50 54 6 1)
(448 74 68 2 0)
(449 62 61 1 0)
(450 60 60 3 0)
(450 64 62 3/4 0)
(901/2 57 58 1/2 1)
(1803/4 64 62 1/4 0)
(451 52 55 1 1)
(451 64 62 3/2 0)
(452 54 56 1 1)
(905/2 62 61 5/4 0)
(453 55 57 3 1)
(453 59 59 3 0)
(1815/4 64 62 1/4 0)
(454 43 50 3 1)
(454 50 54 3 1)
(454 66 63 1 0)
(455 67 64 1 0)
(456 57 58 3 1)
(456 60 60 3 0)
(456 64 62 3/4 0)
(1827/4 66 63 1/4 0)
(457 43 50 3 1)
(457 50 54 3 1)
(457 67 64 1 0)
(458 66 63 1 0)
(458 69 65 1 0)
(459 59 59 1 1)
(459 65 62 2 0)
(459 71 66 5 0)
(1839/4 73 67 1/4 0)
(460 43 50 1 1)
(460 74 67 1 0)
(461 42 49 2 1)
(461 66 63 1 0)
(461 75 68 1 0)
(462 30 42 1 1)
(462 64 62 1 0)
(462 68 64 1 0)
(462 76 69 3/4 0)
(1851/4 73 67 1/4 0)
(463 54 56 3/2 1)
(463 64 62 2 0)
(463 68 64 1 0)
(464 70 65 1 0)
(929/2 54 56 1/2 1)
(465 54 56 2 1)
(465 63 61 1 0)
(465 66 63 1/2 0)
(1863/4 66 63 1/4 1)
(1863/4 68 64 1/4 0)
(466 63 61 2 0)
(466 66 63 5/2 1)
(466 70 65 1 0)
(467 54 56 3 1)
(467 71 66 1 0)
(468 64 62 1 0)
(468 68 64 1/2 0)
(1875/4 66 63 1/4 1)
(1875/4 70 65 1/4 0)
(469 64 62 2 0)
(469 66 63 2 1)
(469 68 64 1 0)
(469 71 66 1 0)
(470 54 56 1 1)
(470 70 65 1 0)
(470 73 67 1 0)
(471 47 52 1/2 1)
(471 63 61 1/2 0)
(471 71 66 1/2 0)
(471 75 68 1/2 0)
(1887/4 63 61 1/4 1)
(1887/4 66 63 1/4 0)
(1887/4 71 66 1/4 0)
(1887/4 78 70 1/4 0)
(472 63 61 1 1)
(472 66 63 1 0)
(472 71 66 1 0)
(472 78 70 1 0)
(473 64 62 1 1)
(473 68 64 1 0)
(473 71 66 1 0)
(473 80 71 1 0)
(474 63 61 1/2 1)
(474 66 63 1/2 0)
(474 71 66 1/2 0)
(474 78 70 1/2 0)
(1899/4 59 59 1/4 1)
(1899/4 63 61 1/4 0)
(1899/4 66 63 1/4 0)
(1899/4 75 68 1/4 0)
(475 56 57 1 1)
(475 63 61 1 0)
(475 68 64 1 0)
(475 71 66 1 0)
(476 61 60 1 1)
(476 64 62 1 0)
(476 68 64 1 0)
(476 76 69 1 0)
(477 59 59 1/2 1)
(477 63 61 1/2 0)
(477 68 64 1/2 0)
(477 75 68 1/2 0)
(1911/4 56 57 1/4 1)
(1911/4 63 61 1/4 0)
(1911/4 68 64 1/4 0)
(1911/4 71 66 1/4 0)
(478 52 55 1 1)
(478 59 59 2 1)
(478 64 62 1 0)
(478 68 64 1 0)
(479 47 52 1 1)
(479 54 56 1 1)
(479 63 61 1 0)
(479 71 66 1 0)
(480 58 58 1/2 1)
(480 64 62 1/2 0)
(480 66 63 1/2 0)
(480 73 67 1/2 0)
(1923/4 42 49 1/4 1)
(1923/4 75 68 1/4 0)
(481 58 58 3/2 1)
(481 64 62 3/2 0)
(481 66 63 3/2 0)
(481 73 67 3/2 0)
(965/2 47 52 1/2 1)
(965/2 59 59 1/2 1)
(965/2 63 61 1/2 0)
(965/2 71 66 1/2 0)
(483 47 52 1/2 1)
(483 59 59 1/2 1)
(483 63 61 1/2 0)
(483 71 66 1/2 0)
(1935/4 68 64 1/4 0)
(484 52 55 2 1)
(484 59 59 1 1)
(484 64 62 2 0)
(484 68 64 1 0)
(485 61 60 1/2 1)
(485 70 65 1/2 0)
(971/2 59 59 1/2 1)
(971/2 68 64 1/2 0)
(486 54 56 1/2 1)
(486 58 58 1/2 1)
(486 64 62 1/2 0)
(486 66 63 1/2 0)
(1947/4 42 49 1/4 1)
(1947/4 73 67 1/4 0)
(487 58 58 1 1)
(487 64 62 1 0)
(487 66 63 1 0)
(487 73 67 1 0)
(488 42 49 1 1)
(488 78 70 1 0)
(489 54 56 3 1)
(489 61 60 3 1)
(489 64 62 3 1)
(489 70 65 3 0)
(489 77 69 1/2 0)
(979/2 78 70 1/2 0)
(490 80 71 1 0)
(491 78 70 1 0)
(492 75 68 1/2 0)
(492 83 73 1/2 0)
(985/2 69 65 1/2 0)
(985/2 78 70 1/2 0)
(493 35 45 3 1)
(493 42 49 3 1)
(493 66 63 1 0)
(493 75 68 1 0)
(494 64 62 1 0)
(494 73 67 1 0)
(495 63 61 1/2 0)
(495 71 66 1/2 0)
(991/2 69 65 1/2 0)
(991/2 70 65 1/2 0)
(496 35 45 3 1)
(496 47 52 3 1)
(496 63 61 1 0)
(496 71 66 1 0)
(497 69 65 1 0)
(497 78 70 1 0)
(498 68 64 1/2 0)
(498 77 69 1/2 0)
(997/2 65 62 1/2 0)
(997/2 74 67 1/2 0)
(499 35 45 1 1)
(499 41 48 1 1)
(499 62 61 1 0)
(499 71 66 1 0)
(500 50 54 1 1)
(500 61 60 1/2 0)
(500 70 65 1/2 0)
(1001/2 59 59 1/2 0)
(1001/2 68 64 1/2 0)
(501 58 58 1/2 0)
(501 66 63 1/2 0)
(1003/2 64 62 1/2 0)
(1003/2 65 62 1/2 0)
(502 42 49 1 1)
(502 52 55 1 1)
(502 58 58 1 0)
(502 66 63 1 0)
(503 35 45 1 1)
(503 64 62 1 0)
(503 73 67 1 0)
(504 63 61 1/2 0)
(504 71 66 1/2 0)
(1009/2 57 58 1/2 0)
(1009/2 66 63 1/2 0)
(505 35 45 1 1)
(505 47 52 1 1)
(505 54 56 1 1)
(505 63 61 1 1)
(506 40 48 1 1)
(506 47 52 1 1)
(506 56 57 1 1)
(506 61 60 1 1)
(507 42 49 1 1)
(507 47 52 1 1)
(507 57 58 3 1)
(507 59 59 1/2 0)
(1015/2 63 61 1/2 0)
(508 35 45 1 1)
(508 66 63 1 0)
(509 68 64 1/2 0)
(1019/2 66 63 1/2 0)
(510 56 57 1/2 0)
(510 65 62 1/2 0)
(1021/2 59 59 1/2 0)
(1021/2 68 64 1/2 0)
(511 37 46 1 1)
(511 62 61 1 0)
(511 71 66 1 0)
(512 53 55 1 1)
(512 61 60 1/2 0)
(512 70 65 1/2 0)
(1025/2 59 59 1/2 0)
(1025/2 68 64 1/2 0)
(513 54 56 1/2 1)
(513 58 58 1/2 0)
(513 64 62 1/2 0)
(513 66 63 1/2 0)
(1027/2 61 60 1/2 0)
(1027/2 70 65 1/2 0)
(2055/4 49 53 1/4 1)
(514 42 49 1 1)
(514 64 62 1/2 0)
(514 73 67 1/2 0)
(1029/2 68 64 1/2 0)
(1029/2 76 69 1/2 0)
(515 66 63 1/2 0)
(515 75 68 1/2 0)
(1031/2 64 62 1/2 0)
(1031/2 73 67 1/2 0)
(516 47 52 1/2 1)
(516 66 63 1/2 0)
(516 75 68 1/2 0)
(2067/4 54 56 1/4 1)
(2067/4 63 61 1/4 0)
(2067/4 71 66 1/4 0)
(517 59 59 1 1)
(517 66 63 1 0)
(517 75 68 1 0)
(518 52 55 1 1)
(518 68 64 1 0)
(518 76 69 1 0)
(519 54 56 1/2 1)
(519 58 58 1/2 0)
(519 64 62 1/2 0)
(519 66 63 1/2 0)
(2079/4 49 53 1/4 1)
(2079/4 61 60 1/4 0)
(2079/4 70 65 1/4 0)
(520 42 49 1 1)
(520 64 62 1/2 0)
(520 73 67 1/2 0)
(1041/2 68 64 1/2 0)
(1041/2 76 69 1/2 0)
(521 58 58 1 1)
(521 66 63 1/2 0)
(521 75 68 1/2 0)
(1043/2 64 62 1/2 0)
(1043/2 73 67 1/2 0)
(522 47 52 1/2 1)
(522 66 63 1/2 0)
(522 75 68 1/2 0)
(2091/4 54 56 1/4 1)
(2091/4 63 61 1/4 0)
(2091/4 71 66 1/4 0)
(523 59 59 1 1)
(523 66 63 1 0)
(523 75 68 1 0)
(524 52 55 1 1)
(524 68 64 1 0)
(524 76 69 1 0)
(525 54 56 1/2 1)
(525 58 58 1/2 0)
(525 64 62 1/2 0)
(525 66 63 1/2 0)
(2103/4 49 53 1/4 1)
(2103/4 61 60 1/4 0)
(2103/4 70 65 1/4 0)
(526 42 49 1 1)
(526 64 62 1/2 0)
(526 73 67 1/2 0)
(1053/2 68 64 1/2 0)
(1053/2 76 69 1/2 0)
(527 54 56 1 1)
(527 64 62 1 1)
(527 71 66 1/2 0)
(527 80 71 1/2 0)
(1055/2 70 65 1/2 0)
(1055/2 73 67 1/2 0)
(1055/2 78 70 1/2 0)
(528 47 52 1/2 1)
(528 63 61 1/2 0)
(528 71 66 1/2 0)
(528 75 68 1/2 0)
(2115/4 54 56 1/4 1)
(2115/4 63 61 1/4 0)
(2115/4 71 66 1/4 0)
(529 63 61 1 1)
(529 66 63 1 0)
(529 71 66 1 0)
(529 78 70 1 0)
(530 62 60 1 1)
(530 65 62 1 1)
(530 71 66 1 0)
(530 80 71 1 0)
(531 63 61 1/2 1)
(531 66 63 1/2 1)
(531 71 66 1/2 0)
(531 78 70 1/2 0)
(2127/4 59 59 1/4 1)
(2127/4 66 63 1/4 1)
(2127/4 71 66 1/4 0)
(2127/4 75 68 1/4 0)
(532 63 61 1 1)
(532 66 63 1 1)
(532 71 66 1 0)
(532 78 70 1 0)
(533 62 60 1 1)
(533 65 62 1 1)
(533 71 66 1 0)
(533 80 71 1 0)
(534 63 61 1/2 1)
(534 66 63 1/2 1)
(534 71 66 1/2 0)
(534 78 70 1/2 0)
(2139/4 59 59 1/4 1)
(2139/4 66 63 1/4 1)
(2139/4 71 66 1/4 0)
(2139/4 75 68 1/4 0)
(535 63 61 1 1)
(535 66 63 1 1)
(535 71 66 1 0)
(535 78 70 1 0)
(536 61 60 1 1)
(536 65 62 1 1)
(536 71 66 1 0)
(536 80 71 1 0)
(537 54 56 1/2 1)
(537 66 63 1/2 1)
(537 70 65 1/2 0)
(537 78 70 1/2 0)
(2151/4 61 60 1/4 1)
(2151/4 65 62 1/4 1)
(2151/4 71 66 1/4 0)
(2151/4 80 71 1/4 0)
(538 54 56 1 1)
(538 66 63 1 1)
(538 70 65 1 0)
(538 78 70 1 0)
(539 61 60 1 1)
(539 65 62 1 1)
(539 71 66 1 0)
(539 80 71 1 0)
(540 54 56 1/2 1)
(540 66 63 1/2 1)
(540 70 65 1/2 0)
(540 78 70 1/2 0)
(2163/4 66 63 1/4 1)
(2163/4 73 67 1/4 1)
(2163/4 76 69 1/4 0)
(2163/4 78 70 1/4 0)
(541 59 59 1 1)
(541 66 63 1 1)
(541 75 68 1 0)
(541 83 73 1 0)
(542 63 61 1 1)
(542 67 63 1 1)
(542 73 67 1 0)
(542 82 72 1 0)
(543 56 57 1/2 1)
(543 68 64 1/2 1)
(543 71 66 1/2 0)
(543 80 71 1/2 0)
(2175/4 63 61 1/4 1)
(2175/4 70 65 1/4 1)
(2175/4 73 67 1/4 0)
(2175/4 79 70 1/4 0)
(544 56 57 1 1)
(544 68 64 1 0)
(544 71 66 1 0)
(544 80 71 1 0)
(545 61 60 1 1)
(545 65 62 1 1)
(545 73 67 1/2 0)
(545 82 72 1 0)
(1091/2 71 66 1/2 0)
(546 54 56 1/2 1)
(546 66 63 1/2 0)
(546 70 65 1/2 0)
(546 78 70 1/2 0)
(2187/4 61 60 1/4 1)
(2187/4 68 64 1/4 0)
(2187/4 71 66 1/4 0)
(2187/4 77 69 1/4 0)
(547 54 56 1 1)
(547 66 63 1 0)
(547 70 65 1 0)
(547 78 70 1 0)
(548 59 59 1 1)
(548 63 61 1 1)
(548 69 65 1 0)
(548 80 71 1 0)
(549 52 55 1/2 1)
(549 64 62 1/2 1)
(549 68 64 1/2 0)
(549 76 69 1/2 0)
(2199/4 58 58 1/4 1)
(2199/4 61 60 1/4 1)
(2199/4 64 62 1/4 0)
(2199/4 73 67 1/4 0)
(550 46 51 1 1)
(550 68 64 1 0)
(550 76 69 1 0)
(551 51 54 1 1)
(551 58 58 1 1)
(551 67 63 1 0)
(551 75 68 1/2 0)
(1103/2 73 67 1/2 0)
(552 44 50 1/2 1)
(552 59 59 1/2 1)
(552 68 64 1/2 0)
(552 71 66 1/2 0)
(2211/4 59 59 1/4 1)
(2211/4 68 64 1/4 0)
(2211/4 75 68 1/4 0)
(553 56 57 1 1)
(553 63 61 1 1)
(553 71 66 1 0)
(553 80 71 1 0)
(554 47 52 1 1)
(554 63 61 1 1)
(554 69 65 1 0)
(554 78 70 1 0)
(555 52 55 1/2 1)
(555 59 59 1/2 1)
(555 64 62 1/2 1)
(555 68 64 1/2 0)
(555 76 69 1/2 0)
(2223/4 54 56 1/4 1)
(2223/4 59 59 1/4 1)
(2223/4 69 65 1/4 0)
(2223/4 75 68 1/4 0)
(556 52 55 1 1)
(556 59 59 1 1)
(556 68 64 1 0)
(556 76 69 1 0)
(557 46 51 1 1)
(557 61 60 1 1)
(557 68 64 1 0)
(557 78 70 1/2 0)
(1115/2 76 69 1/2 0)
(558 51 54 1/2 1)
(558 58 58 1/2 1)
(558 67 63 1/2 0)
(558 75 68 1/2 0)
(2235/4 52 55 1/4 1)
(2235/4 58 58 1/4 1)
(2235/4 68 64 1/4 0)
(2235/4 74 67 1/4 0)
(559 51 54 1 1)
(559 58 58 1 1)
(559 67 63 1 0)
(559 75 68 1 0)
(560 44 50 1 1)
(560 60 59 1 1)
(560 68 64 1/2 0)
(560 76 69 1 0)
(1121/2 66 63 1/2 0)
(561 49 53 1/2 1)
(561 61 60 1/2 1)
(561 64 62 1/2 0)
(561 73 67 1/2 0)
(2247/4 49 53 1/4 1)
(2247/4 59 59 1/4 1)
(2247/4 64 62 1/4 0)
(2247/4 68 64 1/4 0)
(562 49 53 1 1)
(562 59 59 1 1)
(562 68 64 1 0)
(562 76 69 1 0)
(563 42 49 1 1)
(563 58 58 1 1)
(563 66 63 1/2 0)
(563 75 68 1/2 0)
(1127/2 64 62 1/2 0)
(1127/2 73 67 1/2 0)
(564 47 52 1/2 1)
(564 54 56 1/2 1)
(564 63 61 1/2 0)
(564 71 66 1/2 0)
(564 75 68 1/2 0)
(2259/4 71 66 1/4 0)
(2259/4 78 70 1/4 0)
(565 65 62 1/2 0)
(565 75 68 1 0)
(565 83 73 1 0)
(1131/2 66 63 1/2 0)
(566 67 63 1/2 0)
(566 73 67 1 0)
(566 82 72 1 0)
(1133/2 63 61 1/2 0)
(567 68 64 1/2 1)
(567 71 66 1/2 0)
(567 80 71 1/2 0)
(1135/2 63 61 1/2 1)
(2271/4 73 67 1/4 0)
(2271/4 79 70 1/4 0)
(568 56 57 1/2 1)
(568 71 66 1 0)
(568 80 71 1 0)
(1137/2 66 63 1/2 1)
(569 65 62 1/2 1)
(569 73 67 1 0)
(569 82 72 1 0)
(1139/2 61 60 1/2 1)
(570 66 63 1/2 1)
(570 70 65 1/2 0)
(570 78 70 1/2 0)
(1141/2 61 60 1/2 1)
(2283/4 71 66 1/4 0)
(2283/4 77 69 1/4 0)
(571 54 56 1/2 1)
(571 70 65 1 0)
(571 78 70 1 0)
(1143/2 64 62 1/2 1)
(572 63 61 1/2 1)
(572 69 65 1 0)
(572 80 71 1 0)
(1145/2 59 59 1/2 1)
(573 52 55 1/2 1)
(573 68 64 1/2 0)
(573 76 69 1/2 0)
(1147/2 63 61 1/2 1)
(2295/4 64 62 1/4 0)
(2295/4 73 67 1/4 0)
(574 61 60 1/2 1)
(574 68 64 1 0)
(574 76 69 1 0)
(1149/2 58 58 1/2 1)
(575 51 54 1/2 1)
(575 67 63 1 0)
(575 75 68 1/2 0)
(1151/2 58 58 1/2 1)
(1151/2 73 67 1/2 0)
(576 44 50 1/2 1)
(576 59 59 1/2 1)
(576 68 64 1/2 0)
(576 71 66 1/2 0)
(2307/4 59 59 1/4 1)
(2307/4 68 64 1/4 0)
(2307/4 75 68 1/4 0)
(577 60 59 1/2 1)
(577 71 66 1 0)
(577 80 71 1 0)
(1155/2 61 60 1/2 1)
(578 62 60 1/2 1)
(578 69 65 1 0)
(578 78 70 1 0)
(1157/2 63 61 1/2 1)
(579 64 62 1/2 1)
(579 68 64 1/2 0)
(579 76 69 1/2 0)
(1159/2 59 59 1/2 1)
(2319/4 69 65 1/4 0)
(2319/4 75 68 1/4 0)
(580 52 55 1/2 1)
(580 68 64 1 0)
(580 76 69 1 0)
(1161/2 63 61 1/2 1)
(581 61 60 1/2 1)
(581 68 64 1 0)
(581 78 70 1/2 0)
(1163/2 46 51 1/2 1)
(1163/2 76 69 1/2 0)
(582 51 54 1/2 1)
(582 67 63 1/2 0)
(582 75 68 1/2 0)
(1165/2 58 58 1/2 1)
(2331/4 68 64 1/4 0)
(2331/4 74 67 1/4 0)
(583 63 61 1/2 1)
(583 67 63 1 0)
(583 75 68 1 0)
(1167/2 58 58 1/2 1)
(584 60 59 1/2 1)
(584 68 64 1/2 0)
(584 76 69 1 0)
(1169/2 44 50 1/2 1)
(1169/2 66 63 1/2 0)
(585 49 53 1/2 1)
(585 64 62 1/2 0)
(585 73 67 1/2 0)
(1171/2 59 59 1/2 1)
(2343/4 64 62 1/4 0)
(2343/4 68 64 1/4 0)
(586 48 52 1/2 1)
(586 68 64 1 0)
(586 76 69 1 0)
(1173/2 49 53 1/2 1)
(587 58 58 1/2 1)
(587 66 63 1/2 0)
(587 75 68 1/2 0)
(1175/2 42 49 1/2 1)
(1175/2 64 62 1/2 0)
(1175/2 73 67 1/2 0)
(588 47 52 1/2 1)
(588 66 63 1/2 0)
(588 75 68 1/2 0)
(2355/4 54 56 1/4 1)
(2355/4 63 61 1/4 0)
(2355/4 71 66 1/4 0)
(589 59 59 1 1)
(589 66 63 1 0)
(589 75 68 1 0)
(590 52 55 1 1)
(590 68 64 1 0)
(590 76 69 1 0)
(591 54 56 1/2 1)
(591 58 58 1/2 0)
(591 64 62 1/2 0)
(591 66 63 1/2 0)
(2367/4 49 53 1/4 1)
(2367/4 61 60 1/4 0)
(2367/4 70 65 1/4 0)
(592 42 49 1 1)
(592 64 62 1/2 0)
(592 73 67 1/2 0)
(1185/2 68 64 1/2 0)
(1185/2 76 69 1/2 0)
(593 58 58 1 1)
(593 66 63 1/2 0)
(593 75 68 1/2 0)
(1187/2 64 62 1/2 0)
(1187/2 73 67 1/2 0)
(594 47 52 1/2 1)
(594 66 63 1/2 0)
(594 75 68 1/2 0)
(1189/2 54 56 1/2 1)
(1189/2 63 61 1/2 0)
(1189/2 71 66 1/2 0)
(595 59 59 1/2 1)
(595 66 63 1/2 0)
(595 75 68 1/2 0)
(596 52 55 1 1)
(596 68 64 1 0)
(596 76 69 1 0)
(597 54 56 1/2 1)
(597 58 58 1/2 0)
(597 64 62 1/2 0)
(597 66 63 1/2 0)
(2391/4 49 53 1/4 1)
(2391/4 61 60 1/4 0)
(2391/4 70 65 1/4 0)
(598 42 49 1 1)
(598 64 62 1/2 0)
(598 73 67 1/2 0)
(1197/2 68 64 1/2 0)
(1197/2 76 69 1/2 0)
(599 58 58 1 1)
(599 66 63 1/2 0)
(599 75 68 1/2 0)
(1199/2 64 62 1/2 0)
(1199/2 73 67 1/2 0)
(600 35 45 1/2 1)
(600 47 52 1/2 1)
(600 66 63 1/2 0)
(600 75 68 1/2 0)
(2403/4 54 56 1/4 1)
(2403/4 63 61 1/4 0)
(2403/4 71 66 1/4 0)
(601 59 59 1 1)
(601 66 63 1 0)
(601 75 68 1 0)
(602 63 61 1 1)
(602 71 66 1 0)
(602 83 73 1 0)
(603 47 52 1/2 1)
(603 66 63 1/2 0)
(603 75 68 1/2 0)
(2415/4 54 56 1/4 1)
(2415/4 63 61 1/4 0)
(2415/4 71 66 1/4 0)
(604 59 59 1 1)
(604 66 63 1 0)
(604 75 68 1 0)
(605 63 61 1 1)
(605 71 66 1 1)
(605 78 70 1 0)
(605 90 77 1 0)
(606 47 52 1 1)
(606 54 56 1 1)
(606 63 61 1 0)
(606 71 66 1 0)
(607 66 63 1 1)
(607 71 66 1 1)
(607 75 68 1 1)
(607 78 70 1 1)
(607 83 73 1 0)
(607 95 80 1 0)
(609 47 52 3 0)
(609 54 56 1/2 1)
(609 63 61 1/2 1)
(2439/4 42 49 9/4 0)
(2439/4 51 54 9/4 1)
(2439/4 59 59 1/4 1)
(610 35 45 2 0)
(610 54 56 2 1)
(610 63 61 2 1)
