(-1 55 57 1 1)
(0 67 64 10 0)
(1 65 63 1/2 1)
(3/2 63 62 1/2 1)
(3/2 72 67 1/2 0)
(2 62 61 1/2 1)
(2 71 66 1/2 0)
(2 74 68 1/2 0)
(5/2 60 60 1/2 1)
(5/2 72 67 1/2 0)
(5/2 75 69 1/2 0)
(3 62 61 3/4 1)
(3 71 66 1 0)
(3 77 70 3/4 0)
(15/4 55 57 1/4 1)
(15/4 79 71 1/4 0)
(4 62 61 1 1)
(4 71 66 1 0)
(4 77 70 1 0)
(5 60 60 1 1)
(5 72 67 1 0)
(5 75 69 1 0)
(6 62 61 3/4 1)
(6 71 66 1 0)
(6 77 70 3/4 0)
(27/4 55 57 1/4 1)
(27/4 79 71 1/4 0)
(7 62 61 1 1)
(7 71 66 1 0)
(7 77 70 1 0)
(8 60 60 1 1)
(8 72 67 1 0)
(8 75 69 1 0)
(10 59 59 1/2 0)
(21/2 60 60 1/2 0)
(11 62 61 1/2 0)
(23/2 63 62 1/2 0)
(12 62 61 9 0)
(13 60 60 1/2 1)
(27/2 58 59 1/2 1)
(27/2 67 64 1/2 0)
(14 57 58 1/2 1)
(14 66 63 1/2 0)
(14 69 65 1/2 0)
(29/2 55 57 1/2 1)
(29/2 67 64 1/2 0)
(29/2 70 66 1/2 0)
(15 57 58 3/4 1)
(15 66 63 1 0)
(15 72 67 3/4 0)
(63/4 50 54 1/4 1)
(63/4 74 68 1/4 0)
(16 57 58 1 1)
(16 66 63 1 0)
(16 72 67 1 0)
(17 55 57 1 1)
(17 67 64 1 0)
(17 70 66 1 0)
(18 57 58 3/4 1)
(18 66 63 1 0)
(18 72 67 3/4 0)
(75/4 50 54 1/4 1)
(75/4 74 68 1/4 0)
(19 57 58 1 1)
(19 66 63 1 0)
(19 72 67 1 0)
(20 67 64 1 0)
(20 70 66 1 0)
(21 60 60 3 1)
(21 63 62 3 0)
(21 68 65 2 0)
(23 66 63 1 0)
(24 59 59 3/2 0)
(24 62 61 3/2 0)
(24 67 64 3/2 0)
(25 53 56 1/2 0)
(51/2 51 55 1/2 0)
(51/2 60 60 1/2 0)
(26 50 54 1/2 0)
(26 59 59 1/2 0)
(26 62 61 1/2 0)
(53/2 48 53 1/2 0)
(53/2 60 60 1/2 0)
(53/2 63 62 1/2 0)
(27 50 54 3/4 0)
(27 59 59 1 0)
(27 65 63 3/4 0)
(111/4 43 50 1/4 0)
(111/4 67 64 1/4 0)
(28 50 54 1 0)
(28 59 59 1 0)
(28 65 63 1 0)
(29 48 53 1 0)
(29 60 60 1 0)
(29 63 62 1 0)
(30 50 54 3/4 0)
(30 59 59 1 0)
(30 65 63 3/4 0)
(123/4 43 50 1/4 0)
(123/4 67 64 1/4 0)
(31 50 54 1 0)
(31 59 59 1 0)
(31 65 63 1 0)
(32 48 53 1 0)
(32 60 60 1 0)
(32 63 62 1 0)
(67/2 48 53 1/2 0)
(34 47 52 1/2 0)
(69/2 48 53 1/2 0)
(35 50 54 1/2 0)
(71/2 51 55 1/2 0)
(36 50 54 1/2 0)
(73/2 49 53 1/2 0)
(73/2 52 55 1/2 0)
(37 48 53 1/2 0)
(37 54 56 1/2 0)
(75/2 46 52 1/2 0)
(75/2 55 57 1/2 0)
(38 45 51 1/2 0)
(38 54 56 1/2 0)
(38 57 58 1/2 0)
(77/2 43 50 1/2 0)
(77/2 55 57 1/2 0)
(77/2 58 59 1/2 0)
(39 45 51 3/4 0)
(39 53 56 1/2 0)
(39 57 58 1/2 0)
(159/4 32 44 1/4 0)
(159/4 52 55 1/4 0)
(159/4 61 60 1/4 0)
(40 38 47 2 0)
(40 50 54 2 0)
(40 62 61 2 0)
(42 50 54 11 0)
(42 57 58 1/2 0)
(42 65 63 1/2 0)
(42 69 65 1/2 0)
(171/4 55 57 1/4 0)
(171/4 64 62 1/4 0)
(171/4 73 67 1/4 0)
(43 53 56 2 0)
(43 62 61 2 0)
(43 74 68 2 0)
(45 57 58 1/2 0)
(45 65 63 1/2 0)
(45 69 65 1/2 0)
(183/4 55 57 1/4 0)
(183/4 64 62 1/4 0)
(183/4 73 67 1/4 0)
(46 53 56 2 0)
(46 62 61 7 0)
(46 74 68 2 0)
(48 57 58 1/2 0)
(48 69 65 1/2 0)
(97/2 60 60 1/2 0)
(97/2 72 67 1/2 0)
(49 58 59 1 0)
(49 70 66 1 0)
(50 57 58 1/2 0)
(50 69 65 1/2 0)
(101/2 55 57 1/2 0)
(101/2 67 64 1/2 0)
(51 57 58 3/4 0)
(51 69 65 3/4 0)
(207/4 52 55 1/4 0)
(207/4 64 62 1/4 0)
(52 53 56 1 0)
(52 65 63 1 0)
(53 50 54 6 0)
(53 62 61 6 0)
(54 57 58 1/2 0)
(54 69 65 1/2 0)
(109/2 60 60 1/2 0)
(109/2 72 67 1/2 0)
(55 58 59 1 0)
(55 70 66 1 0)
(56 57 58 1/2 0)
(56 69 65 1/2 0)
(113/2 55 57 1/2 0)
(113/2 67 64 1/2 0)
(57 57 58 3/4 0)
(57 69 65 3/4 0)
(231/4 52 55 1/4 0)
(231/4 64 62 1/4 0)
(58 53 56 1 0)
(58 65 63 1 0)
(59 50 54 3 0)
(59 62 61 3 0)
(60 57 58 3/4 0)
(60 69 65 3 0)
(243/4 52 55 1/4 0)
(243/4 64 62 1/4 0)
(61 53 56 1 0)
(61 65 63 1 0)
(62 50 54 3 0)
(62 62 61 3 0)
(63 57 58 3/4 0)
(63 69 65 3 0)
(255/4 52 55 1/4 0)
(255/4 64 62 1/4 0)
(64 53 56 1 0)
(64 65 63 1 0)
(65 50 54 1 0)
(65 62 61 4 0)
(66 43 50 3 0)
(66 67 64 3 0)
(66 71 66 3 0)
(69 55 57 1/2 0)
(279/4 55 57 1/4 0)
(70 55 57 1 0)
(71 55 57 1 0)
(72 67 64 10 0)
(73 65 63 1/2 0)
(147/2 63 62 1/2 0)
(147/2 72 67 1/2 0)
(74 62 61 1/2 0)
(74 71 66 1/2 0)
(74 74 68 1/2 0)
(149/2 60 60 1/2 0)
(149/2 72 67 1/2 0)
(149/2 75 69 1/2 0)
(75 62 61 3/4 0)
(75 71 66 1 0)
(75 77 70 3/4 0)
(303/4 55 57 1/4 0)
(303/4 79 71 1/4 0)
(76 62 61 1 0)
(76 71 66 1 0)
(76 77 70 1 0)
(77 60 60 1 0)
(77 72 67 1 0)
(77 75 69 1 0)
(78 62 61 3/4 0)
(78 71 66 1 0)
(78 77 70 3/4 0)
(315/4 55 57 1/4 0)
(315/4 79 71 1/4 0)
(79 62 61 1 0)
(79 71 66 1 0)
(79 77 70 1 0)
(80 60 60 1 0)
(80 72 67 1 0)
(80 75 69 1 0)
(82 59 59 1/2 0)
(165/2 60 60 1/2 0)
(83 62 61 1/2 0)
(167/2 63 62 1/2 0)
(84 62 61 9 0)
(85 60 60 1/2 0)
(171/2 58 59 1/2 0)
(171/2 67 64 1/2 0)
(86 57 58 1/2 0)
(86 66 63 1/2 0)
(86 69 65 1/2 0)
(173/2 55 57 1/2 0)
(173/2 67 64 1/2 0)
(173/2 70 66 1/2 0)
(87 57 58 3/4 0)
(87 66 63 1 0)
(87 72 67 3/4 0)
(351/4 50 54 1/4 0)
(351/4 74 68 1/4 0)
(88 57 58 1 0)
(88 66 63 1 0)
(88 72 67 1 0)
(89 55 57 1 0)
(89 67 64 1 0)
(89 70 66 1 0)
(90 57 58 3/4 0)
(90 66 63 1 0)
(90 72 67 3/4 0)
(363/4 50 54 1/4 0)
(363/4 74 68 1/4 0)
(91 57 58 1 0)
(91 66 63 1 0)
(91 72 67 1 0)
(92 55 57 27/2 0)
(92 67 64 1 0)
(92 70 66 1 0)
(93 60 60 3 0)
(93 63 62 3 0)
(93 68 65 2 0)
(95 66 63 1 0)
(96 59 59 3/2 0)
(96 62 61 3/2 0)
(96 67 64 3/2 0)
(97 53 56 1/2 0)
(195/2 51 55 1/2 0)
(195/2 60 60 1/2 0)
(98 50 54 1/2 0)
(98 59 59 1/2 0)
(98 62 61 1/2 0)
(197/2 48 53 1/2 0)
(197/2 60 60 1/2 0)
(197/2 63 62 1/2 0)
(99 50 54 3/4 0)
(99 59 59 1 0)
(99 65 63 3/4 0)
(399/4 43 50 1/4 0)
(399/4 67 64 1/4 0)
(100 50 54 1 0)
(100 59 59 1 0)
(100 65 63 1 0)
(101 48 53 1 0)
(101 60 60 1 0)
(101 63 62 1 0)
(102 50 54 3/4 0)
(102 59 59 1 0)
(102 65 63 3/4 0)
(411/4 43 50 1/4 0)
(411/4 67 64 1/4 0)
(103 50 54 1 0)
(103 59 59 1 0)
(103 65 63 1 0)
(104 48 53 1 0)
(104 60 60 1 0)
(104 63 62 1 0)
(211/2 48 53 1/2 0)
(106 47 52 1/2 0)
(213/2 48 53 1/2 0)
(107 50 54 1/2 0)
(215/2 51 55 1/2 0)
(108 50 54 1/2 0)
(217/2 49 53 1/2 0)
(217/2 52 55 1/2 0)
(109 48 53 1/2 0)
(109 54 56 1/2 0)
(219/2 46 52 1/2 0)
(219/2 55 57 1/2 0)
(110 45 51 1/2 0)
(110 54 56 1/2 0)
(110 57 58 1/2 0)
(221/2 43 50 1/2 0)
(221/2 55 57 1/2 0)
(221/2 58 59 1/2 0)
(111 45 51 3/4 0)
(111 53 56 1/2 0)
(111 57 58 1/2 0)
(447/4 32 44 1/4 0)
(447/4 52 55 1/4 0)
(447/4 61 60 1/4 0)
(112 38 47 2 0)
(112 50 54 2 0)
(112 62 61 2 0)
(114 50 54 11 0)
(114 57 58 1/2 0)
(114 65 63 1/2 0)
(114 69 65 1/2 0)
(459/4 55 57 1/4 0)
(459/4 64 62 1/4 0)
(459/4 73 67 1/4 0)
(115 53 56 2 0)
(115 62 61 2 0)
(115 74 68 2 0)
(117 57 58 1/2 0)
(117 65 63 1/2 0)
(117 69 65 1/2 0)
(471/4 55 57 1/4 0)
(471/4 64 62 1/4 0)
(471/4 73 67 1/4 0)
(118 53 56 2 0)
(118 62 61 7 0)
(118 74 68 2 0)
(120 57 58 1/2 0)
(120 69 65 1/2 0)
(241/2 60 60 1/2 0)
(241/2 72 67 1/2 0)
(121 58 59 1 0)
(121 70 66 1 0)
(122 57 58 1/2 0)
(122 69 65 1/2 0)
(245/2 55 57 1/2 0)
(245/2 67 64 1/2 0)
(123 57 58 3/4 0)
(123 69 65 3/4 0)
(495/4 52 55 1/4 0)
(495/4 64 62 1/4 0)
(124 53 56 1 0)
(124 65 63 1 0)
(125 50 54 6 0)
(125 62 61 6 0)
(126 57 58 1/2 0)
(126 69 65 1/2 0)
(253/2 60 60 1/2 0)
(253/2 72 67 1/2 0)
(127 58 59 1 0)
(127 70 66 1 0)
(128 57 58 1/2 0)
(128 69 65 1/2 0)
(257/2 55 57 1/2 0)
(257/2 67 64 1/2 0)
(129 57 58 3/4 0)
(129 69 65 3/4 0)
(519/4 52 55 1/4 0)
(519/4 64 62 1/4 0)
(130 53 56 1 0)
(130 65 63 1 0)
(131 50 54 3 0)
(131 62 61 3 0)
(132 57 58 3/4 0)
(132 69 65 3 0)
(531/4 52 55 1/4 0)
(531/4 64 62 1/4 0)
(133 53 56 1 0)
(133 65 63 1 0)
(134 50 54 3 0)
(134 62 61 3 0)
(135 57 58 3/4 0)
(135 69 65 3 0)
(543/4 52 55 1/4 0)
(543/4 64 62 1/4 0)
(136 53 56 1 0)
(136 65 63 1 0)
(137 50 54 1 0)
(137 62 61 1 0)
(138 62 61 3 0)
(138 74 68 3 0)
(141 62 61 1/2 0)
(567/4 62 61 1/4 0)
(142 62 61 1 0)
(143 62 61 1 0)
(144 62 61 2 0)
(145 46 52 1 0)
(145 56 58 1 0)
(146 39 48 1 0)
(146 55 57 1 0)
(146 63 62 1 0)
(147 51 55 1 0)
(147 61 61 1 0)
(147 67 64 3/4 0)
(591/4 56 58 1/4 0)
(591/4 65 63 1/4 0)
(148 51 55 3/2 0)
(148 55 57 3/2 0)
(148 61 61 3/2 0)
(148 63 62 3/2 0)
(299/2 51 55 1/2 0)
(299/2 56 58 1/2 0)
(299/2 61 61 1/2 0)
(299/2 65 63 1/2 0)
(150 51 55 1/2 0)
(150 58 59 1/2 0)
(150 61 61 1/2 0)
(150 67 64 1/2 0)
(603/4 51 55 1/4 0)
(603/4 60 60 1/4 0)
(603/4 63 62 1/4 0)
(603/4 68 65 1/4 0)
(151 51 55 1 0)
(151 61 61 1 0)
(151 65 63 1 0)
(151 70 66 1 0)
(152 51 55 1 0)
(152 63 62 1 0)
(152 67 64 1 0)
(152 72 67 1 0)
(153 51 55 1/2 0)
(153 65 63 1/2 0)
(153 68 65 1/2 0)
(153 73 68 1/2 0)
(615/4 51 55 1/4 0)
(615/4 61 61 1/4 0)
(615/4 67 64 1/4 0)
(615/4 77 70 1/4 0)
(154 56 58 2 0)
(154 61 61 1 0)
(154 67 64 1 0)
(154 75 69 1 0)
(155 60 60 1 0)
(155 68 65 1 0)
(156 65 63 2 0)
(157 53 56 2 0)
(157 57 58 1 0)
(157 63 62 1 0)
(158 41 49 1 0)
(158 58 59 1 0)
(158 63 62 1 0)
(158 67 64 1 0)
(159 29 42 1/2 0)
(159 60 60 1/2 0)
(159 63 62 1/2 0)
(159 69 65 1/2 0)
(639/4 53 56 1/4 0)
(639/4 58 59 1/4 0)
(639/4 60 60 1/4 0)
(639/4 63 62 1/4 0)
(639/4 67 64 1/4 0)
(160 53 56 3/2 0)
(160 57 58 3/2 0)
(160 60 60 3/2 0)
(160 63 62 3/2 0)
(160 65 63 3/2 0)
(323/2 53 56 1/2 0)
(323/2 58 59 1/2 0)
(323/2 60 60 1/2 0)
(323/2 63 62 1/2 0)
(323/2 67 64 1/2 0)
(162 53 56 1/2 0)
(162 60 60 1/2 0)
(162 63 62 1/2 0)
(162 65 63 1/2 0)
(162 69 65 1/2 0)
(651/4 53 56 1/4 0)
(651/4 62 61 1/4 0)
(651/4 65 63 1/4 0)
(651/4 70 66 1/4 0)
(163 53 56 1 0)
(163 63 62 1 0)
(163 67 64 1 0)
(163 70 66 1 0)
(163 72 67 1 0)
(164 53 56 1 0)
(164 65 63 1 0)
(164 69 65 1 0)
(164 74 68 1 0)
(165 53 56 1/2 0)
(165 67 64 1/2 0)
(165 70 66 1/2 0)
(165 75 69 1/2 0)
(663/4 53 56 1/4 0)
(663/4 63 62 1/4 0)
(663/4 69 65 1/4 0)
(663/4 79 71 1/4 0)
(166 58 59 2 0)
(166 63 62 1 0)
(166 69 65 1 0)
(166 77 70 1 0)
(167 62 61 1 0)
(167 70 66 1 0)
(168 54 56 1 0)
(168 61 60 1 0)
(168 64 62 1 0)
(168 70 65 3/2 0)
(169 42 49 1 0)
(339/2 71 66 1/2 0)
(170 73 67 1/2 0)
(341/2 75 68 1/2 0)
(171 76 69 1/2 0)
(343/2 80 71 1/2 0)
(172 54 56 7 0)
(172 78 70 1 0)
(173 61 60 1 0)
(173 70 65 1 0)
(174 64 62 1/2 0)
(174 73 67 1/2 0)
(349/2 68 64 1/2 0)
(349/2 76 69 1/2 0)
(175 66 63 1 0)
(175 75 68 1 0)
(176 59 59 1 0)
(176 68 64 1 0)
(177 62 61 1 0)
(177 65 62 1 0)
(177 71 66 1/3 0)
(532/3 73 67 1/3 0)
(533/3 71 66 1/3 0)
(178 61 60 1 0)
(178 66 63 1 0)
(178 70 65 3/2 0)
(179 54 56 2 0)
(359/2 68 64 1/2 0)
(180 58 58 1 0)
(180 64 62 1 0)
(180 66 63 1/2 0)
(361/2 68 64 1/2 0)
(181 42 49 1 0)
(181 70 65 1/2 0)
(363/2 71 66 1/2 0)
(182 73 67 1/2 0)
(365/2 75 68 1/2 0)
(183 76 69 1/2 0)
(367/2 80 71 1/2 0)
(184 54 56 7 0)
(184 78 70 1 0)
(185 61 60 1 0)
(185 70 65 1 0)
(186 64 62 1/2 0)
(186 73 67 1/2 0)
(373/2 68 64 1/2 0)
(373/2 76 69 1/2 0)
(187 66 63 1 0)
(187 75 68 1 0)
(188 59 59 1 0)
(188 68 64 1 0)
(189 62 61 1 0)
(189 65 62 1 0)
(189 71 66 1/3 0)
(568/3 73 67 1/3 0)
(569/3 71 66 1/3 0)
(190 61 60 1 0)
(190 66 63 1 0)
(190 70 65 3/2 0)
(191 54 56 2 0)
(383/2 68 64 1/2 0)
(192 58 58 1 0)
(192 64 62 1 0)
(192 66 63 1/2 0)
(771/4 68 64 1/4 0)
(193 42 49 1 0)
(193 70 65 1/2 0)
(387/2 71 66 1/2 0)
(194 73 67 1/2 0)
(389/2 75 68 1/2 0)
(195 76 69 1/2 0)
(391/2 78 70 1/2 0)
(196 80 71 1 0)
(197 54 56 1 0)
(197 61 60 1 0)
(197 64 62 1 0)
(197 70 65 1 0)
(198 53 56 1 0)
(198 62 61 1 0)
(198 65 63 1 0)
(198 69 65 1/2 0)
(795/4 70 66 1/4 0)
(199 41 49 1 0)
(199 72 67 1/2 0)
(399/2 74 68 1/2 0)
(200 75 69 1/2 0)
(401/2 77 70 1/2 0)
(201 79 71 1/2 0)
(403/2 81 72 1/2 0)
(202 82 73 1 0)
(203 52 55 1 0)
(203 58 59 2 0)
(203 60 60 3 0)
(203 67 64 1 0)
(204 53 56 3 0)
(204 65 63 1/2 0)
(409/2 79 71 1/2 0)
(205 57 58 2 0)
(205 77 70 3/2 0)
(206 63 62 1 0)
(413/2 76 69 1/2 0)
(207 46 52 1 0)
(207 75 69 1/2 0)
(415/2 74 68 1/2 0)
(208 53 56 1 0)
(208 58 59 1 0)
(208 62 61 1 0)
(208 72 67 1/2 0)
(417/2 70 66 1/2 0)
(209 69 65 1/2 0)
(419/2 67 64 1/2 0)
(210 41 49 3 0)
(210 65 63 1 0)
(421/2 75 69 1/2 0)
(211 55 57 1 0)
(211 64 62 1 0)
(211 74 68 3/2 0)
(212 57 58 1 0)
(212 63 62 1 0)
(425/2 72 67 1/2 0)
(213 46 52 1/2 0)
(213 58 59 1/2 0)
(213 62 61 1/2 0)
(213 70 66 1/2 0)
(427/2 55 57 1/2 0)
(214 53 56 1/2 0)
(429/2 51 55 1/2 0)
(215 50 54 1/2 0)
(215 53 56 9 0)
(431/2 48 53 1/2 0)
(216 46 52 3/4 0)
(216 58 59 15/4 0)
(216 62 61 2 0)
(867/4 43 50 1/4 0)
(217 41 49 1 0)
(218 46 52 7/4 0)
(218 63 62 7/4 0)
(219 65 63 3/4 0)
(879/4 47 52 1/4 0)
(879/4 57 58 1/4 0)
(879/4 63 62 1/4 0)
(879/4 65 63 1/4 0)
(220 48 53 1 0)
(220 55 57 1 0)
(220 63 62 1 0)
(220 65 63 1 0)
(221 41 49 1 0)
(221 57 58 1 0)
(221 63 62 1 0)
(221 65 63 1 0)
(222 46 52 3/4 0)
(222 58 59 2 0)
(222 62 61 2 0)
(891/4 43 50 1/4 0)
(223 41 49 1 0)
(224 40 48 1 0)
(224 48 53 4 0)
(224 58 59 1 0)
(224 67 64 1 0)
(225 41 49 3/4 0)
(225 58 59 3/4 0)
(225 60 60 3/4 0)
(903/4 36 46 1/4 0)
(903/4 57 58 1/4 0)
(903/4 60 60 1/4 0)
(226 41 49 1 0)
(226 55 57 1 0)
(226 60 60 1 0)
(227 36 46 1 0)
(227 57 58 1 0)
(227 60 60 1 0)
(228 41 49 3/4 0)
(228 48 53 4 0)
(228 56 58 3 0)
(228 60 60 2 0)
(915/4 37 47 1/4 0)
(229 36 46 1 0)
(230 41 49 1 0)
(230 62 61 1 0)
(231 36 46 1 0)
(231 55 57 1/2 0)
(231 63 62 1/2 0)
(927/4 63 62 1/4 0)
(232 48 53 2 0)
(232 55 57 2 0)
(232 58 59 3 0)
(232 63 62 3/2 0)
(467/2 62 61 1/2 0)
(234 41 49 5 0)
(234 51 55 3/4 0)
(234 60 60 3/4 0)
(939/4 50 54 1/4 0)
(939/4 59 59 1/4 0)
(235 51 55 1 0)
(235 57 58 1 0)
(235 60 60 1 0)
(236 47 52 1 0)
(236 56 58 1 0)
(236 62 61 1 0)
(237 48 53 3/4 0)
(237 55 57 3/4 0)
(237 63 62 3/4 0)
(951/4 46 52 1/4 0)
(951/4 54 57 1/4 0)
(951/4 64 62 1/4 0)
(238 45 51 1 0)
(238 53 56 1 0)
(238 65 63 1 0)
(239 41 49 1 0)
(239 57 58 1 0)
(239 63 62 1 0)
(239 73 67 1 0)
(240 46 52 3/4 0)
(240 53 56 3/4 0)
(240 58 59 3/4 0)
(240 62 61 2 0)
(240 70 66 2 0)
(240 74 68 2 0)
(963/4 43 50 1/4 0)
(241 41 49 1 0)
(242 46 52 7/4 0)
(242 53 56 3 0)
(242 63 62 1 0)
(242 70 66 1 0)
(242 75 69 1 0)
(243 65 63 3/4 0)
(243 70 66 3/4 0)
(243 75 69 3/4 0)
(243 77 70 3/4 0)
(975/4 47 52 1/4 0)
(975/4 65 63 1/4 0)
(975/4 69 65 1/4 0)
(975/4 75 69 1/4 0)
(975/4 77 70 1/4 0)
(244 48 53 1/2 0)
(244 65 63 1 0)
(244 67 64 1 0)
(244 75 69 1 0)
(244 77 70 1 0)
(489/2 50 54 1/2 0)
(245 48 53 1 0)
(245 53 56 1 0)
(245 65 63 1 0)
(245 69 65 1 0)
(245 75 69 1 0)
(245 77 70 1 0)
(246 46 52 3/4 0)
(246 53 56 2 0)
(246 62 61 2 0)
(246 70 66 2 0)
(246 74 68 2 0)
(987/4 43 50 1/4 0)
(247 41 49 1 0)
(248 40 48 1 0)
(248 48 53 1 0)
(248 67 64 1 0)
(248 70 66 1 0)
(248 72 67 1 0)
(248 79 71 1 0)
(249 41 49 3/4 0)
(249 48 53 3/4 0)
(249 60 60 3/4 0)
(249 65 63 3/4 0)
(249 70 66 3/4 0)
(249 72 67 3/4 0)
(999/4 36 46 1/4 0)
(999/4 48 53 1/4 0)
(999/4 60 60 1/4 0)
(999/4 65 63 1/4 0)
(999/4 69 65 1/4 0)
(999/4 72 67 1/4 0)
(250 41 49 1 0)
(250 48 53 1 0)
(250 60 60 1 0)
(250 65 63 1 0)
(250 67 64 1 0)
(250 72 67 1 0)
(251 36 46 1 0)
(251 48 53 1 0)
(251 60 60 1 0)
(251 65 63 1 0)
(251 69 65 1 0)
(251 72 67 1 0)
(252 41 49 3/4 0)
(252 48 53 2 0)
(252 60 60 2 0)
(252 65 63 2 0)
(252 68 65 2 0)
(252 72 67 2 0)
(1011/4 37 47 1/4 0)
(253 36 46 1 0)
(254 41 49 1 0)
(254 48 53 3/2 0)
(254 62 61 1 0)
(254 68 65 1 0)
(254 74 68 1 0)
(255 36 46 1/2 0)
(255 63 62 1/2 0)
(255 67 64 1/2 0)
(255 75 69 1/2 0)
(1023/4 48 53 1/4 0)
(1023/4 55 57 1/4 0)
(1023/4 60 60 1/4 0)
(1023/4 63 62 1/4 0)
(1023/4 75 69 1/4 0)
(256 48 53 3/2 0)
(256 55 57 3/2 0)
(256 60 60 3/2 0)
(256 63 62 3/2 0)
(256 70 66 3/2 0)
(256 75 69 3/2 0)
(515/2 48 53 1/2 0)
(515/2 55 57 1/2 0)
(515/2 60 60 1/2 0)
(515/2 63 62 1/2 0)
(515/2 70 66 1/2 0)
(515/2 74 68 1/2 0)
(258 41 49 1/2 0)
(258 48 53 1/2 0)
(258 57 58 1/2 0)
(258 63 62 1/2 0)
(258 72 67 1/2 0)
(1035/4 53 56 1/4 0)
(1035/4 57 58 1/4 0)
(1035/4 63 62 1/4 0)
(1035/4 71 66 1/4 0)
(259 53 56 1 0)
(259 57 58 1 0)
(259 63 62 1 0)
(259 72 67 1 0)
(260 53 56 1 0)
(260 57 58 1 0)
(260 63 62 1 0)
(260 74 68 1 0)
(261 46 52 1 0)
(261 53 56 1 0)
(261 58 59 1 0)
(261 62 61 1 0)
(261 70 66 1 0)
(262 59 60 1/2 0)
(525/2 58 59 1/2 0)
(263 56 58 1/2 0)
(527/2 58 59 1/2 0)
(264 59 60 1/3 0)
(793/3 63 62 1/3 0)
(794/3 71 67 1/3 0)
(265 44 51 1 0)
(265 51 55 1 0)
(265 61 61 1 0)
(265 70 66 1 0)
(266 44 51 1 0)
(266 51 55 1 0)
(266 60 60 1 0)
(266 68 65 1 0)
(267 75 69 1 0)
(268 44 51 1 0)
(268 51 55 1 0)
(268 59 60 1 0)
(268 73 68 3/2 0)
(269 44 51 1 0)
(269 53 56 1 0)
(269 59 60 1 0)
(539/2 71 67 1/2 0)
(270 70 66 1/2 0)
(541/2 68 65 1/2 0)
(271 39 48 1 0)
(271 46 52 1 0)
(271 54 57 1 0)
(271 70 66 1 0)
(272 39 48 1 0)
(272 46 52 1 0)
(272 54 57 1 0)
(272 66 64 1 0)
(273 63 62 3 0)
(274 39 48 1 0)
(274 46 52 1 0)
(274 54 57 1 0)
(275 39 48 1 0)
(275 48 53 1 0)
(275 54 57 1 0)
(276 61 61 1/2 0)
(1107/4 60 60 1/4 0)
(277 41 49 1 0)
(277 49 54 1 0)
(277 53 56 1 0)
(277 58 59 1 0)
(278 41 49 1 0)
(278 49 54 1 0)
(278 53 56 1 0)
(278 65 63 1 0)
(279 53 56 3 0)
(280 41 49 1 0)
(280 51 55 1 0)
(280 57 58 1 0)
(281 41 49 1 0)
(281 51 55 1 0)
(281 57 58 1 0)
(282 58 59 3 0)
(283 46 52 1 0)
(283 53 56 1 0)
(283 61 61 1 0)
(284 46 52 1 0)
(284 53 56 1 0)
(284 61 61 1 0)
(285 65 63 1/2 0)
(571/2 66 64 1/2 0)
(286 46 52 1 0)
(286 53 56 1 0)
(286 61 61 1 0)
(286 65 63 1 0)
(287 46 52 1 0)
(287 53 56 1 0)
(287 61 61 1 0)
(287 70 66 1/2 0)
(575/2 72 67 1/2 0)
(288 73 68 1/2 0)
(577/2 73 68 1/2 0)
(289 46 52 1 0)
(289 53 56 1 0)
(289 61 61 1 0)
(289 72 67 1 0)
(290 46 52 1 0)
(290 53 56 1 0)
(290 61 61 1 0)
(290 70 66 1 0)
(291 77 70 1/2 0)
(1167/4 77 70 1/4 0)
(292 46 52 1 0)
(292 55 57 1 0)
(292 61 61 1 0)
(292 75 69 1 0)
(293 46 52 1 0)
(293 55 57 1 0)
(293 61 61 1 0)
(293 73 68 1 0)
(294 72 67 1/2 0)
(589/2 70 66 1/2 0)
(295 48 53 1 0)
(295 56 58 1 0)
(295 60 60 1 0)
(295 72 67 1 0)
(296 48 53 1 0)
(296 56 58 1 0)
(296 60 60 1 0)
(296 68 65 1 0)
(297 65 63 3 0)
(298 49 54 1 0)
(298 56 58 1 0)
(298 59 60 1 0)
(299 49 54 1 0)
(299 56 58 1 0)
(299 59 59 1 0)
(300 68 65 1/2 0)
(1203/4 67 64 1/4 0)
(301 48 53 1 0)
(301 56 58 1 0)
(301 60 60 1 0)
(301 65 63 1 0)
(302 48 53 1 0)
(302 56 58 1 0)
(302 60 60 1 0)
(302 72 67 1 0)
(303 60 60 3 0)
(304 48 53 1 0)
(304 58 59 1 0)
(304 64 62 1 0)
(305 48 53 1 0)
(305 58 59 1 0)
(305 64 62 1 0)
(306 68 65 1/2 0)
(1227/4 67 64 1/4 0)
(307 48 53 1 0)
(307 56 58 1 0)
(307 60 60 1 0)
(307 65 63 1/2 0)
(615/2 72 67 1/2 0)
(308 48 53 1 0)
(308 56 58 1 0)
(308 60 60 1 0)
(308 75 69 1/2 0)
(617/2 73 68 1/2 0)
(309 60 60 3 0)
(310 48 53 1 0)
(310 55 57 1 0)
(310 64 62 1 0)
(311 48 53 1 0)
(311 55 57 1 0)
(311 64 62 1 0)
(312 65 63 3 0)
(313 48 53 1 0)
(313 57 58 1 0)
(314 41 49 1 0)
(315 78 71 1/2 0)
(631/2 77 70 1/2 0)
(316 53 56 1 0)
(316 57 58 1 0)
(316 63 62 1 0)
(316 75 69 1 0)
(317 41 49 1 0)
(317 73 68 1/2 0)
(635/2 72 67 1/2 0)
(318 77 70 1/2 0)
(637/2 75 69 1/2 0)
(319 53 56 1 0)
(319 58 59 1 0)
(319 61 61 1 0)
(319 73 68 1 0)
(320 41 49 1 0)
(320 72 67 1/2 0)
(641/2 70 66 1/2 0)
(321 73 68 1/2 0)
(643/2 72 67 1/2 0)
(322 52 55 1 0)
(322 61 61 1 0)
(322 70 66 1 0)
(323 41 49 1 0)
(323 66 64 1 0)
(324 65 63 1 0)
(325 48 53 1 0)
(325 57 58 1 0)
(325 60 60 1 0)
(326 41 49 1 0)
(326 77 70 1 0)
(327 78 71 1/2 0)
(655/2 77 70 1/2 0)
(328 53 56 1 0)
(328 57 58 1 0)
(328 63 62 1 0)
(328 75 69 1 0)
(329 41 49 1 0)
(329 73 68 1/2 0)
(659/2 72 67 1/2 0)
(330 77 70 1/2 0)
(661/2 75 69 1/2 0)
(331 53 56 1 0)
(331 58 59 1 0)
(331 61 61 1 0)
(331 73 68 1 0)
(332 41 49 1 0)
(332 72 67 1/2 0)
(665/2 70 66 1/2 0)
(333 73 68 1/2 0)
(667/2 72 67 1/2 0)
(334 52 55 1 0)
(334 61 61 1 0)
(334 70 66 1 0)
(335 41 49 1 0)
(335 66 64 1 0)
(336 65 63 2 0)
(337 48 53 1 0)
(337 57 58 1 0)
(337 60 60 1 0)
(338 41 49 1 0)
(338 72 67 1 0)
(339 73 68 1/2 0)
(679/2 72 67 1/2 0)
(340 51 55 1 0)
(340 58 59 1 0)
(340 61 61 1 0)
(340 70 66 1 0)
(341 41 49 1 0)
(341 66 64 1 0)
(342 65 63 2 0)
(343 51 55 1 0)
(343 57 58 1 0)
(343 60 60 1 0)
(344 41 49 1 0)
(344 72 67 1 0)
(345 73 68 1/2 0)
(691/2 72 67 1/2 0)
(346 51 55 1 0)
(346 58 59 1 0)
(346 61 61 1 0)
(346 70 66 1 0)
(347 41 49 2 0)
(347 66 64 1 0)
(348 63 62 1/2 0)
(697/2 64 62 1/2 0)
(349 51 55 1 0)
(349 57 58 1 0)
(349 60 60 1 0)
(349 65 63 1 0)
(350 68 65 1/2 0)
(701/2 66 64 1/2 0)
(351 60 60 1/2 0)
(703/2 61 60 1/2 0)
(352 62 61 1 0)
(353 65 63 1/2 0)
(707/2 63 62 1/2 0)
(354 52 55 1/2 0)
(709/2 53 56 1/2 0)
(355 63 62 1 0)
(356 53 56 1/2 0)
(713/2 54 56 1/2 0)
(357 63 62 1/2 0)
(715/2 55 57 1/2 0)
(358 56 57 1 0)
(359 63 62 1/2 0)
(719/2 57 58 1/2 0)
(360 46 52 3/4 0)
(360 53 56 6 0)
(360 58 59 15/4 0)
(360 62 61 2 0)
(1443/4 43 50 1/4 0)
(361 41 49 1 0)
(362 46 52 7/4 0)
(362 63 62 7/4 0)
(363 65 63 3/4 0)
(1455/4 47 52 1/4 0)
(1455/4 57 58 1/4 0)
(1455/4 63 62 1/4 0)
(1455/4 65 63 1/4 0)
(364 48 53 1/2 0)
(364 55 57 1 0)
(364 63 62 1 0)
(364 65 63 1 0)
(729/2 50 54 1/2 0)
(365 48 53 1 0)
(365 57 58 1 0)
(365 63 62 1 0)
(365 65 63 1 0)
(366 46 52 3/4 0)
(366 53 56 2 0)
(366 58 59 2 0)
(366 62 61 2 0)
(1467/4 43 50 1/4 0)
(367 41 49 1 0)
(368 40 48 1 0)
(368 48 53 4 0)
(368 58 59 1 0)
(368 67 64 1 0)
(369 41 49 3/4 0)
(369 58 59 3/4 0)
(369 60 60 3/4 0)
(1479/4 36 46 1/4 0)
(1479/4 57 58 1/4 0)
(1479/4 60 60 1/4 0)
(370 41 49 1 0)
(370 55 57 1 0)
(370 60 60 1 0)
(371 36 46 1 0)
(371 57 58 1 0)
(371 60 60 1 0)
(372 41 49 3/4 0)
(372 48 53 4 0)
(372 56 58 3 0)
(372 60 60 2 0)
(1491/4 37 47 1/4 0)
(373 36 46 1 0)
(374 41 49 1 0)
(374 62 61 1 0)
(375 36 46 1 0)
(375 55 57 1/2 0)
(375 63 62 1/2 0)
(1503/4 63 62 1/4 0)
(376 48 53 2 0)
(376 55 57 2 0)
(376 58 59 2 0)
(376 63 62 3/2 0)
(755/2 62 61 1/2 0)
(378 41 49 5 0)
(378 51 55 3/4 0)
(378 58 59 1 0)
(378 60 60 3/4 0)
(1515/4 50 54 1/4 0)
(1515/4 59 59 1/4 0)
(379 51 55 1 0)
(379 57 58 1 0)
(379 60 60 1 0)
(380 47 52 1 0)
(380 56 58 1 0)
(380 62 61 1 0)
(381 48 53 3/4 0)
(381 55 57 3/4 0)
(381 63 62 3/4 0)
(1527/4 46 52 1/4 0)
(1527/4 54 57 1/4 0)
(1527/4 64 62 1/4 0)
(382 45 51 1 0)
(382 53 56 1 0)
(382 65 63 1 0)
(383 41 49 1 0)
(383 57 58 1 0)
(383 63 62 1 0)
(383 73 67 1 0)
(384 46 52 3/4 0)
(384 53 56 3/4 0)
(384 58 59 3/4 0)
(384 62 61 2 0)
(384 70 66 2 0)
(384 74 68 2 0)
(1539/4 43 50 1/4 0)
(385 41 49 1 0)
(386 46 52 7/4 0)
(386 53 56 4 0)
(386 63 62 1 0)
(386 70 66 1 0)
(386 75 69 1 0)
(387 65 63 3/4 0)
(387 70 66 3/4 0)
(387 75 69 3/4 0)
(387 77 70 3/4 0)
(1551/4 47 52 1/4 0)
(1551/4 65 63 1/4 0)
(1551/4 69 65 1/4 0)
(1551/4 75 69 1/4 0)
(1551/4 77 70 1/4 0)
(388 48 53 1/2 0)
(388 65 63 1 0)
(388 67 64 1 0)
(388 75 69 1 0)
(388 77 70 1 0)
(777/2 51 55 1/2 0)
(389 50 54 1/2 0)
(389 65 63 1 0)
(389 69 65 1 0)
(389 75 69 1 0)
(389 77 70 1 0)
(779/2 48 53 1/2 0)
(390 46 52 3/4 0)
(390 53 56 2 0)
(390 62 61 2 0)
(390 70 66 2 0)
(390 74 68 2 0)
(1563/4 43 50 1/4 0)
(391 41 49 1 0)
(392 40 48 1 0)
(392 48 53 7/4 0)
(392 67 64 1 0)
(392 70 66 1 0)
(392 72 67 1 0)
(392 79 71 1 0)
(393 41 49 3/4 0)
(393 60 60 3/4 0)
(393 65 63 3/4 0)
(393 70 66 3/4 0)
(393 72 67 3/4 0)
(1575/4 36 46 1/4 0)
(1575/4 48 53 1/4 0)
(1575/4 60 60 1/4 0)
(1575/4 65 63 1/4 0)
(1575/4 69 65 1/4 0)
(1575/4 72 67 1/4 0)
(394 41 49 1 0)
(394 48 53 1 0)
(394 60 60 1 0)
(394 65 63 1 0)
(394 67 64 1 0)
(394 72 67 1 0)
(395 36 46 1 0)
(395 48 53 1 0)
(395 60 60 1 0)
(395 65 63 1 0)
(395 69 65 1 0)
(395 72 67 1 0)
(396 41 49 3/4 0)
(396 48 53 2 0)
(396 60 60 2 0)
(396 65 63 2 0)
(396 68 65 2 0)
(396 72 67 2 0)
(1587/4 37 47 1/4 0)
(397 36 46 1 0)
(398 41 49 1 0)
(398 48 53 3/2 0)
(398 62 61 1 0)
(398 68 65 1 0)
(398 74 68 1 0)
(399 36 46 1/2 0)
(399 63 62 1/2 0)
(399 67 64 1/2 0)
(399 75 69 1/2 0)
(1599/4 48 53 1/4 0)
(1599/4 55 57 1/4 0)
(1599/4 63 62 1/4 0)
(400 48 53 3/2 0)
(400 54 56 3/2 0)
(400 63 62 3/2 0)
(803/2 47 52 1/2 0)
(803/2 55 57 1/2 0)
(803/2 62 61 1/2 0)
(402 50 54 1/2 0)
(402 56 57 1/2 0)
(402 65 63 1/2 0)
(1611/4 49 53 1/4 0)
(1611/4 57 58 1/4 0)
(1611/4 64 62 1/4 0)
(403 52 55 3/2 0)
(403 58 58 3/2 0)
(403 67 64 3/2 0)
(809/2 51 54 1/2 0)
(809/2 59 59 1/2 0)
(809/2 66 63 1/2 0)
(405 54 56 1/2 0)
(405 60 59 1/2 0)
(405 69 65 1/2 0)
(1623/4 53 55 1/4 0)
(1623/4 61 60 1/4 0)
(1623/4 68 64 1/4 0)
(406 56 57 1 0)
(406 62 61 2 0)
(406 65 63 2 0)
(406 71 66 2 0)
(407 56 58 1/2 0)
(815/2 55 57 1/2 0)
(408 67 64 10 0)
(408 71 66 3/2 0)
(409 65 63 1/2 0)
(819/2 63 62 1/2 0)
(819/2 72 67 1/2 0)
(410 62 61 1/2 0)
(410 71 66 1/2 0)
(410 74 68 1/2 0)
(821/2 60 60 1/2 0)
(821/2 72 67 1/2 0)
(821/2 75 69 1/2 0)
(411 62 61 3/4 0)
(411 71 66 1 0)
(411 77 70 3/4 0)
(1647/4 55 57 1/4 0)
(1647/4 79 71 1/4 0)
(412 62 61 1 0)
(412 71 66 1 0)
(412 77 70 1 0)
(413 60 60 1 0)
(413 72 67 1 0)
(413 75 69 1 0)
(414 62 61 3/4 0)
(414 71 66 1 0)
(414 77 70 3/4 0)
(1659/4 55 57 1/4 0)
(1659/4 79 71 1/4 0)
(415 62 61 1 0)
(415 71 66 1 0)
(415 77 70 1 0)
(416 60 60 1 0)
(416 72 67 1 0)
(416 75 69 1 0)
(418 59 59 1/2 0)
(837/2 60 60 1/2 0)
(419 62 61 1/2 0)
(839/2 63 62 1/2 0)
(420 62 61 9 0)
(421 60 60 1/2 0)
(843/2 58 59 1/2 0)
(843/2 67 64 1/2 0)
(422 57 58 1/2 0)
(422 66 63 1/2 0)
(422 69 65 1/2 0)
(845/2 55 57 1/2 0)
(845/2 67 64 1/2 0)
(845/2 70 66 1/2 0)
(423 57 58 3/4 0)
(423 66 63 1 0)
(423 72 67 3/4 0)
(1695/4 50 54 1/4 0)
(1695/4 74 68 1/4 0)
(424 57 58 1 0)
(424 66 63 1 0)
(424 72 67 1 0)
(425 55 57 1 0)
(425 67 64 1 0)
(425 70 66 1 0)
(426 57 58 3/4 0)
(426 66 63 1 0)
(426 72 67 3/4 0)
(1707/4 50 54 1/4 0)
(1707/4 74 68 1/4 0)
(427 57 58 1 0)
(427 66 63 1 0)
(427 72 67 1 0)
(428 55 57 27/2 0)
(428 67 64 1 0)
(428 70 66 1 0)
(429 60 60 3 0)
(429 63 62 3 0)
(429 68 65 2 0)
(431 66 63 1 0)
(432 59 59 3/2 0)
(432 62 61 3/2 0)
(432 67 64 3/2 0)
(433 53 56 1/2 0)
(867/2 51 55 1/2 0)
(867/2 60 60 1/2 0)
(434 50 54 1/2 0)
(434 59 59 1/2 0)
(434 62 61 1/2 0)
(869/2 48 53 1/2 0)
(869/2 60 60 1/2 0)
(869/2 63 62 1/2 0)
(435 50 54 3/4 0)
(435 59 59 1 0)
(435 65 63 3/4 0)
(1743/4 43 50 1/4 0)
(1743/4 67 64 1/4 0)
(436 50 54 1 0)
(436 59 59 1 0)
(436 65 63 1 0)
(437 48 53 1 0)
(437 60 60 1 0)
(437 63 62 1 0)
(438 50 54 3/4 0)
(438 59 59 1 0)
(438 65 63 3/4 0)
(1755/4 43 50 1/4 0)
(1755/4 67 64 1/4 0)
(439 50 54 1 0)
(439 59 59 1 0)
(439 65 63 1 0)
(440 48 53 1 0)
(440 60 60 1 0)
(440 63 62 1 0)
(883/2 48 53 1/2 0)
(442 47 52 1/2 0)
(885/2 48 53 1/2 0)
(443 50 54 1/2 0)
(887/2 51 55 1/2 0)
(444 50 54 1/2 0)
(889/2 49 53 1/2 0)
(889/2 52 55 1/2 0)
(445 48 53 1/2 0)
(445 54 56 1/2 0)
(891/2 46 52 1/2 0)
(891/2 55 57 1/2 0)
(446 45 51 1/2 0)
(446 54 56 1/2 0)
(446 57 58 1/2 0)
(893/2 43 50 1/2 0)
(893/2 55 57 1/2 0)
(893/2 58 59 1/2 0)
(447 45 51 3/4 0)
(447 53 56 1/2 0)
(447 57 58 1/2 0)
(1791/4 32 44 1/4 0)
(1791/4 52 55 1/4 0)
(1791/4 61 60 1/4 0)
(448 38 47 2 0)
(448 50 54 2 0)
(448 62 61 2 0)
(450 50 54 11 0)
(450 57 58 1/2 0)
(450 65 63 1/2 0)
(450 69 65 1/2 0)
(1803/4 55 57 1/4 0)
(1803/4 64 62 1/4 0)
(1803/4 73 67 1/4 0)
(451 53 56 2 0)
(451 62 61 2 0)
(451 74 68 2 0)
(453 57 58 1/2 0)
(453 65 63 1/2 0)
(453 69 65 1/2 0)
(1815/4 55 57 1/4 0)
(1815/4 64 62 1/4 0)
(1815/4 73 67 1/4 0)
(454 53 56 2 0)
(454 62 61 7 0)
(454 74 68 2 0)
(456 57 58 1/2 0)
(456 69 65 1/2 0)
(913/2 60 60 1/2 0)
(913/2 72 67 1/2 0)
(457 58 59 1 0)
(457 70 66 1 0)
(458 57 58 1/2 0)
(458 69 65 1/2 0)
(917/2 55 57 1/2 0)
(917/2 67 64 1/2 0)
(459 57 58 3/4 0)
(459 69 65 3/4 0)
(1839/4 52 55 1/4 0)
(1839/4 64 62 1/4 0)
(460 53 56 1 0)
(460 65 63 1 0)
(461 50 54 6 0)
(461 62 61 6 0)
(462 57 58 1/2 0)
(462 69 65 1/2 0)
(925/2 60 60 1/2 0)
(925/2 72 67 1/2 0)
(463 58 59 1 0)
(463 70 66 1 0)
(464 57 58 1/2 0)
(464 69 65 1/2 0)
(929/2 55 57 1/2 0)
(929/2 67 64 1/2 0)
(465 57 58 3/4 0)
(465 69 65 3/4 0)
(1863/4 52 55 1/4 0)
(1863/4 64 62 1/4 0)
(466 53 56 1 0)
(466 65 63 1 0)
(467 50 54 3 0)
(467 62 61 3 0)
(468 57 58 3/4 0)
(468 69 65 3 0)
(1875/4 52 55 1/4 0)
(1875/4 64 62 1/4 0)
(469 53 56 1 0)
(469 65 63 1 0)
(470 50 54 3 0)
(470 62 61 3 0)
(471 57 58 3/4 0)
(471 69 65 3 0)
(1887/4 52 55 1/4 0)
(1887/4 64 62 1/4 0)
(472 53 56 1 0)
(472 65 63 1 0)
(473 50 54 1 0)
(473 62 61 4 0)
(474 43 50 3 0)
(474 67 64 3 0)
(474 71 66 3 0)
(477 55 57 1/2 0)
(1911/4 55 57 1/4 0)
(478 55 57 1 0)
(479 55 57 1 0)
(480 67 64 10 0)
(481 65 63 1/2 0)
(963/2 63 62 1/2 0)
(963/2 72 67 1/2 0)
(482 62 61 1/2 0)
(482 71 66 1/2 0)
(482 74 68 1/2 0)
(965/2 60 60 1/2 0)
(965/2 72 67 1/2 0)
(965/2 75 69 1/2 0)
(483 62 61 3/4 0)
(483 71 66 1 0)
(483 77 70 3/4 0)
(1935/4 55 57 1/4 0)
(1935/4 79 71 1/4 0)
(484 62 61 1 0)
(484 71 66 1 0)
(484 77 70 1 0)
(485 60 60 1 0)
(485 72 67 1 0)
(485 75 69 1 0)
(486 62 61 3/4 0)
(486 71 66 1 0)
(486 77 70 3/4 0)
(1947/4 55 57 1/4 0)
(1947/4 79 71 1/4 0)
(487 62 61 1 0)
(487 71 66 1 0)
(487 77 70 1 0)
(488 60 60 1 0)
(488 72 67 1 0)
(488 75 69 1 0)
(490 59 59 1/2 0)
(981/2 60 60 1/2 0)
(491 62 61 1/2 0)
(983/2 63 62 1/2 0)
(492 62 61 9 0)
(493 60 60 1/2 0)
(987/2 58 59 1/2 0)
(987/2 67 64 1/2 0)
(494 57 58 1/2 0)
(494 66 63 1/2 0)
(494 69 65 1/2 0)
(989/2 55 57 1/2 0)
(989/2 67 64 1/2 0)
(989/2 70 66 1/2 0)
(495 57 58 3/4 0)
(495 66 63 1 0)
(495 72 67 3/4 0)
(1983/4 50 54 1/4 0)
(1983/4 74 68 1/4 0)
(496 57 58 1 0)
(496 66 63 1 0)
(496 72 67 1 0)
(497 55 57 1 0)
(497 67 64 1 0)
(497 70 66 1 0)
(498 57 58 3/4 0)
(498 66 63 1 0)
(498 72 67 3/4 0)
(1995/4 50 54 1/4 0)
(1995/4 74 68 1/4 0)
(499 57 58 1 0)
(499 66 63 1 0)
(499 72 67 1 0)
(500 55 57 27/2 0)
(500 67 64 1 0)
(500 70 66 1 0)
(501 60 60 3 0)
(501 63 62 3 0)
(501 68 65 2 0)
(503 66 63 1 0)
(504 59 59 3/2 0)
(504 62 61 3/2 0)
(504 67 64 3/2 0)
(505 53 56 1/2 0)
(1011/2 51 55 1/2 0)
(1011/2 60 60 1/2 0)
(506 50 54 1/2 0)
(506 59 59 1/2 0)
(506 62 61 1/2 0)
(1013/2 48 53 1/2 0)
(1013/2 60 60 1/2 0)
(1013/2 63 62 1/2 0)
(507 50 54 3/4 0)
(507 59 59 1 0)
(507 65 63 3/4 0)
(2031/4 43 50 1/4 0)
(2031/4 67 64 1/4 0)
(508 50 54 1 0)
(508 59 59 1 0)
(508 65 63 1 0)
(509 48 53 1 0)
(509 60 60 1 0)
(509 63 62 1 0)
(510 50 54 3/4 0)
(510 59 59 1 0)
(510 65 63 3/4 0)
(2043/4 43 50 1/4 0)
(2043/4 67 64 1/4 0)
(511 50 54 1 0)
(511 59 59 1 0)
(511 65 63 1 0)
(512 48 53 1 0)
(512 60 60 1 0)
(512 63 62 1 0)
(1027/2 48 53 1/2 0)
(514 47 52 1/2 0)
(1029/2 48 53 1/2 0)
(515 50 54 1/2 0)
(1031/2 51 55 1/2 0)
(516 53 56 3 0)
(516 56 58 9 0)
(517 60 60 1/2 0)
(1035/2 61 61 1/2 0)
(518 63 62 1/2 0)
(1037/2 65 63 1/2 0)
(519 51 55 3 0)
(519 60 60 3 0)
(519 66 64 3 0)
(2079/4 68 65 1/4 0)
(520 68 65 1 0)
(521 68 65 1 0)
(522 49 54 2 0)
(522 61 61 3 0)
(522 65 63 3 0)
(522 68 65 3/4 0)
(2091/4 68 65 1/4 0)
(523 68 65 1 0)
(524 48 53 1 0)
(524 68 65 1 0)
(525 47 52 2 0)
(525 62 61 2 0)
(525 65 63 2 0)
(525 68 65 1 0)
(526 67 64 1 0)
(528 43 50 1 0)
(529 45 51 1/2 0)
(1059/2 47 52 1/2 0)
(530 48 53 1/2 0)
(1061/2 50 54 1/2 0)
(531 51 55 3/4 0)
(531 57 58 3 0)
(531 60 60 3 0)
(531 66 64 3 0)
(2127/4 51 55 1/4 0)
(532 51 55 1 0)
(533 51 55 1 0)
(534 51 55 3/4 0)
(534 56 58 3 0)
(534 60 60 1 0)
(534 65 63 5 0)
(2139/4 51 55 1/4 0)
(535 50 54 1 0)
(535 59 59 1 0)
(536 48 53 1 0)
(536 63 62 4 0)
(537 47 53 3 0)
(537 56 58 2 0)
(539 57 58 1 0)
(539 66 63 1 0)
(540 46 52 3/2 0)
(540 58 59 3 0)
(540 63 62 3 0)
(540 67 64 3 0)
(1083/2 51 55 1/2 0)
(542 55 57 1/2 0)
(1085/2 60 60 1/2 0)
(543 56 58 3 0)
(543 58 59 1/2 0)
(543 62 61 3 0)
(2175/4 46 52 1/4 0)
(544 48 53 1 0)
(545 46 52 1 0)
(546 45 51 3/2 0)
(546 53 56 3 0)
(546 57 58 3 0)
(546 61 60 3/4 0)
(2187/4 62 61 1/4 0)
(547 65 63 1 0)
(1095/2 50 54 1/2 0)
(548 53 56 1/2 0)
(548 64 62 1 0)
(1097/2 57 58 1/2 0)
(549 53 56 3 0)
(549 56 57 1/2 0)
(549 59 59 3 0)
(549 64 62 2 0)
(2199/4 44 50 1/4 0)
(550 53 56 1 0)
(551 44 50 1 0)
(551 62 61 1 0)
(552 43 50 3 0)
(552 53 56 1 0)
(552 58 59 3 0)
(552 62 61 3/4 0)
(2211/4 61 60 1/4 0)
(553 52 55 3 0)
(553 70 66 1 0)
(554 61 60 1 0)
(555 43 50 3/4 0)
(555 57 58 2 0)
(555 61 61 2 0)
(2223/4 42 49 1/4 0)
(556 51 55 3 0)
(557 42 50 1 0)
(557 60 60 1 0)
(558 41 49 3/2 0)
(558 56 58 3 0)
(558 60 60 1/2 0)
(1117/2 61 61 7/2 0)
(559 49 54 3/2 0)
(559 68 65 1 0)
(1119/2 39 48 1/2 0)
(560 37 47 1/2 0)
(560 68 65 1 0)
(1121/2 29 42 1/2 0)
(561 31 43 1/2 0)
(561 59 59 2 0)
(561 65 63 2 0)
(561 68 65 2 0)
(1123/2 43 50 1/2 0)
(562 50 54 1 0)
(562 65 63 1/2 0)
(1125/2 61 61 1/2 0)
(563 59 59 1 0)
(563 65 63 1 0)
(563 67 64 1 0)
(564 36 46 1 0)
(564 48 53 1 0)
(564 60 60 1/2 0)
(564 72 67 1/2 0)
(1129/2 64 62 1/2 0)
(565 67 64 1/2 0)
(1131/2 70 66 1/2 0)
(566 55 57 1 0)
(566 64 62 1 0)
(566 71 66 1/2 0)
(1133/2 72 67 1/2 0)
(567 48 53 1 0)
(567 73 68 1/2 0)
(1135/2 70 66 1/2 0)
(568 55 57 1 0)
(568 64 62 1 0)
(568 80 72 3/2 0)
(569 55 57 1 0)
(569 64 62 1 0)
(1139/2 79 71 1/2 0)
(570 48 53 3 0)
(571 61 61 1 0)
(571 64 62 1 0)
(571 70 66 3/2 0)
(572 61 61 2 0)
(572 64 62 2 0)
(1145/2 69 65 1/2 0)
(573 48 53 3 0)
(573 68 65 1 0)
(574 58 59 1 0)
(574 61 61 1 0)
(574 64 62 1 0)
(574 68 65 3/2 0)
(575 58 59 1 0)
(575 61 61 1 0)
(575 64 62 1 0)
(1151/2 67 64 1/2 0)
(576 36 46 1 0)
(576 65 63 1/2 0)
(1153/2 79 71 1/2 0)
(577 56 58 1 0)
(577 65 63 1 0)
(577 77 70 1/2 0)
(1155/2 76 69 1/2 0)
(578 56 58 1 0)
(578 65 63 1 0)
(578 75 69 1/2 0)
(1157/2 74 68 1 0)
(579 48 53 1 0)
(1159/2 73 68 1/2 0)
(580 56 58 1 0)
(580 65 63 1 0)
(580 72 67 1/2 0)
(1161/2 71 66 1/2 0)
(581 56 58 1 0)
(581 65 63 1 0)
(581 68 65 1/2 0)
(1163/2 67 64 1 0)
(582 36 46 1 0)
(2331/4 65 63 1/4 0)
(583 55 57 1 0)
(583 59 59 1 0)
(583 65 63 1 0)
(584 55 57 2 0)
(584 59 59 2 0)
(584 65 63 7/4 0)
(585 43 50 3 0)
(2343/4 65 63 1/4 0)
(586 55 57 1 0)
(586 59 59 1 0)
(586 67 64 1 0)
(587 55 57 1 0)
(587 59 59 1 0)
(587 62 61 1 0)
(588 36 46 1 0)
(588 64 62 1/2 0)
(1177/2 66 63 1/2 0)
(589 55 57 1 0)
(589 64 62 1 0)
(589 67 64 1/2 0)
(1179/2 68 65 1/2 0)
(590 55 57 1 0)
(590 64 62 1 0)
(590 70 66 1/2 0)
(1181/2 72 67 1/2 0)
(591 48 53 1 0)
(591 73 68 1/2 0)
(1183/2 70 66 1/2 0)
(592 55 57 1 0)
(592 64 62 1 0)
(592 80 72 3/2 0)
(593 55 57 1 0)
(593 64 62 1 0)
(1187/2 79 71 1/2 0)
(594 36 46 1 0)
(594 85 75 1/2 0)
(595 61 61 1 0)
(595 64 62 1 0)
(595 70 66 1 0)
(596 61 61 2 0)
(596 64 62 2 0)
(596 70 66 1/2 0)
(1193/2 69 65 1/2 0)
(597 48 53 3 0)
(597 68 65 1 0)
(598 58 59 1 0)
(598 61 61 1 0)
(598 64 62 1 0)
(598 68 65 1 0)
(599 58 59 1 0)
(599 61 61 1 0)
(599 64 62 1 0)
(599 68 65 1/2 0)
(1199/2 67 64 1/2 0)
(600 36 46 1 0)
(600 65 63 1/2 0)
(1201/2 79 71 1/2 0)
(601 56 58 1 0)
(601 65 63 1 0)
(601 77 70 1/2 0)
(1203/2 76 69 1/2 0)
(602 56 58 1 0)
(602 65 63 1 0)
(602 75 69 1/2 0)
(1205/2 74 68 1/2 0)
(603 48 53 1 0)
(603 73 68 1/2 0)
(1207/2 73 68 1/2 0)
(604 56 58 1 0)
(604 65 63 1 0)
(604 72 67 1/2 0)
(1209/2 71 66 1/2 0)
(605 56 58 1 0)
(605 65 63 1 0)
(605 68 65 1/2 0)
(1211/2 65 63 1/2 0)
(606 36 46 1 0)
(606 80 72 1/2 0)
(2427/4 65 63 1/4 0)
(607 56 58 1 0)
(607 59 59 1 0)
(607 65 63 1 0)
(608 56 58 2 0)
(608 59 59 2 0)
(608 65 63 7/4 0)
(609 43 50 3 0)
(2439/4 65 63 1/4 0)
(610 55 57 1 0)
(610 59 59 1 0)
(610 63 62 1 0)
(611 55 57 1 0)
(611 59 59 1 0)
(611 61 61 1 0)
(612 36 46 1 0)
(612 60 60 3 0)
(613 52 55 1/2 0)
(613 70 66 1/2 0)
(1227/2 53 56 1/2 0)
(1227/2 68 65 1/2 0)
(614 55 57 1/2 0)
(614 67 64 1/2 0)
(1229/2 56 58 1/2 0)
(1229/2 65 63 1/2 0)
(615 48 53 5 0)
(615 58 59 3/4 0)
(615 61 61 1 0)
(615 64 62 1 0)
(615 67 64 3/4 0)
(2463/4 60 60 1/4 0)
(2463/4 68 65 1/4 0)
(616 58 59 1 0)
(616 61 61 2 0)
(616 64 62 1 0)
(616 67 64 1 0)
(617 56 58 1 0)
(617 65 63 1 0)
(618 56 58 1 0)
(618 65 63 3/4 0)
(618 73 68 3/4 0)
(2475/4 68 65 1/4 0)
(2475/4 77 70 1/4 0)
(619 58 59 1/2 0)
(619 68 65 1 0)
(619 77 70 1 0)
(1239/2 60 60 1/2 0)
(620 61 61 1/2 0)
(620 65 63 1 0)
(620 73 68 1 0)
(1241/2 63 62 1/2 0)
(621 61 61 1/2 0)
(621 65 63 2 0)
(621 68 65 3/4 0)
(1243/2 60 60 1/2 0)
(2487/4 67 64 1/4 0)
(622 59 59 1 0)
(622 67 64 1 0)
(623 55 57 1 0)
(623 65 63 1 0)
(623 74 68 1 0)
(624 36 46 1 0)
(624 48 53 8 0)
(624 64 62 1/2 0)
(624 72 67 1 0)
(1249/2 71 66 1/2 0)
(625 52 55 1/2 0)
(625 70 66 1/2 0)
(625 72 67 1 0)
(1251/2 53 56 1/2 0)
(1251/2 68 65 1/2 0)
(626 55 57 1/2 0)
(626 67 64 1/2 0)
(626 72 67 1 0)
(1253/2 56 58 1/2 0)
(1253/2 65 63 1/2 0)
(627 58 59 3/4 0)
(627 64 62 3 0)
(627 67 64 3/4 0)
(627 72 67 3 0)
(2511/4 60 60 1/4 0)
(2511/4 68 65 1/4 0)
(628 58 59 1 0)
(628 67 64 1 0)
(629 56 58 1 0)
(629 65 63 3/2 0)
(629 73 68 2 0)
(630 56 58 1 0)
(1261/2 80 72 1/2 0)
(631 58 59 1/2 0)
(631 68 65 1 0)
(631 77 70 1 0)
(1263/2 60 60 1/2 0)
(632 61 61 1/2 0)
(632 65 63 1 0)
(632 73 68 1 0)
(1265/2 63 62 1/2 0)
(633 61 61 1/2 0)
(633 65 63 2 0)
(633 68 65 3/4 0)
(1267/2 60 60 1/2 0)
(2535/4 67 64 1/4 0)
(634 59 59 1 0)
(634 67 64 1 0)
(635 55 57 1 0)
(635 65 63 1 0)
(635 74 68 1 0)
(636 55 57 5 0)
(636 64 62 5 0)
(636 72 67 5 0)
(1275/2 43 50 1/2 0)
(638 48 53 1/2 0)
(1277/2 50 54 1/2 0)
(639 48 53 3/4 0)
(2559/4 43 50 1/4 0)
(640 48 53 1 0)
(641 43 50 1 0)
(641 55 57 1 0)
(641 65 63 1 0)
(641 71 66 1 0)
(642 48 53 3/2 0)
(642 55 57 5 0)
(642 64 62 5 0)
(642 72 67 5 0)
(1287/2 43 50 1/2 0)
(644 48 53 1/2 0)
(1289/2 50 54 1/2 0)
(645 48 53 3/4 0)
(2583/4 43 50 1/4 0)
(646 48 53 1 0)
(647 43 50 1 0)
(647 55 57 1 0)
(647 65 63 1 0)
(647 71 66 1 0)
(648 48 53 1 0)
(648 55 57 1 0)
(648 64 62 1/2 0)
(648 72 67 1/2 0)
(648 76 69 1/2 0)
(2595/4 64 62 1/4 0)
(649 64 62 1 0)
(650 41 49 1 0)
(650 48 53 1 0)
(650 56 58 1 0)
(650 60 60 1 0)
(650 64 62 1 0)
(651 36 46 1 0)
(651 48 53 1 0)
(651 55 57 1 0)
(651 60 60 1 0)
(651 64 62 1/2 0)
(2607/4 64 62 1/4 0)
(652 64 62 1 0)
(653 41 49 1 0)
(653 48 53 1 0)
(653 56 58 1 0)
(653 60 60 1 0)
(653 64 62 1 0)
(654 36 46 1 0)
(654 48 53 1 0)
(654 55 57 1 0)
(654 60 60 1 0)
(654 64 62 1 0)
(655 36 46 1 0)
(655 48 53 1 0)
(655 55 57 1 0)
(655 60 60 1 0)
(655 64 62 1 0)
(657 36 46 1 0)
(657 48 53 1 0)
(657 55 57 1 0)
(657 60 60 1 0)
(657 64 62 1 0)
(658 36 46 1 0)
(658 48 53 1 0)
(658 55 57 1 0)
(658 60 60 1 0)
(658 64 62 1 0)
