(0 76 69 1/2 0)
(1/2 71 66 1/2 0)
(1 72 67 1 0)
(2 69 65 1 0)
(3 71 66 1/2 0)
(7/2 68 64 1/2 0)
(4 64 62 2 0)
(5 52 55 1 1)
(5 59 59 1 1)
(5 62 61 1 1)
(6 66 63 1/2 0)
(13/2 68 64 1/2 0)
(7 52 55 1 1)
(7 54 56 1 1)
(7 62 61 1 1)
(7 69 65 1 0)
(8 52 55 1 1)
(8 56 57 1 1)
(8 62 61 1 1)
(8 71 66 1 0)
(9 45 51 1 1)
(9 72 67 1/2 0)
(19/2 77 70 1/2 0)
(10 52 55 1 1)
(10 60 60 1 1)
(10 76 69 2 0)
(11 44 51 1 1)
(12 43 50 1 1)
(12 79 71 1/2 0)
(25/2 74 68 1/2 0)
(13 55 57 1 1)
(13 60 60 1 1)
(13 64 62 1 1)
(13 76 69 1 0)
(14 60 60 1 1)
(14 64 62 1 1)
(14 69 65 1 1)
(14 72 67 1 0)
(15 74 68 1/2 0)
(31/2 71 66 1/2 0)
(16 55 57 1 1)
(16 62 61 1 1)
(16 65 63 1 1)
(16 67 64 2 0)
(17 55 57 1 1)
(17 59 59 1 1)
(17 65 63 1 1)
(18 69 65 1/2 0)
(37/2 71 66 1/2 0)
(19 55 57 1 1)
(19 57 58 1 1)
(19 65 63 1 1)
(19 72 67 1 0)
(20 55 57 1 1)
(20 59 59 1 1)
(20 65 63 1 1)
(20 74 68 1 0)
(21 48 53 1 1)
(21 76 69 3/4 0)
(87/4 78 70 1/4 0)
(22 54 56 1 1)
(22 58 58 1 1)
(22 64 62 1 1)
(22 78 70 2 0)
(23 48 53 1 1)
(24 47 52 1 1)
(24 80 71 1/2 0)
(49/2 71 66 1/2 0)
(25 56 57 1 1)
(25 59 59 1 1)
(25 64 62 1 1)
(25 80 71 1 0)
(26 57 58 1 1)
(26 59 59 1 1)
(26 63 61 1 1)
(26 78 70 1/2 0)
(53/2 80 71 1/2 0)
(27 52 55 1 1)
(27 76 69 1/2 0)
(111/4 71 66 1/4 0)
(28 56 57 1 1)
(28 59 59 1 1)
(28 64 62 1 1)
(28 68 64 1 1)
(28 76 69 2 0)
(29 57 58 1 1)
(29 61 60 1 1)
(29 67 64 1 1)
(30 50 54 1 1)
(30 77 70 1/2 0)
(61/2 69 65 1/2 0)
(31 57 58 1 1)
(31 62 61 1 1)
(31 65 63 1 1)
(31 74 68 1 0)
(32 52 55 1 1)
(32 56 57 1 1)
(32 62 61 1 1)
(32 71 66 3/4 0)
(131/4 72 67 1/4 0)
(33 45 51 3 1)
(33 69 65 1/2 0)
(135/4 68 64 1/4 0)
(34 52 55 1 1)
(34 60 60 1 1)
(34 69 65 2 0)
(35 52 55 1 1)
(35 60 60 1 1)
(36 76 69 1/2 0)
(73/2 71 66 1/2 0)
(37 72 67 1 0)
(38 69 65 1 0)
(39 71 66 1/2 0)
(79/2 68 64 1/2 0)
(40 64 62 2 0)
(41 52 55 1 1)
(41 59 59 1 1)
(41 62 61 1 1)
(42 66 63 1/2 0)
(85/2 68 64 1/2 0)
(43 52 55 1 1)
(43 54 56 1 1)
(43 62 61 1 1)
(43 69 65 1 0)
(44 52 55 1 1)
(44 56 57 1 1)
(44 62 61 1 1)
(44 71 66 1 0)
(45 45 51 1 1)
(45 72 67 1/2 0)
(91/2 77 70 1/2 0)
(46 52 55 1 1)
(46 60 60 1 1)
(46 76 69 2 0)
(47 44 51 1 1)
(48 43 50 1 1)
(48 79 71 1/2 0)
(97/2 74 68 1/2 0)
(49 55 57 1 1)
(49 60 60 1 1)
(49 64 62 1 1)
(49 76 69 1 0)
(50 60 60 1 1)
(50 64 62 1 1)
(50 69 65 1 1)
(50 72 67 1 0)
(51 74 68 1/2 0)
(103/2 71 66 1/2 0)
(52 55 57 1 1)
(52 62 61 1 1)
(52 65 63 1 1)
(52 67 64 2 0)
(53 55 57 1 1)
(53 59 59 1 1)
(53 65 63 1 1)
(54 69 65 1/2 0)
(109/2 71 66 1/2 0)
(55 55 57 1 1)
(55 57 58 1 1)
(55 65 63 1 1)
(55 72 67 1 0)
(56 55 57 1 1)
(56 59 59 1 1)
(56 65 63 1 1)
(56 74 68 1 0)
(57 48 53 1 1)
(57 76 69 3/4 0)
(231/4 78 70 1/4 0)
(58 54 56 1 1)
(58 58 58 1 1)
(58 64 62 1 1)
(58 78 70 2 0)
(59 48 53 1 1)
(60 47 52 1 1)
(60 80 71 1/2 0)
(121/2 71 66 1/2 0)
(61 56 57 1 1)
(61 59 59 1 1)
(61 64 62 1 1)
(61 80 71 1 0)
(62 57 58 1 1)
(62 59 59 1 1)
(62 63 61 1 1)
(62 78 70 1/2 0)
(125/2 80 71 1/2 0)
(63 52 55 1 1)
(63 76 69 1/2 0)
(255/4 71 66 1/4 0)
(64 56 57 1 1)
(64 59 59 1 1)
(64 64 62 1 1)
(64 68 64 1 1)
(64 76 69 2 0)
(65 57 58 1 1)
(65 61 60 1 1)
(65 67 64 1 1)
(66 50 54 1 1)
(66 77 70 1/2 0)
(133/2 69 65 1/2 0)
(67 57 58 1 1)
(67 62 61 1 1)
(67 65 63 1 1)
(67 74 68 1 0)
(68 52 55 1 1)
(68 56 57 1 1)
(68 62 61 1 1)
(68 71 66 3/4 0)
(275/4 72 67 1/4 0)
(69 45 51 3 1)
(69 69 65 1/2 0)
(279/4 68 64 1/4 0)
(70 52 55 1 1)
(70 60 60 1 1)
(70 69 65 3 0)
(71 52 55 1 1)
(71 60 60 1 1)
(72 47 52 1 1)
(73 57 58 1 1)
(73 59 59 1 1)
(73 63 61 1 1)
(73 66 63 1/2 0)
(147/2 68 64 1/2 0)
(74 57 58 1 1)
(74 59 59 1 1)
(74 63 61 1 1)
(74 69 65 1/2 0)
(149/2 78 70 1/2 0)
(75 40 48 1 1)
(75 76 69 1/2 0)
(151/2 69 65 1/2 0)
(76 56 57 1 1)
(76 59 59 1 1)
(76 64 62 1 1)
(76 68 64 5/2 0)
(77 56 57 1 1)
(77 59 59 1 1)
(77 64 62 1 1)
(78 46 52 1 1)
(157/2 68 65 1/2 0)
(79 56 58 1 1)
(79 58 59 1 1)
(79 62 61 1 1)
(79 65 63 1/2 0)
(159/2 67 64 1/2 0)
(80 56 58 1 1)
(80 58 59 1 1)
(80 62 61 1 1)
(80 68 65 1/2 0)
(161/2 77 70 1/2 0)
(81 39 48 1 1)
(81 75 69 1/2 0)
(163/2 68 65 1/2 0)
(82 55 57 1 1)
(82 58 59 1 1)
(82 63 62 1 1)
(82 67 64 3/2 0)
(83 55 57 1 1)
(83 58 59 1 1)
(83 63 62 1 1)
(167/2 66 63 1/2 0)
(84 45 51 1 1)
(84 67 64 1/2 0)
(169/2 67 64 1/2 0)
(85 55 57 1 1)
(85 57 58 1 1)
(85 61 60 1 1)
(85 64 62 1/2 0)
(171/2 66 63 1/2 0)
(86 55 57 1 1)
(86 57 58 1 1)
(86 61 60 1 1)
(86 67 64 1/2 0)
(173/2 76 69 1/2 0)
(87 45 51 1 1)
(87 74 68 1/2 0)
(175/2 67 64 1/2 0)
(88 54 56 1 1)
(88 57 58 1 1)
(88 62 61 1 1)
(88 66 63 1/2 0)
(177/2 67 64 1/2 0)
(89 53 56 1 1)
(89 59 59 1 1)
(89 62 61 1 1)
(89 68 64 1/2 0)
(179/2 71 66 1/2 0)
(90 45 51 1 1)
(90 69 65 3/4 0)
(363/4 63 61 1/4 0)
(91 55 57 1 1)
(91 57 58 1 1)
(91 61 60 1 1)
(91 66 63 3/4 0)
(367/4 64 62 1/4 0)
(92 55 57 1 1)
(92 57 58 1 1)
(92 61 60 1 1)
(92 67 64 3/4 0)
(371/4 59 59 1/4 0)
(93 33 44 1 1)
(93 57 58 3/4 0)
(375/4 64 62 1/4 0)
(94 54 56 1 1)
(94 57 58 1 1)
(94 62 61 3/4 0)
(379/4 67 64 1/4 0)
(95 54 56 1 1)
(95 57 58 1 1)
(95 62 61 1 1)
(95 66 63 3/4 0)
(383/4 71 66 1/4 0)
(96 45 51 1 1)
(96 69 65 1/3 0)
(289/3 71 66 1/3 0)
(290/3 69 65 1/3 0)
(97 52 55 1 1)
(97 61 60 1 1)
(97 68 64 3/4 0)
(391/4 67 64 1/4 0)
(98 57 58 1 1)
(98 61 60 1 1)
(98 67 64 1 1)
(98 69 65 3/4 0)
(395/4 76 69 1/4 0)
(99 38 47 1 1)
(99 74 68 3/4 0)
(399/4 67 64 1/4 0)
(100 50 54 1 1)
(100 57 58 1 1)
(100 60 60 1 1)
(100 66 63 3/4 0)
(403/4 67 64 1/4 0)
(101 50 54 2 1)
(101 54 56 2 1)
(101 60 60 2 1)
(101 68 64 3/4 0)
(407/4 71 66 1/4 0)
(102 69 65 3/4 0)
(411/4 65 62 1/4 0)
(103 51 54 1 1)
(103 57 58 1 1)
(103 60 60 1 1)
(103 66 63 3/4 0)
(415/4 67 64 1/4 0)
(104 51 54 1 1)
(104 53 56 2 1)
(104 60 60 1 1)
(104 68 64 3/4 0)
(419/4 71 66 1/4 0)
(105 50 54 2 1)
(105 62 61 2 1)
(105 69 65 1/3 0)
(316/3 71 66 1/3 0)
(317/3 69 65 1/3 0)
(106 57 58 1 1)
(106 66 63 3/4 0)
(427/4 67 64 1/4 0)
(107 68 64 3/4 0)
(431/4 71 66 1/4 0)
(108 64 62 1/2 1)
(108 69 65 3/4 0)
(217/2 59 59 1/2 1)
(435/4 67 64 1/4 0)
(109 60 60 1 1)
(109 67 64 3/4 0)
(439/4 65 63 1/4 0)
(110 57 58 1 1)
(110 65 63 3/4 0)
(443/4 63 61 1/4 0)
(111 59 59 1/2 1)
(111 63 61 3/4 0)
(223/2 56 57 1/2 1)
(447/4 64 62 1/4 0)
(112 52 55 3 1)
(112 64 62 2 0)
(113 40 48 1 1)
(113 47 52 1 1)
(113 56 57 2 0)
(113 62 61 2 0)
(114 40 48 1 1)
(114 47 52 1 1)
(114 66 63 1/2 0)
(229/2 68 64 1/2 0)
(115 69 65 1 0)
(116 52 55 1 1)
(116 56 57 1 1)
(116 62 61 1 1)
(116 71 66 1 0)
(117 45 51 1 1)
(117 72 67 1/2 0)
(235/2 77 70 1/2 0)
(118 52 55 1 1)
(118 60 60 1 1)
(118 76 69 1/2 0)
(237/2 72 67 1/2 0)
(119 44 51 1 1)
(119 76 69 1/2 0)
(239/2 78 70 1/2 0)
(120 43 50 1 1)
(120 79 71 1/2 0)
(241/2 74 68 1/2 0)
(121 55 57 1 1)
(121 60 60 1 1)
(121 64 62 1 1)
(121 76 69 1/2 0)
(243/2 71 66 1/2 0)
(122 60 60 1 1)
(122 64 62 1 1)
(122 69 65 1 1)
(122 72 67 1/2 0)
(245/2 69 65 1/2 0)
(123 74 68 1/2 0)
(247/2 71 66 1/2 0)
(124 55 57 1 1)
(124 62 61 1 1)
(124 65 63 1 1)
(124 67 64 2 0)
(125 55 57 1 1)
(125 59 59 1 1)
(125 65 63 1 1)
(126 69 65 1/2 0)
(253/2 71 66 1/2 0)
(127 55 57 1 1)
(127 57 58 1 1)
(127 65 63 1 1)
(127 72 67 1 0)
(128 55 57 1 1)
(128 59 59 1 1)
(128 65 63 1 1)
(128 74 68 1 0)
(129 48 53 1 1)
(129 76 69 3/4 0)
(519/4 78 70 1/4 0)
(130 54 56 1 1)
(130 58 58 1 1)
(130 64 62 1 1)
(130 78 70 2 0)
(131 48 53 1 1)
(132 47 52 1 1)
(132 80 71 1/2 0)
(265/2 71 66 1/2 0)
(133 56 57 1 1)
(133 59 59 1 1)
(133 64 62 1 1)
(133 80 71 1 0)
(134 57 58 1 1)
(134 59 59 1 1)
(134 63 61 1 1)
(134 78 70 1/2 0)
(269/2 80 71 1/2 0)
(135 52 55 1 1)
(135 76 69 1/2 0)
(543/4 71 66 1/4 0)
(136 56 57 1 1)
(136 59 59 1 1)
(136 64 62 1 1)
(136 68 64 1 1)
(136 76 69 2 0)
(137 57 58 1 1)
(137 61 60 1 1)
(137 67 64 1 1)
(138 50 54 1 1)
(138 77 70 1/2 0)
(277/2 69 65 1/2 0)
(139 57 58 1 1)
(139 62 61 1 1)
(139 65 63 1 1)
(139 74 68 1 0)
(140 52 55 1 1)
(140 56 57 1 1)
(140 62 61 1 1)
(140 71 66 3/4 0)
(563/4 72 67 1/4 0)
(141 69 65 3/4 0)
(567/4 68 64 1/4 0)
(142 45 51 1 1)
(142 52 55 1 1)
(142 60 60 1 0)
(142 69 65 3 0)
(143 45 51 1 1)
(143 52 55 1 1)
(143 60 60 1 0)
(144 45 51 1 1)
(144 52 55 1 1)
(144 61 60 1 0)
(145 45 51 1 1)
(145 52 55 1 1)
(145 61 60 1 0)
(146 38 47 1 1)
(146 45 51 1 1)
(146 54 56 1 1)
(146 64 62 3/4 0)
(587/4 62 61 1/4 0)
(147 45 51 1 1)
(147 52 55 1 1)
(147 61 60 1 1)
(148 33 44 1 1)
(148 45 51 1 1)
(148 52 55 1 1)
(148 61 60 1 1)
(149 38 47 1 1)
(149 45 51 1 1)
(149 54 56 3/4 1)
(149 57 58 3/4 1)
(599/4 59 59 1/4 1)
(150 45 51 1 1)
(150 52 55 1 1)
(150 61 60 1 1)
(151 44 50 1 1)
(151 53 55 1 1)
(151 59 59 1 1)
(151 61 60 1 1)
(152 42 49 1 1)
(152 54 56 1 1)
(152 57 58 1 1)
(152 64 62 3/4 0)
(611/4 62 61 1/4 0)
(153 41 48 1 1)
(153 56 57 1 1)
(153 61 60 1 1)
(154 42 49 1 1)
(154 49 53 1 1)
(154 57 58 1 1)
(154 61 60 1 1)
(155 39 47 1 1)
(155 54 56 3/4 1)
(155 57 58 3/4 1)
(623/4 59 59 1/4 1)
(156 40 48 1 1)
(156 52 55 1 1)
(156 57 58 1 1)
(156 61 60 1/2 0)
(313/2 62 61 1/2 0)
(157 52 55 1 1)
(157 63 61 1/2 0)
(315/2 64 62 1/2 0)
(158 52 55 1 1)
(158 56 57 1 1)
(158 62 61 1 1)
(158 73 67 3/4 0)
(635/4 71 66 1/4 0)
(635/4 78 70 1/4 0)
(159 45 51 1 1)
(159 52 55 1 1)
(159 62 61 1 1)
(159 71 66 1/2 0)
(159 76 69 1 0)
(319/2 69 65 1/2 0)
(160 52 55 1 1)
(160 61 60 1 1)
(160 69 65 2 0)
(160 81 72 3/2 0)
(161 53 55 1 1)
(161 57 58 1 1)
(161 61 60 1 1)
(323/2 80 71 1/2 0)
(162 54 56 1 1)
(162 57 58 1 1)
(162 61 60 1 1)
(162 66 63 1/2 0)
(162 80 71 2 0)
(325/2 69 65 1/2 0)
(163 54 56 1 1)
(163 57 58 1 1)
(163 62 61 1 1)
(163 74 68 1/2 0)
(327/2 76 69 1 0)
(164 45 51 2 1)
(164 80 71 1/2 0)
(329/2 74 68 1/2 0)
(329/2 78 70 1/2 0)
(165 52 55 2 1)
(165 61 60 2 1)
(165 73 67 1/2 0)
(165 76 69 1/2 0)
(331/2 68 64 1/2 0)
(331/2 74 68 1/2 0)
(166 46 51 1 1)
(166 66 63 3/2 0)
(166 76 69 1/2 0)
(333/2 77 69 1/2 0)
(167 42 49 1 1)
(167 78 70 1/2 0)
(335/2 70 65 1/2 0)
(335/2 76 69 1/2 0)
(168 35 45 1 1)
(168 70 65 1/2 0)
(168 74 68 3/2 0)
(337/2 71 66 1/2 0)
(169 59 59 1 1)
(169 62 61 1 1)
(169 68 64 1/2 0)
(339/2 69 65 1/2 0)
(339/2 73 67 1/2 0)
(170 56 57 1 1)
(170 59 59 1 1)
(170 66 63 1/2 0)
(170 76 69 1/2 0)
(341/2 68 64 1 0)
(341/2 74 68 1/2 0)
(171 49 53 1 1)
(171 59 59 1 1)
(171 72 66 1/2 0)
(343/2 65 62 1/2 0)
(343/2 73 67 1/2 0)
(172 54 56 5 1)
(172 58 58 1 1)
(172 64 62 2 0)
(172 74 68 3/2 0)
(173 66 63 1 1)
(347/2 73 67 1/2 0)
(174 63 61 1/2 0)
(349/2 66 63 1/2 0)
(175 47 52 1 1)
(175 68 64 1/2 0)
(351/2 69 65 1/2 0)
(176 57 58 1 1)
(176 63 61 1 1)
(176 73 67 1/2 0)
(353/2 71 66 1/2 0)
(177 69 65 1/2 0)
(355/2 59 59 1/2 0)
(178 40 48 1 1)
(178 62 61 1/2 0)
(357/2 64 62 1/2 0)
(179 52 55 2 1)
(179 62 61 1 1)
(179 66 63 1/2 0)
(359/2 68 64 1/2 0)
(180 45 51 2 1)
(180 66 63 1 0)
(361/2 61 60 1/2 0)
(181 52 55 4 1)
(181 64 62 1/2 0)
(363/2 74 68 1/2 0)
(182 64 62 1/2 1)
(182 73 67 1/2 0)
(365/2 62 61 1/2 1)
(365/2 71 66 1/2 0)
(365/2 78 70 1/2 0)
(183 61 60 1 1)
(183 71 66 3/4 0)
(183 76 69 3/4 0)
(735/4 69 65 1/4 0)
(184 45 51 1 1)
(184 81 72 3/2 0)
(185 53 55 1 1)
(185 57 58 1 1)
(185 61 60 1 1)
(371/2 80 71 1 0)
(186 54 56 1 1)
(186 57 58 1 1)
(186 61 60 1 1)
(373/2 69 65 1/2 0)
(187 54 56 1 1)
(187 57 58 1 1)
(187 62 61 1 1)
(187 74 68 1/2 0)
(375/2 76 69 1/2 0)
(188 56 57 1 1)
(188 59 59 1 1)
(188 62 61 1 1)
(188 80 71 3/4 0)
(755/4 78 70 1/4 0)
(189 57 58 1 1)
(189 61 60 1 1)
(189 78 70 1/2 0)
(379/2 76 69 1/2 0)
(190 58 58 1 1)
(190 67 63 2 1)
(190 75 68 1/2 0)
(381/2 73 67 1/2 0)
(191 59 59 1/2 1)
(191 75 68 1/2 0)
(383/2 61 60 3/2 1)
(383/2 76 69 1/2 0)
(192 63 61 1 1)
(192 69 65 1 1)
(192 70 65 3/4 0)
(771/4 71 66 1/4 0)
(193 59 59 1 1)
(193 63 61 1 1)
(193 68 64 1 1)
(193 75 68 1/2 0)
(387/2 70 65 1/2 0)
(194 57 58 1 1)
(194 66 63 1 1)
(194 73 67 1/2 0)
(389/2 71 66 1/2 0)
(195 56 57 1 1)
(195 59 59 1 1)
(195 64 62 1 1)
(195 76 69 3/4 0)
(783/4 70 65 1/4 0)
(196 47 52 1 1)
(196 73 67 1/2 0)
(393/2 71 66 1/2 0)
(197 77 69 1/2 0)
(395/2 70 65 1/2 0)
(198 35 45 1 1)
(198 73 67 1/2 0)
(397/2 71 66 1/2 0)
(199 59 59 1 1)
(199 63 61 1 1)
(199 69 65 1 1)
(199 85 74 1/2 0)
(799/4 83 73 1/4 0)
(200 82 72 1/2 0)
(401/2 81 72 1/2 0)
(201 52 55 1 1)
(201 80 71 1/2 0)
(403/2 78 70 1/2 0)
(202 59 59 1 0)
(202 64 62 1 0)
(202 68 64 1 0)
(202 77 70 1/3 0)
(607/3 76 69 1/3 0)
(608/3 75 68 1/3 0)
(203 74 68 1/3 0)
(610/3 73 67 1/3 0)
(611/3 72 67 1/3 0)
(204 64 62 1 0)
(204 67 64 1 0)
(204 71 66 3/4 0)
(409/2 62 61 1/2 1)
(819/4 72 67 1/4 0)
(205 60 60 1/2 1)
(205 64 62 2 0)
(205 67 64 3/2 0)
(411/2 59 59 1/2 1)
(206 57 58 1/2 1)
(413/2 55 57 1/2 1)
(413/2 69 65 1/2 0)
(207 54 56 1/2 1)
(207 62 61 1 0)
(207 71 66 3/4 0)
(415/2 53 55 1/2 1)
(831/4 71 66 1/4 0)
(208 55 57 1/2 1)
(208 59 59 2 0)
(208 62 61 3/2 0)
(417/2 54 56 1/2 1)
(209 50 54 1/2 1)
(419/2 47 52 1/2 1)
(419/2 67 64 1/2 0)
(210 42 49 1 1)
(210 57 58 1 0)
(210 64 62 1 0)
(210 65 62 1/2 0)
(421/2 66 63 1/2 0)
(211 54 56 1 1)
(211 58 58 1 1)
(211 64 62 1 1)
(211 79 71 1/2 0)
(847/4 78 70 1/4 0)
(212 54 56 1 1)
(212 58 58 1 1)
(212 64 62 1 1)
(212 77 69 1/2 0)
(425/2 76 69 1/2 0)
(213 47 52 1 1)
(213 75 68 1/2 0)
(427/2 74 68 1/2 0)
(214 54 56 1 1)
(214 62 61 1 1)
(214 73 67 1/3 0)
(643/3 72 67 1/3 0)
(644/3 71 66 1/3 0)
(215 69 65 1/3 0)
(646/3 67 64 1/3 0)
(647/3 66 63 1/3 0)
(216 64 62 1 0)
(216 68 64 1 0)
(216 71 66 3/4 0)
(433/2 62 61 1/2 1)
(867/4 72 67 1/4 0)
(217 60 60 1/2 1)
(217 64 62 2 0)
(217 68 64 3/2 0)
(435/2 59 59 1/2 1)
(218 57 58 1/2 1)
(437/2 55 57 1/2 1)
(437/2 69 65 1/2 0)
(219 50 54 1/2 1)
(219 62 61 1 0)
(219 67 64 1 0)
(219 71 66 3/4 0)
(439/2 49 53 1/2 1)
(879/4 71 66 1/4 0)
(220 52 55 1/2 1)
(220 59 59 2 0)
(220 62 61 3/2 0)
(441/2 50 54 1/2 1)
(221 47 52 1/2 1)
(443/2 43 50 1/2 1)
(443/2 64 62 1/2 0)
(222 38 47 1 1)
(222 54 56 1/2 0)
(222 60 60 1/2 0)
(222 65 62 1/2 0)
(445/2 66 63 1/2 0)
(223 50 54 1 1)
(223 57 58 1 1)
(223 60 60 1 1)
(223 76 69 1/2 0)
(895/4 75 68 1/4 0)
(224 50 54 1 1)
(224 54 56 1 1)
(224 60 60 1 1)
(224 74 68 1/2 0)
(449/2 73 67 1/2 0)
(225 44 50 1 1)
(225 72 67 1/2 0)
(451/2 71 66 1/2 0)
(226 50 54 1 1)
(226 59 59 1 1)
(226 70 65 1/3 0)
(679/3 69 65 1/3 0)
(680/3 68 64 1/3 0)
(227 67 64 1/3 0)
(682/3 66 63 1/3 0)
(683/3 65 63 1/3 0)
(228 64 62 1 0)
(228 67 64 1 0)
(228 71 66 3/4 0)
(457/2 62 61 1/2 1)
(915/4 72 67 1/4 0)
(229 60 60 1/2 1)
(229 64 62 2 0)
(229 67 64 3/2 0)
(459/2 59 59 1/2 1)
(230 57 58 1/2 1)
(461/2 55 57 1/2 1)
(461/2 69 65 1/2 0)
(231 54 56 1/2 1)
(231 62 61 1 0)
(231 71 66 3/4 0)
(463/2 53 55 1/2 1)
(927/4 71 66 1/4 0)
(232 55 57 1/2 1)
(232 59 59 2 0)
(232 62 61 3/2 0)
(465/2 54 56 1/2 1)
(233 50 54 1/2 1)
(467/2 47 52 1/2 1)
(467/2 67 64 1/2 0)
(234 42 49 1 1)
(234 57 58 1 0)
(234 64 62 1 0)
(234 65 62 1/2 0)
(469/2 66 63 1/2 0)
(235 54 56 1 1)
(235 58 58 1 1)
(235 64 62 1 1)
(235 79 71 1/2 0)
(943/4 78 70 1/4 0)
(236 54 56 1 1)
(236 58 58 1 1)
(236 64 62 1 1)
(236 77 69 1/2 0)
(473/2 76 69 1/2 0)
(237 47 52 1 1)
(237 75 68 1/2 0)
(475/2 74 68 1/2 0)
(238 54 56 1 1)
(238 62 61 1 1)
(238 73 67 1/4 0)
(953/4 72 67 1/4 0)
(477/2 71 66 1/4 0)
(955/4 70 65 1/4 0)
(239 69 65 1/5 0)
(1196/5 68 64 1/5 0)
(1197/5 67 64 1/5 0)
(1198/5 66 63 1/5 0)
(1199/5 65 63 1/5 0)
(240 64 62 1 0)
(240 67 64 1 0)
(240 71 66 3/4 0)
(481/2 62 61 1/2 1)
(963/4 72 67 1/4 0)
(241 60 60 1/2 1)
(241 64 62 2 0)
(241 67 64 3/2 0)
(483/2 59 59 1/2 1)
(242 57 58 1/2 1)
(485/2 55 57 1/2 1)
(485/2 69 65 1/2 0)
(243 54 56 1/2 1)
(243 63 61 1 0)
(243 71 66 3/4 0)
(487/2 53 55 1/2 1)
(975/4 71 66 1/4 0)
(244 56 57 1/2 1)
(244 59 59 2 0)
(244 63 61 1 0)
(489/2 54 56 1/2 1)
(245 51 54 1/2 1)
(245 68 64 1 0)
(491/2 47 52 1/2 1)
(246 42 49 1 1)
(246 58 58 3/4 0)
(246 64 62 3/4 0)
(246 66 63 3/4 0)
(987/4 76 69 1/4 0)
(247 54 56 1 1)
(247 61 60 1 1)
(247 64 62 1 0)
(247 70 65 1 0)
(247 75 68 3/2 0)
(248 54 56 1 1)
(248 64 62 1 0)
(248 70 65 1 0)
(497/2 73 67 1/2 0)
(249 56 57 1/2 1)
(249 63 61 1/2 0)
(249 71 66 1/2 0)
(499/2 54 56 1/2 1)
(999/4 66 63 1/4 0)
(999/4 75 68 1/4 0)
(250 52 55 1/3 1)
(250 71 66 1 0)
(250 78 70 1 0)
(751/3 51 54 1/3 1)
(752/3 49 53 1/3 1)
(251 47 52 1/3 1)
(251 75 68 1 0)
(251 83 73 1 0)
(754/3 46 51 1/3 1)
(755/3 44 50 1/3 1)
(252 42 49 1 1)
(252 58 58 3/4 0)
(252 64 62 3/4 0)
(252 66 63 3/4 0)
(1011/4 76 69 1/4 0)
(253 54 56 1 1)
(253 61 60 1 1)
(253 64 62 1 0)
(253 70 65 1 0)
(253 75 68 3/2 0)
(254 54 56 1 1)
(254 64 62 1 0)
(254 70 65 1 0)
(509/2 73 67 1/2 0)
(255 56 57 1/2 1)
(255 63 61 1/2 0)
(255 71 66 1/2 0)
(511/2 54 56 1/2 1)
(1023/4 66 63 1/4 0)
(1023/4 75 68 1/4 0)
(256 52 55 1/3 1)
(256 71 66 1 0)
(256 78 70 1 0)
(769/3 51 54 1/3 1)
(770/3 49 53 1/3 1)
(257 47 52 1/3 1)
(257 75 68 1 0)
(257 83 73 1 0)
(772/3 44 50 1/3 1)
(773/3 42 49 1/3 1)
(258 35 45 1 1)
(258 63 61 1/2 0)
(258 71 66 1/2 0)
(1035/4 66 63 1/4 0)
(1035/4 75 68 1/4 0)
(259 54 56 1 1)
(259 63 61 1 1)
(259 71 66 1 0)
(259 78 70 1 0)
(260 75 68 1 0)
(260 83 73 1 0)
(261 47 52 1 1)
(261 63 61 1/2 0)
(261 71 66 1/2 0)
(523/2 67 63 1/2 0)
(523/2 75 68 1/2 0)
(262 55 56 1 1)
(262 59 59 1 1)
(262 63 61 1 1)
(262 71 66 1/2 0)
(262 79 70 1/2 0)
(525/2 75 68 1/2 0)
(525/2 83 73 1/2 0)
(263 87 75 1/2 0)
(263 95 80 1/2 0)
(264 71 66 1/2 0)
(529/2 67 63 1/2 0)
(265 62 60 1/2 0)
(531/2 63 61 1/2 0)
(266 66 63 1/2 0)
(533/2 67 63 1/2 0)
(267 71 66 1/2 0)
(535/2 67 63 1/2 0)
(268 71 66 1/2 0)
(537/2 75 68 1/2 0)
(269 78 70 1/2 0)
(539/2 76 69 1/2 0)
(270 75 68 1/2 0)
(541/2 70 65 1/2 0)
(271 56 57 1 1)
(271 59 59 1 1)
(271 63 61 1 1)
(271 71 66 1 0)
(272 52 55 1 1)
(272 56 57 1 1)
(272 62 60 1 1)
(272 68 64 1 0)
(273 70 65 1/2 0)
(547/2 67 63 1/2 0)
(274 51 54 1 1)
(274 58 58 1 1)
(274 61 60 1 1)
(274 63 61 2 0)
(275 51 54 1 1)
(275 55 56 1 1)
(275 61 60 1 1)
(276 65 62 1/2 0)
(553/2 67 63 1/2 0)
(277 51 54 1 1)
(277 53 55 1 1)
(277 61 60 1 1)
(277 68 64 1 0)
(278 51 54 1 1)
(278 55 56 1 1)
(278 61 60 1 1)
(278 70 65 1 0)
(279 44 50 1 1)
(279 71 66 1/2 0)
(559/2 76 69 1/2 0)
(280 51 54 1 1)
(280 59 59 1 1)
(280 75 68 2 0)
(281 43 50 1 1)
(282 42 49 1 1)
(282 78 70 1/2 0)
(565/2 73 67 1/2 0)
(283 54 56 1 1)
(283 59 59 1 1)
(283 63 61 1 1)
(283 75 68 1 0)
(284 59 59 1 1)
(284 63 61 1 1)
(284 68 64 1 1)
(284 71 66 1 0)
(285 73 67 1/2 0)
(571/2 70 65 1/2 0)
(286 54 56 1 1)
(286 61 60 1 1)
(286 64 62 1 0)
(286 66 63 2 0)
(287 54 56 1 1)
(287 58 58 1 1)
(287 64 62 1 1)
(288 68 64 1/2 0)
(577/2 70 65 1/2 0)
(289 54 56 1 1)
(289 56 57 1 1)
(289 64 62 1 1)
(289 71 66 1 0)
(290 54 56 1 1)
(290 58 58 1 1)
(290 64 62 1 1)
(290 73 67 1 0)
(291 47 52 1 1)
(291 75 68 3/4 0)
(1167/4 77 69 1/4 0)
(292 53 55 1 1)
(292 57 57 1 1)
(292 63 61 1 1)
(292 77 69 2 0)
(293 47 52 1 1)
(294 46 51 1 1)
(294 79 70 1/2 0)
(589/2 70 65 1/2 0)
(295 55 56 1 1)
(295 58 58 1 1)
(295 63 61 1 1)
(295 79 70 1 0)
(296 56 57 1 1)
(296 58 58 1 1)
(296 62 60 1 1)
(296 77 69 1/2 0)
(593/2 79 70 1/2 0)
(297 51 54 1 1)
(297 75 68 1/2 0)
(1191/4 70 65 1/4 0)
(298 55 56 1 1)
(298 58 58 1 1)
(298 63 61 1 1)
(298 67 63 1 1)
(298 75 68 2 0)
(299 56 57 1 1)
(299 60 59 1 1)
(299 66 63 1 1)
(300 49 53 1 1)
(300 76 69 1/2 0)
(601/2 68 64 1/2 0)
(301 56 57 1 1)
(301 58 58 1 1)
(301 64 62 1 1)
(301 73 67 1 0)
(302 51 54 1 1)
(302 55 56 1 1)
(302 61 60 1 1)
(302 70 65 3/4 0)
(1211/4 71 66 1/4 0)
(303 44 50 1 1)
(303 68 64 1/2 0)
(1215/4 67 63 1/4 0)
(304 51 54 1 1)
(304 59 59 1 1)
(304 68 64 3 0)
(305 56 57 1 1)
(305 59 59 1 1)
(306 46 52 1 1)
(307 56 58 1 1)
(307 58 59 1 1)
(307 62 61 1 1)
(307 65 63 1/2 0)
(615/2 67 64 1/2 0)
(308 56 58 1 1)
(308 58 59 1 1)
(308 62 61 1 1)
(308 68 65 1/2 0)
(617/2 77 70 1/2 0)
(309 51 55 1 1)
(309 75 69 1/2 0)
(619/2 68 65 1/2 0)
(310 55 57 1 1)
(310 58 59 1 1)
(310 63 62 1 1)
(310 67 64 1 0)
(311 55 57 1 1)
(311 58 59 1 1)
(311 63 62 1 1)
(311 72 67 3/4 0)
(1247/4 70 66 1/4 0)
(312 46 52 1 1)
(312 68 65 1/3 0)
(937/3 70 66 1/3 0)
(938/3 68 65 1/3 0)
(313 56 58 1 1)
(313 58 59 1 1)
(313 62 61 1 1)
(313 65 63 1/2 0)
(627/2 67 64 1/2 0)
(314 56 58 1 1)
(314 58 59 1 1)
(314 62 61 1 1)
(314 68 65 1/2 0)
(629/2 77 70 1/2 0)
(315 39 48 1 1)
(315 75 69 1/2 0)
(631/2 68 65 1/2 0)
(316 55 57 1 1)
(316 58 59 1 1)
(316 63 62 1 1)
(316 67 64 3/2 0)
(317 55 57 1 1)
(317 58 59 1 1)
(317 63 62 1 1)
(635/2 66 63 1/2 0)
(318 45 51 1 1)
(318 67 64 1 0)
(319 55 57 1 1)
(319 57 58 1 1)
(319 61 60 1 1)
(319 64 62 1/2 0)
(639/2 66 63 1/2 0)
(320 55 57 1 1)
(320 57 58 1 1)
(320 61 60 1 1)
(320 67 64 1/2 0)
(641/2 76 69 1/2 0)
(321 45 51 1 1)
(321 74 68 1/2 0)
(643/2 67 64 1/2 0)
(322 54 56 1 1)
(322 57 58 1 1)
(322 62 61 1 1)
(322 66 63 1/2 0)
(645/2 67 64 1/2 0)
(323 53 56 1 1)
(323 59 59 1 1)
(323 62 61 1 1)
(323 68 64 1/2 0)
(647/2 71 66 1/2 0)
(324 45 51 1 1)
(324 69 65 3/4 0)
(1299/4 63 61 1/4 0)
(325 55 57 1 1)
(325 61 60 1 1)
(325 66 63 3/4 0)
(1303/4 64 62 1/4 0)
(326 55 57 1 1)
(326 61 60 1 1)
(326 67 64 3/4 0)
(1307/4 59 59 1/4 0)
(327 33 44 1 1)
(327 57 58 3/4 0)
(1311/4 64 62 1/4 0)
(328 54 56 1 1)
(328 57 58 1 1)
(328 62 61 3/4 0)
(1315/4 67 64 1/4 0)
(329 54 56 1 1)
(329 57 58 1 1)
(329 62 61 1 1)
(329 66 63 3/4 0)
(1319/4 71 66 1/4 0)
(330 45 51 1 1)
(330 69 65 1/3 0)
(991/3 71 66 1/3 0)
(992/3 69 65 1/3 0)
(331 52 55 1 1)
(331 61 60 1 1)
(331 68 64 3/4 0)
(1327/4 67 64 1/4 0)
(332 57 58 1 1)
(332 61 60 1 1)
(332 67 64 1 1)
(332 69 65 3/4 0)
(1331/4 76 69 1/4 0)
(333 38 47 1 1)
(333 74 68 3/4 0)
(1335/4 67 64 1/4 0)
(334 50 54 1 1)
(334 57 58 1 1)
(334 60 60 1 1)
(334 66 63 3/4 0)
(1339/4 67 64 1/4 0)
(335 50 54 2 1)
(335 54 56 2 1)
(335 60 60 2 1)
(335 68 64 3/4 0)
(1343/4 71 66 1/4 0)
(336 69 65 3/4 0)
(1347/4 65 62 1/4 0)
(337 51 54 1 1)
(337 57 58 1 1)
(337 60 60 1 1)
(337 66 63 3/4 0)
(1351/4 67 64 1/4 0)
(338 51 54 1 1)
(338 54 56 2 1)
(338 60 60 1 1)
(338 68 64 3/4 0)
(1355/4 71 66 1/4 0)
(339 50 54 2 1)
(339 60 60 2 1)
(339 69 65 1/3 0)
(1018/3 71 66 1/3 0)
(1019/3 69 65 1/3 0)
(340 57 58 1 1)
(340 66 63 3/4 0)
(1363/4 67 64 1/4 0)
(341 68 64 3/4 0)
(1367/4 71 66 1/4 0)
(342 64 62 1/2 1)
(342 69 65 3/4 0)
(685/2 59 59 1/2 1)
(1371/4 67 64 1/4 0)
(343 60 60 1 1)
(343 67 64 3/4 0)
(1375/4 65 63 1/4 0)
(344 57 58 1 1)
(344 65 63 3/4 0)
(1379/4 63 61 1/4 0)
(345 59 59 1/2 1)
(345 63 61 3/4 0)
(691/2 56 57 1/2 1)
(1383/4 64 62 1/4 0)
(346 52 55 1 1)
(346 64 62 2 0)
(347 40 48 1 1)
(347 47 52 1 1)
(347 56 57 1 1)
(347 62 61 1 1)
(348 40 48 1 1)
(348 47 52 1 1)
(348 56 57 1 1)
(348 62 61 1 1)
(348 66 63 3/4 0)
(1395/4 68 64 1/4 0)
(349 69 65 1 0)
(350 52 55 1 1)
(350 56 57 1 1)
(350 62 61 1 1)
(350 71 66 1 0)
(351 45 51 1 1)
(351 72 67 1/2 0)
(703/2 77 70 1/2 0)
(352 52 55 1 1)
(352 60 60 1 1)
(352 76 69 1/2 0)
(705/2 72 67 1/2 0)
(353 44 51 1 1)
(353 76 69 1/2 0)
(707/2 78 70 1/2 0)
(354 43 50 1 1)
(354 79 71 1/2 0)
(709/2 74 68 1/2 0)
(355 55 57 1 1)
(355 60 60 1 1)
(355 64 62 1 1)
(355 76 69 1/2 0)
(711/2 71 66 1/2 0)
(356 60 60 1 1)
(356 64 62 1 1)
(356 69 65 1 1)
(356 72 67 1/2 0)
(713/2 69 65 1/2 0)
(357 74 68 1/2 0)
(715/2 71 66 1/2 0)
(358 55 57 1 1)
(358 62 61 1 1)
(358 65 63 1 0)
(358 67 64 2 0)
(359 55 57 1 1)
(359 59 59 1 1)
(359 65 63 1 0)
(360 69 65 1/2 0)
(721/2 71 66 1/2 0)
(361 55 57 1 1)
(361 57 58 1 1)
(361 65 63 1 1)
(361 72 67 1 0)
(362 55 57 1 1)
(362 59 59 1 1)
(362 65 63 1 1)
(362 74 68 1 0)
(363 48 53 1 1)
(363 76 69 3/4 0)
(1455/4 78 70 1/4 0)
(364 54 56 1 1)
(364 58 58 1 1)
(364 64 62 1 1)
(364 78 70 2 0)
(365 48 53 1 1)
(366 47 52 1 1)
(366 80 71 1/2 0)
(733/2 71 66 1/2 0)
(367 56 57 1 1)
(367 59 59 1 1)
(367 64 62 1 1)
(367 80 71 1 0)
(368 57 58 1 1)
(368 59 59 1 1)
(368 63 61 1 1)
(368 78 70 1/2 0)
(737/2 80 71 1/2 0)
(369 52 55 1 1)
(369 76 69 1/2 0)
(1479/4 71 66 1/4 0)
(370 56 57 1 1)
(370 59 59 1 1)
(370 64 62 1 1)
(370 68 64 1 1)
(370 76 69 2 0)
(371 57 58 1 1)
(371 61 60 1 1)
(371 67 64 1 1)
(372 50 54 1 1)
(372 77 70 1/2 0)
(745/2 69 65 1/2 0)
(373 57 58 1 1)
(373 59 59 1 1)
(373 65 63 1 1)
(373 74 68 1 0)
(374 52 55 1 1)
(374 56 57 1 1)
(374 62 61 1 1)
(374 71 66 3/4 0)
(1499/4 72 67 1/4 0)
(375 51 54 3 1)
(375 69 65 1/2 0)
(1503/4 68 64 1/4 0)
(376 60 60 1 1)
(376 66 63 1 1)
(376 69 65 8 0)
(377 60 60 1 1)
(377 66 63 1 1)
(378 39 47 1 1)
(379 60 60 1 1)
(379 66 63 1 1)
(380 60 60 1 1)
(380 66 63 1 1)
(381 51 54 1 1)
(382 60 60 1 1)
(382 66 63 1 1)
(383 60 60 1 1)
(383 66 63 1 1)
(384 39 47 1 1)
(385 57 58 1/2 0)
(771/2 60 60 1/2 0)
(386 72 67 3/4 0)
(1547/4 71 66 1/4 0)
(387 51 54 1 1)
(387 71 66 3/4 0)
(387 78 70 1 0)
(1551/4 69 65 1/4 0)
(388 57 58 1 1)
(388 60 60 1 1)
(388 66 63 1 1)
(388 69 65 1 0)
(388 84 74 1 0)
(389 57 58 1 1)
(389 60 60 1 1)
(389 66 63 1 1)
(390 39 47 1 1)
(391 57 58 1 1)
(391 60 60 1 1)
(391 65 63 1 1)
(392 57 58 1 1)
(392 60 60 1 1)
(392 65 63 1 1)
(393 51 54 1 1)
(394 57 58 1 1)
(394 60 60 1 1)
(394 65 63 1 1)
(395 57 58 1 1)
(395 60 60 1 1)
(395 65 63 1 1)
(396 39 47 1 1)
(793/2 57 58 1/2 0)
(397 60 60 1/2 0)
(795/2 65 63 1/2 0)
(398 72 67 3/4 0)
(1595/4 71 66 1/4 0)
(399 51 54 1 1)
(399 71 66 3/4 0)
(399 77 70 1 0)
(1599/4 69 65 1/4 0)
(400 57 58 1 1)
(400 60 60 1 1)
(400 65 63 1 1)
(400 69 65 1 0)
(400 84 74 1 0)
(401 57 58 1 1)
(401 60 60 1 1)
(401 65 63 1 1)
(402 64 62 1/2 1)
(805/2 59 59 1/2 1)
(1611/4 67 64 1/4 0)
(403 60 60 1 1)
(403 67 64 3/4 0)
(1615/4 65 63 1/4 0)
(404 57 58 1 1)
(404 65 63 3/4 0)
(1619/4 63 61 1/4 0)
(405 59 59 1/2 1)
(405 63 61 3/4 0)
(811/2 56 57 1/2 1)
(1623/4 64 62 1/4 0)
(406 52 55 5 1)
(406 64 62 5 0)
(407 40 48 1 1)
(407 47 52 1 1)
(407 56 57 1 1)
(407 62 61 1 1)
(409 40 48 1 1)
(409 47 52 1 1)
(409 56 57 1 1)
(409 62 61 1 1)
(410 40 48 1 1)
(410 47 52 1 1)
(410 56 57 1 1)
(410 62 61 1 1)
(411 52 55 2 1)
(411 59 59 1/2 1)
(411 63 61 3/4 0)
(823/2 56 57 1/2 1)
(1647/4 64 62 1/4 0)
(412 64 62 2 0)
(413 40 48 1 1)
(413 47 52 1 1)
(413 56 57 1 1)
(413 62 61 1 1)
(414 52 55 2 1)
(414 59 59 1/2 1)
(414 63 61 3/4 0)
(829/2 56 57 1/2 1)
(1659/4 64 62 1/4 0)
(415 64 62 5 0)
(416 40 48 1 1)
(416 47 52 1 1)
(416 56 57 1 1)
(416 62 61 1 1)
(417 40 48 1 1)
(417 47 52 1 1)
(417 56 57 1 1)
(417 62 61 1 1)
(418 40 48 1 1)
(418 47 52 1 1)
(418 56 57 1 1)
(418 62 61 1 1)
(419 40 48 1 1)
(419 47 52 1 1)
(419 56 57 1 1)
(419 62 61 1 1)
(420 28 41 1 1)
(420 56 57 1 0)
(420 62 61 1 0)
(420 65 63 1/2 0)
(841/2 66 63 1/2 0)
(421 67 64 1/2 0)
(843/2 68 64 1/2 0)
(422 52 55 1 1)
(422 62 61 1 1)
(422 77 70 1/2 0)
(845/2 68 64 1/2 0)
(423 45 51 2 1)
(423 71 66 1/2 0)
(847/2 69 65 1/2 0)
(424 52 55 1 1)
(424 60 60 1 1)
(424 81 72 1 0)
