(0 32 44 1 1)
(1 51 55 1 1)
(1 56 58 1 1)
(1 63 62 1 1)
(1 72 67 3/2 0)
(2 51 55 1 1)
(2 56 58 1 1)
(2 63 62 1 1)
(5/2 73 68 1/2 0)
(3 44 51 1 1)
(3 72 67 1/2 0)
(7/2 70 66 1/2 0)
(4 56 58 1 1)
(4 60 60 1 1)
(4 66 64 1 1)
(4 68 65 1 0)
(5 56 58 1 1)
(5 63 62 1 1)
(5 66 64 1 1)
(5 72 67 1 0)
(6 49 54 1 1)
(6 73 68 1 0)
(7 56 58 1 1)
(7 61 61 1 1)
(7 65 63 1 1)
(7 75 69 3/2 0)
(8 56 58 1 1)
(8 61 61 1 1)
(8 65 63 1 1)
(17/2 77 70 1/2 0)
(9 44 51 1 1)
(9 74 68 1/2 0)
(19/2 77 70 1/2 0)
(10 56 58 1 1)
(10 60 60 1 1)
(10 63 62 1 1)
(10 75 69 1 0)
(11 51 55 1 1)
(11 60 60 1 1)
(11 63 62 1 1)
(11 80 72 1 0)
(12 32 44 1 1)
(13 51 55 1 1)
(13 56 58 1 1)
(13 60 60 1 1)
(13 72 67 3/2 0)
(14 52 55 1 1)
(14 56 58 1 1)
(14 60 60 1 1)
(29/2 73 68 1/2 0)
(15 44 51 1 1)
(15 72 67 1/2 0)
(31/2 70 66 1/2 0)
(16 53 56 1 1)
(16 60 60 1 1)
(16 68 65 1 0)
(17 53 56 1 1)
(17 56 58 1 1)
(17 63 62 1 1)
(17 72 67 1 0)
(18 46 52 1 1)
(18 65 63 1 0)
(19 56 58 1 1)
(19 62 61 1 1)
(19 67 64 3/2 0)
(20 56 58 1 1)
(20 62 61 1 1)
(41/2 68 65 1/2 0)
(21 39 48 1 1)
(21 69 65 1/2 0)
(43/2 72 67 1/2 0)
(22 51 55 1 1)
(22 56 58 1 1)
(22 61 61 1 1)
(22 70 66 1/2 0)
(45/2 75 69 1/2 0)
(23 51 55 1 1)
(23 55 57 1 1)
(23 61 61 1 1)
(23 65 63 1 0)
(24 32 44 1 1)
(24 63 62 1/2 0)
(25 51 55 1 1)
(25 56 58 1 1)
(25 60 60 1 1)
(25 72 67 3/2 0)
(26 51 55 1 1)
(26 56 58 1 1)
(26 63 62 1 1)
(53/2 73 68 1/2 0)
(27 44 51 1 1)
(27 72 67 1/2 0)
(55/2 70 66 1/2 0)
(28 56 58 1 1)
(28 60 60 1 1)
(28 65 63 1 1)
(28 68 65 1 0)
(29 56 58 1 1)
(29 63 62 1 1)
(29 66 64 1 1)
(29 72 67 1 0)
(30 49 54 1 1)
(30 73 68 1 0)
(31 56 58 1 1)
(31 61 61 1 1)
(31 65 63 1 1)
(31 75 69 3/2 0)
(32 56 58 1 1)
(32 61 61 1 1)
(32 65 63 1 1)
(65/2 77 70 1/2 0)
(33 44 51 1 1)
(33 74 68 1/2 0)
(67/2 77 70 1/2 0)
(34 56 58 1 1)
(34 60 60 1 1)
(34 63 62 1 1)
(34 75 69 1 0)
(35 51 55 1 1)
(35 60 60 1 1)
(35 63 62 1 1)
(35 84 74 1 0)
(36 43 50 1 1)
(37 58 59 1 1)
(37 60 60 1 1)
(37 64 62 1 1)
(37 72 67 1 0)
(38 58 59 1 1)
(38 60 60 1 1)
(38 64 62 1 1)
(38 73 68 3/4 0)
(155/4 72 67 1/4 0)
(39 41 49 1 1)
(39 72 67 3/4 0)
(159/4 70 66 1/4 0)
(40 56 58 1 1)
(40 60 60 1 1)
(40 65 63 1 1)
(40 68 65 1 0)
(41 53 56 1 1)
(41 56 58 1 1)
(41 62 61 1 1)
(41 72 67 1 0)
(42 43 50 1 1)
(42 67 64 1 0)
(43 55 57 1 1)
(43 60 60 1 1)
(43 67 64 1 1)
(43 75 69 3/2 0)
(44 55 57 1 1)
(44 62 61 1 1)
(44 65 63 1 1)
(89/2 71 66 1/2 0)
(45 48 53 1 1)
(45 72 67 1/2 0)
(91/2 80 72 1/2 0)
(46 51 55 1 1)
(46 60 60 1 1)
(46 63 62 1 1)
(46 79 71 1 0)
(47 53 56 1 1)
(47 60 60 1 1)
(47 63 62 1 1)
(47 68 65 1 0)
(48 43 50 1 1)
(48 67 64 1 0)
(49 55 57 1 1)
(49 60 60 1 1)
(49 67 64 1 1)
(49 75 69 3/2 0)
(50 55 57 1 1)
(50 62 61 1 1)
(50 65 63 1 1)
(101/2 71 66 1/2 0)
(51 48 53 1 1)
(51 72 67 1/2 0)
(103/2 80 72 1/2 0)
(52 51 55 1 1)
(52 60 60 1 1)
(52 63 62 1 1)
(52 79 71 1 0)
(53 53 56 1 1)
(53 60 60 1 1)
(53 63 62 1 1)
(53 68 65 1 0)
(54 43 50 1 1)
(54 67 64 1 0)
(55 55 57 1 1)
(55 60 60 1 1)
(55 67 64 1 1)
(55 75 69 3/2 0)
(56 55 57 1 1)
(56 62 61 1 1)
(56 65 63 1 1)
(113/2 71 66 1/2 0)
(57 48 53 1 1)
(57 74 68 1/2 0)
(115/2 72 67 1/2 0)
(58 55 57 1 1)
(58 63 62 1 1)
(58 84 74 1 0)
(59 80 72 1/2 0)
(119/2 77 70 1/2 0)
(60 79 71 1/2 0)
(121/2 74 68 1/2 0)
(61 75 69 1/2 0)
(123/2 71 66 1/2 0)
(62 72 67 1/2 0)
(125/2 67 64 1/2 0)
(63 68 65 1/2 0)
(127/2 65 63 1/2 0)
(64 67 64 1/2 0)
(129/2 62 61 1/2 0)
(65 65 63 1/2 0)
(131/2 64 63 1/2 0)
(66 32 44 1 1)
(66 44 51 1 1)
(66 63 62 1 0)
(67 51 55 1 1)
(67 56 58 1 1)
(67 60 60 1 1)
(67 63 62 3/2 0)
(67 72 67 3/2 0)
(68 51 55 1 1)
(68 56 58 1 1)
(68 60 60 1 1)
(137/2 65 63 1/2 0)
(137/2 73 68 1/2 0)
(69 44 51 1 1)
(69 56 58 1 1)
(69 63 62 1/2 0)
(69 72 67 1/2 0)
(139/2 61 61 1/2 0)
(139/2 70 66 1/2 0)
(70 51 55 1 1)
(70 56 58 1 1)
(70 60 60 1 0)
(70 63 62 1 1)
(70 68 65 1 0)
(71 51 55 1 1)
(71 56 58 1 1)
(71 63 62 1 1)
(71 66 64 1 0)
(71 72 67 1 0)
(72 37 47 1 1)
(72 49 54 1 1)
(72 65 63 1 0)
(72 73 68 1 0)
(73 56 58 1 1)
(73 61 61 1 1)
(73 65 63 1 1)
(73 68 65 3/2 0)
(73 75 69 3/2 0)
(74 56 58 1 1)
(74 61 61 1 1)
(74 65 63 1 1)
(149/2 73 68 1/2 0)
(149/2 77 70 1/2 0)
(75 32 44 1 1)
(75 44 51 1 1)
(75 71 66 1/2 0)
(75 74 68 1/2 0)
(151/2 73 68 1/2 0)
(151/2 77 70 1/2 0)
(76 51 55 1 1)
(76 56 58 1 1)
(76 60 60 1 1)
(76 63 62 1 1)
(76 72 67 1 0)
(76 75 69 1 0)
(77 51 55 1 1)
(77 56 58 1 1)
(77 60 60 1 1)
(77 63 62 1 1)
(77 68 65 1 0)
(77 80 72 1 0)
(78 44 51 1 1)
(79 51 55 1 1)
(79 60 60 1 1)
(79 63 62 1 0)
(79 72 67 3/2 0)
(80 43 50 1 1)
(80 64 62 1/2 0)
(161/2 70 66 1/2 0)
(161/2 73 68 1/2 0)
(81 48 53 1 1)
(81 55 57 1 1)
(81 58 59 1 1)
(81 64 62 1/2 0)
(81 72 67 1/2 0)
(163/2 60 60 1/2 0)
(163/2 70 66 1/2 0)
(82 41 49 1 1)
(82 65 63 1 0)
(82 68 65 1 0)
(83 53 56 1 1)
(83 56 58 1 1)
(83 63 62 1 0)
(83 72 67 1 0)
(84 34 45 1 1)
(84 46 52 1 1)
(84 63 62 1 0)
(84 65 63 1 0)
(85 46 52 1 1)
(85 53 56 1 1)
(85 56 58 1 1)
(85 62 61 1 0)
(85 67 64 3/2 0)
(86 46 52 1 1)
(86 53 56 1 1)
(86 56 58 1 1)
(86 62 61 2 0)
(173/2 68 65 1/2 0)
(87 39 48 1 1)
(87 69 65 1/2 0)
(175/2 72 67 1/2 0)
(88 51 55 1 1)
(88 56 58 1 1)
(88 61 61 1 0)
(88 70 66 1/2 0)
(177/2 75 69 1/2 0)
(89 51 55 1 1)
(89 55 57 1 1)
(89 61 61 1 0)
(89 65 63 1 0)
(90 32 44 1 1)
(90 44 51 1 1)
(90 61 61 1/2 0)
(90 63 62 1/2 0)
(91 51 55 1 1)
(91 56 58 1 1)
(91 60 60 1 0)
(91 63 62 1 1)
(91 72 67 3/2 0)
(92 51 55 1 1)
(92 56 58 1 1)
(92 60 60 1/2 0)
(92 63 62 1 1)
(185/2 65 63 1/2 0)
(185/2 73 68 1/2 0)
(93 44 51 1 1)
(93 56 58 1 1)
(93 63 62 3/4 0)
(93 72 67 3/4 0)
(375/4 61 61 1/4 0)
(375/4 70 66 1/4 0)
(94 51 55 1 1)
(94 56 58 1 1)
(94 60 60 1 0)
(94 63 62 1 1)
(94 68 65 1 0)
(95 51 55 1 1)
(95 56 58 1 1)
(95 63 62 1 1)
(95 66 64 1 0)
(95 72 67 1 0)
(96 37 47 1 1)
(96 49 54 1 1)
(96 65 63 1 0)
(96 73 68 1 0)
(97 56 58 1 1)
(97 61 61 1 1)
(97 65 63 1 1)
(97 68 65 3/2 0)
(97 75 69 3/2 0)
(98 56 58 1 1)
(98 61 61 1 1)
(98 65 63 1 1)
(197/2 73 68 1/2 0)
(197/2 77 70 1/2 0)
(99 32 44 1 1)
(99 44 51 1 1)
(99 71 66 3/4 0)
(99 74 68 3/4 0)
(399/4 73 68 1/4 0)
(399/4 77 70 1/4 0)
(100 51 55 1 1)
(100 56 58 1 1)
(100 63 62 1 1)
(100 72 67 1 0)
(100 75 69 1 0)
(101 51 55 1 1)
(101 56 58 1 1)
(101 60 60 1 1)
(101 68 65 1 1)
(101 80 72 1 0)
(101 84 74 1 0)
(102 31 43 1 1)
(102 43 50 1 1)
(103 55 57 1 1)
(103 58 59 1 1)
(103 60 60 1 1)
(103 64 62 1 0)
(103 72 67 1 0)
(104 48 53 1 1)
(104 55 57 1 1)
(104 58 59 1 1)
(104 64 62 1 1)
(104 70 66 3/4 0)
(104 73 68 3/4 0)
(419/4 60 60 1/4 0)
(419/4 72 67 1/4 0)
(105 29 42 1 1)
(105 41 49 1 1)
(105 68 65 3/4 0)
(105 72 67 3/4 0)
(423/4 67 64 1/4 0)
(423/4 70 66 1/4 0)
(106 53 56 1 1)
(106 60 60 1 1)
(106 65 63 1 0)
(106 68 65 1 0)
(107 53 56 1 1)
(107 56 58 1 1)
(107 60 60 1 1)
(107 62 61 1 0)
(107 72 67 1 0)
(108 43 50 1 1)
(108 55 57 1 1)
(108 63 62 1 0)
(108 67 64 1 0)
(109 55 57 1 1)
(109 60 60 1 1)
(109 67 64 3/2 0)
(109 75 69 3/2 0)
(110 55 57 1 1)
(110 62 61 1 1)
(221/2 65 63 1/2 0)
(221/2 71 66 1/2 0)
(111 48 53 1 1)
(111 63 62 1/2 0)
(111 72 67 1/2 0)
(223/2 77 70 1/2 0)
(223/2 80 72 1/2 0)
(112 51 55 1 1)
(112 60 60 1 1)
(112 63 62 1 1)
(112 75 69 1 0)
(112 79 71 1 0)
(113 53 56 1 1)
(113 60 60 1 1)
(113 62 61 1 0)
(113 68 65 1 0)
(114 43 50 1 1)
(114 55 57 1 1)
(114 63 62 1 0)
(114 67 64 1 0)
(115 55 57 1 1)
(115 60 60 1 1)
(115 67 64 3/2 0)
(115 75 69 3/2 0)
(116 55 57 1 1)
(116 62 61 1 1)
(233/2 65 63 1/2 0)
(233/2 71 66 1/2 0)
(117 48 53 1 1)
(117 63 62 1/2 0)
(117 72 67 1/2 0)
(235/2 77 70 1/2 0)
(235/2 80 72 1/2 0)
(118 51 55 1 1)
(118 60 60 1 1)
(118 63 62 1 1)
(118 75 69 1 0)
(118 79 71 1 0)
(119 53 56 1 1)
(119 60 60 1 1)
(119 62 61 1 0)
(119 68 65 1 0)
(120 43 50 1 1)
(120 55 57 1 1)
(120 63 62 1 0)
(120 67 64 1 0)
(121 55 57 1 1)
(121 60 60 1 1)
(121 67 64 3/2 0)
(121 75 69 3/2 0)
(122 55 57 1 1)
(122 62 61 1 1)
(245/2 65 63 1/2 0)
(245/2 71 66 1/2 0)
(123 48 53 1 1)
(123 65 63 1/2 0)
(123 74 68 1/2 0)
(247/2 63 62 1/2 0)
(247/2 72 67 1/2 0)
(124 55 57 1 1)
(124 63 62 1 1)
(124 84 74 1 0)
(125 80 72 1/2 0)
(251/2 77 70 1/2 0)
(126 79 71 1/2 0)
(253/2 74 68 1/2 0)
(127 75 69 1/2 0)
(255/2 71 66 1/2 0)
(128 72 67 1/2 0)
(257/2 67 64 1/2 0)
(129 68 65 1/2 0)
(259/2 65 63 1/2 0)
(130 67 64 1/2 0)
(261/2 62 61 1/2 0)
(131 63 62 1/2 0)
(263/2 60 60 1/2 0)
(132 49 54 1 1)
(132 65 63 2 0)
(133 56 58 1 1)
(133 58 59 1 1)
(134 56 58 3 1)
(134 58 59 3 1)
(134 67 64 1/2 0)
(269/2 68 65 1/2 0)
(135 63 62 1/2 1)
(135 70 66 1/2 0)
(271/2 67 64 1/2 1)
(271/2 72 67 1/2 0)
(136 65 63 1 1)
(136 73 68 3/2 0)
(137 56 58 2 1)
(137 58 59 2 1)
(275/2 75 69 1/2 0)
(138 76 69 1/2 0)
(277/2 79 71 1/2 0)
(139 56 58 1 1)
(139 58 59 1 1)
(139 77 70 1 0)
(140 56 58 1 1)
(140 58 59 1 1)
(140 72 67 1 0)
(141 46 52 1 1)
(141 75 69 1 0)
(142 58 59 1 1)
(142 65 63 1 1)
(142 68 65 1 1)
(142 73 68 3/2 0)
(143 58 59 1 1)
(143 65 63 1 1)
(143 68 65 1 1)
(287/2 72 67 1/2 0)
(144 49 54 1 1)
(144 65 63 2 0)
(145 56 58 1 1)
(145 58 59 1 1)
(146 56 58 3 1)
(146 58 59 3 1)
(146 67 64 1/2 0)
(293/2 68 65 1/2 0)
(147 64 62 1/2 1)
(147 70 66 1/2 0)
(295/2 67 64 1/2 1)
(295/2 72 67 1/2 0)
(148 65 63 1 1)
(148 73 68 3/2 0)
(149 56 58 2 1)
(149 58 59 2 1)
(299/2 75 69 1/2 0)
(150 51 55 3 1)
(150 76 69 1/2 0)
(301/2 79 71 1/2 0)
(151 56 58 1 1)
(151 61 61 1 1)
(151 77 70 1 0)
(152 55 57 1 1)
(152 61 61 1 1)
(152 70 66 1 0)
(153 44 51 1 1)
(153 73 68 1 0)
(154 51 55 1 1)
(154 56 58 1 1)
(154 60 60 1 1)
(154 72 67 3/2 0)
(155 52 55 1 1)
(155 56 58 1 1)
(155 60 60 1 1)
(311/2 68 65 1/2 0)
(156 37 47 1 1)
(156 49 54 1 1)
(156 65 63 2 0)
(157 56 58 1 1)
(157 58 59 1 1)
(158 56 58 3 1)
(158 58 59 3 1)
(158 67 64 1/2 0)
(317/2 68 65 1/2 0)
(159 64 62 1/2 1)
(159 70 66 1/2 0)
(319/2 67 64 1/2 1)
(319/2 72 67 1/2 0)
(160 65 63 1 1)
(160 73 68 1 0)
(161 56 58 2 1)
(161 58 59 2 1)
(161 74 68 1/2 0)
(323/2 75 69 1/2 0)
(162 76 69 1/2 0)
(325/2 79 71 1/2 0)
(163 56 58 1 1)
(163 58 59 1 1)
(163 77 70 1 0)
(164 56 58 1 1)
(164 58 59 1 1)
(164 72 67 1 0)
(165 46 52 1 1)
(165 75 69 1/2 0)
(331/2 75 69 1/2 0)
(166 58 59 1 1)
(166 65 63 1 1)
(166 68 65 1 1)
(166 73 68 3/2 0)
(167 58 59 1 1)
(167 65 63 1 1)
(167 68 65 1 1)
(335/2 72 67 1/2 0)
(168 49 54 1 1)
(168 65 63 2 0)
(169 56 58 1 1)
(169 58 59 1 1)
(170 56 58 3 1)
(170 58 59 3 1)
(170 67 64 1/2 0)
(341/2 68 65 1/2 0)
(171 64 62 1/2 1)
(171 70 66 1/2 0)
(343/2 67 64 1/2 1)
(343/2 72 67 1/2 0)
(172 65 63 1 1)
(172 73 68 1 0)
(173 56 58 1 1)
(173 58 59 1 1)
(173 75 69 1/2 0)
(347/2 76 69 1/2 0)
(174 49 54 1 1)
(174 77 70 1/2 0)
(349/2 79 71 1/2 0)
(175 80 72 1 0)
(176 55 57 1 1)
(176 65 63 1 1)
(176 82 73 1/2 0)
(353/2 83 73 1/2 0)
(177 48 53 1 1)
(177 84 74 1/2 0)
(711/4 72 67 1/4 0)
(178 55 57 1 1)
(178 64 62 1 1)
(178 72 67 1 0)
(179 55 57 1 1)
(179 64 62 1 1)
(179 72 67 1 0)
(180 48 53 1 1)
(180 72 67 3/2 0)
(181 56 58 1 1)
(181 65 63 1 1)
(363/2 73 68 1/2 0)
(182 56 58 1 1)
(182 65 63 1 1)
(182 77 70 1/2 0)
(365/2 75 69 1/2 0)
(183 36 46 1 1)
(735/4 72 67 1/4 0)
(184 55 57 1 1)
(184 63 62 1 1)
(184 67 64 1 0)
(185 55 57 1 1)
(185 63 62 1 1)
(185 72 67 1/2 0)
(371/2 67 64 1/2 0)
(186 48 53 1 1)
(186 70 66 3/2 0)
(187 53 56 1 1)
(187 61 61 1 1)
(375/2 72 67 1/2 0)
(188 53 56 1 1)
(188 61 61 1 1)
(188 75 69 1/2 0)
(377/2 73 68 1/2 0)
(189 36 46 1 1)
(759/4 72 67 1/4 0)
(190 52 55 1 1)
(190 55 57 1 1)
(190 60 60 1 1)
(190 64 62 1 1)
(190 72 67 1 0)
(191 58 59 1 1)
(191 67 64 3/2 1)
(191 72 67 3/2 0)
(192 56 58 1/2 1)
(385/2 58 59 1/2 1)
(385/2 65 63 3/2 1)
(385/2 73 68 1/2 0)
(193 56 58 1 1)
(193 80 72 1 0)
(194 48 53 1 1)
(194 77 70 1/2 0)
(389/2 70 66 1/2 0)
(195 36 46 1/2 1)
(783/4 55 57 1/4 1)
(783/4 63 62 1/4 1)
(783/4 72 67 1/4 0)
(196 55 57 1 1)
(196 63 62 1 1)
(196 67 64 1 0)
(197 55 57 1 1)
(197 63 62 3/2 1)
(197 72 67 1/2 0)
(395/2 67 64 1/2 0)
(198 53 56 1/2 1)
(198 68 65 1/2 0)
(397/2 55 57 1/2 1)
(397/2 61 61 3/2 1)
(397/2 70 66 1/2 0)
(199 53 56 1 1)
(199 80 72 1 0)
(200 48 53 3/2 1)
(200 56 58 1 1)
(200 77 70 1/2 0)
(401/2 65 63 1/2 0)
(201 55 57 1/2 1)
(201 64 62 1/2 0)
(201 72 67 1/2 0)
(403/2 46 52 1/2 1)
(403/2 55 57 1/2 1)
(403/2 64 62 1/2 0)
(403/2 73 68 1/2 0)
(202 49 54 1 1)
(202 55 57 1 1)
(202 64 63 1 0)
(202 70 66 1 0)
(203 48 53 1/2 1)
(203 55 57 1/2 1)
(203 63 62 1 0)
(203 75 69 1 0)
(407/2 46 52 1/2 1)
(407/2 61 61 1/2 1)
(204 44 51 1 1)
(204 51 55 1 1)
(204 60 60 1/2 0)
(204 63 62 1/2 0)
(205 60 60 3/2 1)
(205 63 62 1 0)
(205 68 65 1 0)
(206 65 63 1 0)
(206 68 65 1 0)
(413/2 61 61 1/2 1)
(207 60 60 3/4 1)
(207 63 62 1/2 0)
(207 68 65 1/2 0)
(831/4 58 59 1/4 1)
(831/4 61 61 1/4 0)
(831/4 68 65 1/4 0)
(208 56 58 1 1)
(208 60 60 1 0)
(208 68 65 1 0)
(209 60 60 1 1)
(209 63 62 1 0)
(209 66 64 1 0)
(209 68 65 1 0)
(210 61 61 1 1)
(210 65 63 1 0)
(210 68 65 1 0)
(211 63 62 3/2 1)
(212 68 65 1 0)
(212 73 68 1 0)
(425/2 65 63 1/2 1)
(213 56 58 3 1)
(213 63 62 3/4 1)
(213 68 65 1/2 0)
(213 72 67 1/2 0)
(855/4 62 61 1/4 1)
(855/4 71 66 1/4 0)
(855/4 77 70 1/4 0)
(214 63 62 1 1)
(214 72 67 1 0)
(214 75 69 1 0)
(215 68 65 1 1)
(215 72 67 1 0)
(216 44 51 1 1)
(216 51 55 1 1)
(217 60 60 3/2 1)
(217 63 62 1 0)
(217 68 65 1 0)
(218 65 63 1 0)
(218 68 65 1 0)
(437/2 61 61 1/2 1)
(219 60 60 3/4 1)
(219 63 62 1/2 0)
(219 68 65 1/2 0)
(879/4 58 59 1/4 1)
(879/4 61 61 1/4 0)
(879/4 68 65 1/4 0)
(220 56 58 1 1)
(220 60 60 1 0)
(220 68 65 1 0)
(221 53 56 1 1)
(221 60 60 1 1)
(221 63 62 1 0)
(221 68 65 1 0)
(222 46 52 3 1)
(222 53 56 1 1)
(222 62 61 1 0)
(222 68 65 1 0)
(223 55 57 3/2 1)
(223 62 61 1 0)
(223 67 64 1 0)
(224 62 61 1 0)
(224 65 63 1 0)
(449/2 56 58 1/2 1)
(225 51 55 1 1)
(225 57 58 1/2 1)
(225 61 61 1 0)
(225 66 63 1 0)
(451/2 60 60 1/2 1)
(226 58 59 1/2 1)
(226 61 61 1 0)
(226 67 64 1 0)
(453/2 63 62 1/2 1)
(227 53 56 1 1)
(227 61 61 1 0)
(227 70 66 1 0)
(228 44 51 1/2 1)
(228 51 55 1/2 1)
(228 61 61 1/2 0)
(228 70 66 1/4 0)
(913/4 63 62 1/4 0)
(229 51 55 1 1)
(229 56 58 1 1)
(229 60 60 1 0)
(229 63 62 1 1)
(229 72 67 3/2 0)
(230 51 55 1 1)
(230 56 58 1 1)
(230 60 60 1/2 0)
(230 63 62 1 1)
(461/2 65 63 1/2 0)
(461/2 73 68 1/2 0)
(231 32 44 1 1)
(231 44 51 1 1)
(231 63 62 1/2 0)
(231 72 67 1/2 0)
(927/4 61 61 1/4 0)
(927/4 70 66 1/4 0)
(232 51 55 1 1)
(232 56 58 1 1)
(232 60 60 1 0)
(232 63 62 1 1)
(232 68 65 1 0)
(233 51 55 1 1)
(233 56 58 1 1)
(233 60 60 1 0)
(233 63 62 1 1)
(233 66 64 1 0)
(233 68 65 1 0)
(233 72 67 1 0)
(234 37 47 1 1)
(234 49 54 1 1)
(234 65 63 1 0)
(234 73 68 1 0)
(235 56 58 1 1)
(235 61 61 1 1)
(235 65 63 1 0)
(235 68 65 1 1)
(235 75 69 3/2 0)
(236 56 58 1 1)
(236 61 61 1 1)
(236 65 63 1/2 0)
(236 68 65 1 1)
(473/2 73 68 1/2 0)
(473/2 77 70 1/2 0)
(237 32 44 1 1)
(237 44 51 1 1)
(237 71 66 1/2 0)
(237 74 68 1/2 0)
(951/4 73 68 1/4 0)
(951/4 77 70 1/4 0)
(238 51 55 1 1)
(238 56 58 1 1)
(238 60 60 1 1)
(238 63 62 1 1)
(238 72 67 1 0)
(238 75 69 1 0)
(239 51 55 1 1)
(239 56 58 1 1)
(239 60 60 1 1)
(239 68 65 1 1)
(239 80 72 1 0)
(239 84 74 1 0)
(240 44 51 1 1)
(241 56 58 5/2 1)
(241 66 64 2 0)
(241 75 69 3/2 0)
(242 48 53 1 1)
(485/2 74 69 1/2 0)
(243 49 54 2 1)
(243 65 63 1/2 0)
(243 73 68 1/2 0)
(487/2 57 58 1/2 1)
(487/2 66 64 1/2 0)
(487/2 72 67 1/2 0)
(244 58 59 1 1)
(244 65 63 1 0)
(244 70 66 1 0)
(245 50 54 1 1)
(245 58 59 3/2 1)
(245 68 65 1 0)
(245 77 70 1 0)
(246 51 55 2 1)
(246 67 64 1/2 0)
(246 75 69 1/2 0)
(493/2 59 59 1/2 1)
(493/2 68 65 1/2 0)
(493/2 74 68 1/2 0)
(247 60 60 3/2 1)
(247 67 64 1 0)
(247 72 67 1 0)
(248 52 55 1 1)
(248 70 66 1 0)
(248 79 71 1 0)
(497/2 61 60 1/2 1)
(249 53 56 1/2 1)
(249 62 61 1/2 1)
(249 69 65 1/2 0)
(249 77 70 1/2 0)
(499/2 55 57 1/2 1)
(499/2 61 60 1/2 1)
(499/2 70 66 1/2 0)
(499/2 76 69 1/2 0)
(250 54 56 1 1)
(250 62 61 1 1)
(250 69 65 1 0)
(250 74 68 1 0)
(251 53 56 1 1)
(251 63 61 1 1)
(251 72 67 1/2 0)
(251 81 72 1 0)
(503/2 71 66 1/2 0)
(252 52 55 1/2 1)
(252 64 62 1/2 1)
(252 71 66 1/2 0)
(252 80 71 1/2 0)
(505/2 57 58 1/2 1)
(505/2 64 62 1/2 1)
(505/2 73 67 1/2 0)
(505/2 79 71 1/2 0)
(253 58 58 1 1)
(253 64 62 1 1)
(253 73 67 1 0)
(253 78 70 1 0)
(254 59 59 1 1)
(254 62 61 1 1)
(254 68 65 1/2 0)
(254 77 70 1 0)
(509/2 67 64 1/2 0)
(255 60 60 1/2 1)
(255 67 64 1/2 0)
(255 76 69 1/2 0)
(511/2 53 56 1/2 1)
(511/2 60 60 1/2 1)
(511/2 69 65 1/2 0)
(511/2 75 69 1/2 0)
(256 54 56 1 1)
(256 60 60 1 1)
(256 69 65 1 0)
(256 74 68 1 0)
(257 55 57 1 1)
(257 58 59 1 1)
(257 64 62 1 0)
(257 73 68 1 0)
(258 56 58 1/2 1)
(258 64 62 1/2 0)
(258 72 67 1/2 0)
(517/2 49 54 1/2 1)
(517/2 56 58 1/2 1)
(517/2 65 63 1/2 0)
(517/2 71 67 1/2 0)
(259 50 54 1 1)
(259 56 58 1 1)
(259 65 63 1 0)
(259 70 66 1 0)
(260 51 55 1 1)
(260 54 57 1 1)
(260 60 60 1 0)
(260 69 66 1 0)
(261 52 56 1/2 1)
(261 56 58 1/2 1)
(261 59 60 1/2 0)
(261 68 65 1/2 0)
(523/2 50 54 1/2 1)
(523/2 59 59 1/2 1)
(523/2 64 63 1/2 0)
(523/2 68 65 1/2 0)
(262 51 55 1 1)
(262 60 60 1 1)
(262 63 62 1/2 0)
(262 68 65 1/2 0)
(1051/4 77 70 1/4 0)
(263 51 55 1 1)
(263 58 59 1 1)
(263 61 61 1 0)
(263 67 64 1 0)
(264 32 44 1 1)
(264 44 51 1 1)
(264 60 60 1 0)
(264 68 65 1 0)
(265 56 58 1 1)
(265 60 60 1 1)
(265 66 64 1 1)
(265 75 69 3/2 0)
(266 51 55 1 1)
(266 56 58 1 1)
(266 60 60 1 1)
(533/2 77 70 1/2 0)
(267 44 51 1 1)
(267 75 69 1/2 0)
(535/2 74 68 1/2 0)
(268 56 58 1 1)
(268 61 61 1 1)
(268 65 63 1 1)
(268 73 68 1 0)
(269 53 56 1 1)
(269 56 58 1 1)
(269 61 61 1 1)
(269 80 72 1 0)
(270 44 51 1 1)
(271 55 57 1 1)
(271 60 60 1 1)
(271 64 62 1 1)
(271 72 67 3/2 0)
(272 52 55 1 1)
(272 55 57 1 1)
(272 60 60 1 1)
(545/2 73 68 1/2 0)
(273 44 51 1 1)
(273 72 67 1/2 0)
(547/2 70 66 1/2 0)
(274 55 57 1 1)
(274 61 61 1 1)
(274 63 62 1 1)
(274 77 70 1/2 0)
(549/2 75 69 1/2 0)
(275 51 55 1 1)
(275 58 59 1 1)
(275 61 61 1 1)
(275 67 64 1 0)
(276 32 44 1 1)
(276 68 65 1 0)
(277 56 58 1 1)
(277 60 60 1 1)
(277 66 64 1 1)
(277 75 69 3/2 0)
(278 51 55 1 1)
(278 56 58 1 1)
(278 60 60 1 1)
(557/2 77 70 1/2 0)
(279 44 51 1 1)
(279 75 69 1/2 0)
(559/2 74 68 1/2 0)
(280 56 58 1 1)
(280 61 61 1 1)
(280 64 63 1 1)
(280 73 68 1/2 0)
(561/2 82 73 1/2 0)
(281 52 56 1 1)
(281 56 58 1 1)
(281 58 59 1 1)
(281 80 72 1 0)
(282 44 51 1 1)
(283 56 58 1 1)
(283 59 60 1 1)
(283 63 62 1 1)
(283 71 67 3/2 0)
(284 51 55 1 1)
(284 56 58 1 1)
(284 59 60 1 1)
(569/2 73 68 1/2 0)
(285 39 48 1 1)
(285 71 67 1/2 0)
(571/2 70 66 1/2 0)
(286 51 55 1 1)
(286 55 57 1 1)
(286 61 61 1 1)
(286 76 70 1/2 0)
(573/2 75 69 1/2 0)
(287 39 48 1 1)
(287 67 64 1 0)
(288 44 51 1 1)
(289 51 55 1 1)
(289 56 58 1 1)
(289 60 60 1 1)
(289 72 67 3/2 0)
(290 44 51 1 1)
(581/2 73 68 1/2 0)
(291 39 48 1 1)
(291 72 67 1/2 0)
(583/2 70 66 1/2 0)
(292 51 55 1 1)
(292 55 57 1 1)
(292 61 61 1 1)
(292 77 70 1/2 0)
(585/2 75 69 1/2 0)
(293 39 48 1 1)
(293 67 64 1 0)
(294 38 47 1 1)
(295 50 54 1 1)
(295 55 57 1 1)
(295 62 61 1 1)
(295 71 66 3/2 0)
(296 55 57 1 1)
(296 62 61 1 1)
(296 67 64 1 1)
(593/2 72 67 1/2 0)
(297 49 54 1 1)
(297 55 57 1 1)
(297 64 63 1 0)
(297 71 67 1/2 0)
(595/2 70 66 1/2 0)
(298 46 52 1 1)
(298 61 61 1 1)
(298 76 70 1/2 0)
(597/2 75 69 1/2 0)
(299 51 55 2 1)
(299 58 59 2 1)
(299 61 61 2 0)
(299 67 64 3/2 0)
(300 44 51 2 1)
(601/2 68 65 1/2 0)
(301 51 55 1 1)
(301 56 58 1 1)
(301 60 60 1 1)
(301 62 61 1/2 0)
(603/2 63 62 1/2 0)
(302 51 55 2 1)
(302 56 58 2 1)
(302 60 60 2 1)
(302 68 65 1/2 0)
(605/2 73 68 1/2 0)
(303 72 67 1/2 0)
(607/2 70 66 1/2 0)
(304 51 55 1 1)
(304 56 58 1 1)
(304 60 60 1 1)
(304 68 65 1/2 0)
(609/2 72 67 1/2 0)
(305 77 70 1/2 0)
(611/2 72 67 1/2 0)
(306 32 44 1 1)
(306 75 69 1/2 0)
(613/2 73 68 1/2 0)
(307 51 55 1 1)
(307 56 58 1 1)
(307 60 60 1 1)
(307 72 67 1/2 0)
(615/2 75 69 1/2 0)
(308 80 72 1/2 0)
(617/2 77 70 1/2 0)
(309 75 69 1/2 0)
(619/2 84 74 1/2 0)
(310 79 71 1/2 0)
(621/2 80 72 1/2 0)
(311 56 58 1 1)
(311 59 59 1 1)
(311 68 65 1 1)
(311 74 68 1/2 0)
(623/2 79 71 1/2 0)
(312 56 58 1 1)
(312 60 60 1 1)
(312 68 65 1 1)
(312 77 70 1/2 0)
(625/2 76 69 1/2 0)
(313 75 69 1/2 0)
(627/2 74 68 1/2 0)
(314 73 68 1/2 0)
(629/2 71 66 1/2 0)
(315 63 62 1/2 0)
(315 72 67 1/2 0)
(631/2 62 61 1/2 0)
(631/2 71 66 1/2 0)
(316 61 61 1/2 0)
(316 70 66 1/2 0)
(633/2 60 60 1/2 0)
(633/2 69 65 1/2 0)
(317 59 60 1/2 0)
(317 68 65 1/2 0)
(635/2 58 59 1/2 0)
(635/2 64 62 1/2 0)
(318 57 58 1/2 1)
(318 67 64 1/2 0)
(637/2 56 58 1/2 1)
(637/2 65 63 1/2 0)
(319 55 57 1/2 1)
(319 64 63 1/2 0)
(639/2 54 57 1/2 1)
(639/2 63 62 1/2 0)
(320 53 56 1/2 1)
(320 61 61 1/2 0)
(641/2 52 56 1/2 1)
(641/2 56 58 1/2 0)
(321 51 55 1/2 1)
(321 60 60 1/2 0)
(643/2 44 51 1/2 1)
(643/2 63 62 1/2 0)
(322 51 55 1/2 1)
(322 68 65 1/2 0)
(645/2 60 60 1/2 1)
(645/2 72 67 1/2 0)
(323 63 62 1/2 1)
(323 75 69 1/2 0)
(647/2 72 67 1/2 1)
(647/2 80 72 1/2 0)
(324 56 58 1 1)
(324 92 79 1 0)
(327 32 44 1 1)
(327 44 51 1 1)
(327 51 55 1 1)
(327 56 58 1 1)
(327 60 60 1 1)
(328 32 44 1 1)
(328 44 51 1 1)
(328 51 55 1 1)
(328 56 58 1 1)
(328 60 60 1 1)
(330 32 44 1 1)
(330 44 51 1 1)
(330 51 55 1 1)
(330 56 58 1 1)
(330 60 60 1 1)
(331 32 44 1 1)
(331 44 51 1 1)
(331 51 55 1 1)
(331 56 58 1 1)
(331 60 60 1 1)
