(-1 61 60 1 0)
(0 30 42 1 1)
(0 66 63 3/2 0)
(1 49 53 1 1)
(1 57 58 1 1)
(1 61 60 1 1)
(3/2 68 64 1/2 0)
(2 49 53 1 1)
(2 57 58 1 1)
(2 61 60 1 1)
(2 69 65 1/2 0)
(5/2 72 66 1/2 0)
(3 42 49 1 1)
(3 74 68 1/3 0)
(10/3 76 69 1/3 0)
(11/3 74 68 1/3 0)
(4 57 58 1 1)
(4 61 60 1 1)
(4 66 63 1 1)
(4 73 67 1 0)
(5 57 58 1 1)
(5 61 60 1 1)
(5 66 63 1 1)
(5 78 70 1 0)
(6 54 56 1 1)
(6 73 67 1/3 0)
(19/3 74 68 1/3 0)
(20/3 73 67 1/3 0)
(7 59 59 1 1)
(7 62 61 1 1)
(7 66 63 1 1)
(7 71 66 1 0)
(8 59 59 1 1)
(8 62 61 1 1)
(8 66 63 1 1)
(8 78 70 1 0)
(9 42 49 1 1)
(9 71 66 1/3 0)
(28/3 73 67 1/3 0)
(29/3 71 66 1/3 0)
(10 57 58 1 1)
(10 61 60 1 1)
(10 66 63 1 1)
(10 69 65 1 0)
(11 49 53 1 1)
(11 57 58 1 1)
(11 61 60 1 1)
(11 73 67 1 0)
(12 37 46 1 1)
(12 69 65 1/3 0)
(37/3 71 66 1/3 0)
(38/3 69 65 1/3 0)
(13 49 53 1 1)
(13 53 55 1 1)
(13 59 59 1 1)
(13 68 64 1 0)
(14 49 53 1 1)
(14 53 55 1 1)
(14 59 59 1 1)
(14 73 67 1 0)
(15 42 49 1 1)
(15 68 64 1/3 0)
(46/3 69 65 1/3 0)
(47/3 68 64 1/3 0)
(16 49 53 1 1)
(16 54 56 1 1)
(16 57 58 1 1)
(16 66 63 1 0)
(17 51 54 1 1)
(17 57 58 1 1)
(17 73 67 1 0)
(18 44 50 1 1)
(18 66 63 1/3 0)
(55/3 68 64 1/3 0)
(56/3 66 63 1/3 0)
(19 52 55 1 1)
(19 56 57 1 1)
(19 61 60 1 1)
(19 64 62 1 0)
(20 54 56 1 1)
(20 56 57 1 1)
(20 60 59 1 1)
(20 63 61 1/2 0)
(41/2 68 64 1/2 0)
(21 37 46 1 1)
(21 61 60 3/2 0)
(22 49 53 1 1)
(22 53 55 1 1)
(22 59 59 1 1)
(45/2 62 61 1/2 0)
(45/2 71 66 1/2 0)
(23 49 53 1 1)
(23 56 57 1 1)
(23 59 59 1 1)
(23 61 60 1/2 0)
(23 69 65 1/2 0)
(47/2 65 62 1/2 0)
(47/2 68 64 1/2 0)
(24 42 49 1 1)
(24 66 63 1 0)
(25 49 53 1 1)
(25 57 58 1 1)
(25 61 60 1 1)
(25 68 64 1/2 0)
(51/2 66 63 1/2 0)
(26 49 53 1 1)
(26 57 58 1 1)
(26 61 60 1 1)
(26 69 65 1/2 0)
(53/2 72 66 1/2 0)
(27 42 49 1 1)
(27 74 68 1/3 0)
(82/3 76 69 1/3 0)
(83/3 74 68 1/3 0)
(28 54 56 1 1)
(28 58 58 1 1)
(28 64 62 1 1)
(28 73 67 1 0)
(29 54 56 1 1)
(29 58 58 1 1)
(29 64 62 1 1)
(29 78 70 1 0)
(30 47 52 1 1)
(30 73 67 1/3 0)
(91/3 74 68 1/3 0)
(92/3 73 67 1/3 0)
(31 54 56 1 1)
(31 64 62 1 1)
(31 71 66 1 0)
(32 54 56 1 1)
(32 62 61 1 1)
(32 78 70 1 0)
(33 42 49 1 1)
(33 71 66 1/3 0)
(100/3 73 67 1/3 0)
(101/3 71 66 1/3 0)
(34 54 56 1 1)
(34 61 60 1 1)
(34 69 65 1 0)
(35 51 54 1 1)
(35 57 58 1 1)
(35 61 60 1 1)
(35 73 67 1 0)
(36 52 55 3 1)
(36 66 63 1/3 0)
(109/3 68 64 1/3 0)
(110/3 66 63 1/3 0)
(37 57 58 1 1)
(37 61 60 1 1)
(37 64 62 1 0)
(38 57 58 1 1)
(38 61 60 1 1)
(38 73 67 1 0)
(39 40 48 1 1)
(39 64 62 1/3 0)
(118/3 66 63 1/3 0)
(119/3 64 62 1/3 0)
(40 54 56 1 1)
(40 57 58 1 1)
(40 63 61 1 0)
(41 54 56 1 1)
(41 57 58 1 1)
(41 73 67 1 0)
(42 40 48 1 1)
(42 62 61 1/2 0)
(85/2 71 66 1/2 0)
(43 73 67 1/2 0)
(87/2 74 68 1/2 0)
(44 52 55 1 1)
(44 56 57 1 1)
(44 62 61 1 1)
(44 73 67 1/2 0)
(89/2 71 66 1/2 0)
(45 45 51 1 1)
(45 73 67 1/2 0)
(91/2 71 66 1/2 0)
(46 52 55 1 1)
(46 57 58 1 1)
(46 61 60 1 1)
(46 69 65 1 0)
(47 40 48 1 1)
(47 73 67 1/2 0)
(95/2 74 68 1/2 0)
(48 33 44 1 1)
(48 76 69 2 0)
(49 55 57 1 1)
(49 57 58 1 1)
(49 64 62 1 1)
(50 55 57 1 1)
(50 57 58 1 1)
(50 64 62 1 1)
(50 78 70 1/2 0)
(101/2 76 69 1/2 0)
(51 54 56 1 1)
(51 57 58 1 1)
(51 63 61 1 1)
(51 75 68 1 0)
(52 54 56 1 1)
(52 57 58 1 1)
(52 63 61 1 1)
(52 71 66 1/2 0)
(105/2 73 67 1/2 0)
(53 53 56 1 1)
(53 57 58 1 1)
(53 62 61 1 1)
(53 74 68 1 0)
(54 45 51 1 1)
(54 62 61 1/2 0)
(109/2 71 66 1/2 0)
(55 52 55 1 1)
(55 56 57 1 1)
(55 62 61 1 1)
(55 73 67 1/2 0)
(111/2 74 68 1/2 0)
(56 52 55 1 1)
(56 56 57 1 1)
(56 62 61 1 1)
(56 73 67 1/2 0)
(113/2 71 66 1/2 0)
(57 45 51 1 1)
(57 73 67 1/2 0)
(115/2 71 66 1/2 0)
(58 52 55 1 1)
(58 57 58 1 1)
(58 61 60 1 1)
(58 69 65 1 0)
(59 40 48 1 1)
(59 73 67 1/2 0)
(119/2 74 68 1/2 0)
(60 33 44 1 1)
(60 76 69 2 0)
(61 55 57 1 1)
(61 57 58 1 1)
(61 64 62 1 1)
(62 55 57 1 1)
(62 58 58 1 1)
(62 64 62 1 1)
(62 78 70 1/4 0)
(249/4 76 69 1/4 0)
(125/2 78 70 1/4 0)
(251/4 76 69 1/4 0)
(63 54 56 1 1)
(63 59 59 1 1)
(63 63 61 1 1)
(63 75 68 1 0)
(64 54 56 1 1)
(64 59 59 1 1)
(64 63 61 1 1)
(64 69 65 1 0)
(64 71 66 1/2 0)
(129/2 73 67 1/2 0)
(65 53 56 1 1)
(65 59 59 1 1)
(65 62 61 1 1)
(65 69 65 1 0)
(65 74 68 1 0)
(66 45 51 1 1)
(66 62 61 1/2 0)
(133/2 71 66 1/2 0)
(67 52 55 1 1)
(67 59 59 1 1)
(67 62 61 1 1)
(67 68 64 1 0)
(67 73 67 1/2 0)
(135/2 74 68 1/2 0)
(68 52 55 1 1)
(68 56 57 1 1)
(68 62 61 1 1)
(68 64 62 1 0)
(68 73 67 1/2 0)
(137/2 71 66 1/2 0)
(69 45 51 1 1)
(69 73 67 1/2 0)
(139/2 71 66 1/2 0)
(70 52 55 1 1)
(70 61 60 1 1)
(70 69 65 1 0)
(71 49 53 1 1)
(71 53 55 1 1)
(71 59 59 1 1)
(71 68 64 1/2 0)
(143/2 69 65 1/2 0)
(72 42 49 1 1)
(72 66 63 3/2 0)
(73 49 53 1 1)
(73 54 56 1 1)
(73 57 58 1 1)
(73 61 60 1 1)
(147/2 68 64 1/2 0)
(74 49 53 1 1)
(74 54 56 1 1)
(74 57 58 1 1)
(74 61 60 1 1)
(74 69 65 1/2 0)
(149/2 72 66 1/2 0)
(75 42 49 1 1)
(75 74 68 1/3 0)
(226/3 76 69 1/3 0)
(227/3 74 68 1/3 0)
(76 57 58 1 1)
(76 61 60 1 1)
(76 66 63 1 1)
(76 73 67 1 0)
(77 57 58 1 1)
(77 61 60 1 1)
(77 66 63 1 1)
(77 78 70 1 0)
(78 47 52 1 1)
(78 73 67 1/3 0)
(235/3 74 68 1/3 0)
(236/3 73 67 1/3 0)
(79 54 56 1 1)
(79 64 62 1 1)
(79 72 67 1 0)
(80 54 56 1 1)
(80 62 61 1 1)
(80 71 66 1 0)
(80 78 70 1 0)
(81 42 49 1 1)
(81 71 66 1/3 0)
(244/3 73 67 1/3 0)
(245/3 71 66 1/3 0)
(82 54 56 1 1)
(82 61 60 1 1)
(82 70 65 1 0)
(83 54 56 1 1)
(83 61 60 1 1)
(83 69 65 1 0)
(83 73 67 1 0)
(84 49 53 1 1)
(84 69 65 1/3 0)
(253/3 71 66 1/3 0)
(254/3 69 65 1/3 0)
(85 53 55 1 1)
(85 61 60 1 1)
(85 68 64 1 0)
(86 53 55 1 1)
(86 59 59 1 1)
(86 61 60 1 0)
(86 73 67 1 0)
(87 42 49 1 1)
(87 68 64 1/3 0)
(262/3 69 65 1/3 0)
(263/3 68 64 1/3 0)
(88 57 58 1 1)
(88 67 64 1 0)
(89 51 54 1 1)
(89 57 58 1 1)
(89 61 60 1 1)
(89 66 63 1 0)
(89 73 67 1 0)
(90 44 50 1 1)
(90 66 63 1/3 0)
(271/3 68 64 1/3 0)
(272/3 66 63 1/3 0)
(91 56 57 1 1)
(91 65 63 1/2 0)
(183/2 64 62 1/2 0)
(183/2 68 64 1 0)
(92 54 56 1 1)
(92 56 57 1 1)
(92 60 59 1 1)
(92 63 61 1/2 0)
(185/2 68 64 2 0)
(93 37 46 1 1)
(93 61 60 1/2 0)
(187/2 62 61 1/2 0)
(94 49 53 1 1)
(94 53 55 1 1)
(94 59 59 1 1)
(94 61 60 1/2 0)
(189/2 62 61 1/2 0)
(189/2 71 66 1/2 0)
(95 49 53 1 1)
(95 56 57 1 1)
(95 59 59 1 1)
(95 61 60 1/2 0)
(95 69 65 1/2 0)
(191/2 65 62 1/2 0)
(191/2 68 64 1/2 0)
(96 42 49 1 1)
(96 66 63 1 0)
(97 49 53 1 1)
(97 57 58 1 1)
(97 61 60 1 1)
(97 68 64 1/2 0)
(195/2 66 63 1/2 0)
(98 49 53 1 1)
(98 57 58 1 1)
(98 61 60 1 1)
(98 69 65 1/2 0)
(197/2 72 66 1/2 0)
(99 42 49 1 1)
(99 74 68 1/3 0)
(298/3 76 69 1/3 0)
(299/3 74 68 1/3 0)
(100 54 56 1 1)
(100 58 58 1 1)
(100 64 62 1 1)
(100 73 67 1 0)
(101 54 56 1 1)
(101 58 58 1 1)
(101 64 62 1 1)
(101 66 63 1 0)
(101 78 70 1 0)
(102 47 52 1 1)
(102 73 67 1/3 0)
(307/3 74 68 1/3 0)
(308/3 73 67 1/3 0)
(103 54 56 1 1)
(103 64 62 1 1)
(103 72 67 1 0)
(104 54 56 1 1)
(104 62 61 1 1)
(104 71 66 1 0)
(104 78 70 1 0)
(105 42 49 1 1)
(105 71 66 1/3 0)
(316/3 73 67 1/3 0)
(317/3 71 66 1/3 0)
(106 54 56 1 1)
(106 61 60 1 1)
(106 70 65 1 0)
(107 54 56 1 1)
(107 61 60 1 1)
(107 69 65 1 0)
(107 73 67 1 0)
(108 50 54 3 1)
(108 66 63 3/2 0)
(109 54 56 1 1)
(109 61 60 1 1)
(219/2 68 64 1/2 0)
(110 54 56 1 1)
(110 59 59 1 1)
(110 69 65 1/2 0)
(221/2 71 66 1/2 0)
(111 49 53 3 1)
(111 69 65 1/3 0)
(334/3 71 66 1/3 0)
(335/3 69 65 1/3 0)
(112 54 56 1 1)
(112 59 59 2 1)
(112 68 64 1 0)
(113 53 55 1 1)
(113 73 67 1 0)
(114 50 54 3 1)
(114 66 63 3/2 0)
(115 54 56 1 1)
(115 61 60 1 1)
(231/2 68 64 1/2 0)
(116 54 56 1 1)
(116 59 59 1 1)
(116 69 65 1/2 0)
(233/2 71 66 1/2 0)
(117 49 53 3 1)
(117 69 65 1/3 0)
(352/3 71 66 1/3 0)
(353/3 69 65 1/3 0)
(118 54 56 1 1)
(118 59 59 2 1)
(118 68 64 1 0)
(119 53 55 1 1)
(119 73 67 1 0)
(120 50 54 3 1)
(120 66 63 3/2 0)
(121 54 56 1 1)
(121 61 60 1 1)
(243/2 68 64 1/2 0)
(122 54 56 1 1)
(122 59 59 1 1)
(122 69 65 1/2 0)
(245/2 71 66 1/2 0)
(123 35 45 1 1)
(123 73 67 1/2 0)
(247/2 76 69 1/2 0)
(124 56 57 1 1)
(124 59 59 1 1)
(124 62 61 1 1)
(124 66 63 1 1)
(124 74 68 3/2 0)
(251/2 66 63 1/2 0)
(126 66 63 1/2 0)
(253/2 65 62 1/2 0)
(127 37 46 1 1)
(127 69 65 3/2 0)
(128 49 53 2 1)
(128 59 59 1 0)
(128 65 62 1 0)
(257/2 68 64 1/2 0)
(129 59 59 1 1)
(129 65 62 1 1)
(129 70 65 1/2 0)
(259/2 71 66 1/2 0)
(130 72 66 1/2 0)
(261/2 73 67 1 0)
(131 77 69 1/2 0)
(263/2 71 66 1/2 0)
(263/2 75 68 1/2 0)
(132 42 49 1 1)
(132 70 65 3/2 0)
(132 73 67 3/2 0)
(133 49 53 1 1)
(267/2 69 64 1/2 0)
(267/2 72 66 1/2 0)
(134 51 54 1 1)
(134 61 60 1/2 0)
(539/4 68 64 3/4 0)
(135 53 55 1 1)
(135 71 66 1/2 0)
(271/2 66 63 1/2 0)
(271/2 70 65 1/2 0)
(136 54 56 1 1)
(136 61 60 1/2 0)
(547/4 66 63 1/4 0)
(547/4 70 65 1/4 0)
(137 61 60 1 1)
(137 64 62 1 0)
(137 70 65 1 0)
(138 63 61 3/2 0)
(138 66 63 3/2 0)
(139 47 52 1 1)
(279/2 71 66 1/2 0)
(279/2 75 68 1/2 0)
(140 54 56 1 1)
(140 59 59 1 1)
(140 63 61 1 1)
(140 66 63 1/2 0)
(563/4 73 67 3/4 0)
(141 35 45 1 1)
(141 77 69 1/2 0)
(283/2 75 68 1/2 0)
(283/2 78 70 1/2 0)
(142 54 56 1 1)
(142 63 61 1 1)
(142 66 63 1/2 0)
(285/2 75 68 1/6 0)
(285/2 78 70 1/6 0)
(428/3 80 71 1/6 0)
(857/6 78 70 1/6 0)
(143 54 56 1 1)
(143 66 63 1 1)
(143 73 67 1/2 0)
(143 77 69 1/2 0)
(287/2 71 66 1/2 0)
(287/2 75 68 1/2 0)
(144 42 49 1 1)
(144 70 65 3/2 0)
(144 73 67 3/2 0)
(145 49 53 1 1)
(291/2 69 64 1/2 0)
(291/2 72 66 1/2 0)
(146 51 54 1 1)
(146 61 60 1/2 0)
(587/4 68 64 3/4 0)
(147 53 55 1 1)
(147 71 66 1/2 0)
(295/2 66 63 1/2 0)
(295/2 70 65 1/2 0)
(148 54 56 1 1)
(148 61 60 1/2 0)
(595/4 66 63 1/4 0)
(595/4 70 65 1/4 0)
(149 61 60 1 1)
(149 63 61 1 0)
(149 69 65 1 0)
(150 60 59 3/2 0)
(150 66 63 3/2 0)
(150 68 64 3/2 0)
(151 44 50 1 1)
(303/2 72 66 1/2 0)
(152 56 57 1 1)
(152 58 58 1 1)
(152 66 63 1/2 0)
(152 68 64 1/2 0)
(611/4 73 67 1/4 0)
(153 56 57 1 1)
(153 59 59 1 1)
(153 74 67 1/2 0)
(307/2 75 68 1/2 0)
(154 56 57 1 1)
(154 60 59 1 1)
(154 66 63 1/2 0)
(154 68 64 1/2 0)
(309/2 78 70 1/2 0)
(155 49 53 1 1)
(155 56 57 1 1)
(155 61 60 1 1)
(155 65 62 1/2 0)
(155 77 69 1/2 0)
(623/4 70 65 1/4 0)
(156 44 50 1 1)
(156 70 65 1 0)
(157 56 57 1 1)
(157 63 61 1 1)
(157 66 63 1 0)
(157 70 65 1/3 0)
(472/3 72 66 1/3 0)
(473/3 70 65 1/3 0)
(158 56 57 1 1)
(158 58 58 1 1)
(158 66 63 1/2 0)
(158 68 64 1/2 0)
(635/4 73 67 1/4 0)
(159 56 57 1 1)
(159 59 59 1 1)
(159 74 67 1/2 0)
(319/2 75 68 1/2 0)
(160 56 57 1 1)
(160 60 59 1 1)
(160 66 63 1 0)
(160 68 64 1/2 0)
(321/2 78 70 1/2 0)
(161 49 53 1 1)
(161 56 57 1 1)
(161 61 60 1 1)
(161 65 62 1/2 0)
(161 77 69 1/2 0)
(647/4 71 66 1/4 0)
(647/4 75 68 1/4 0)
(162 42 49 1 1)
(162 71 66 3/2 0)
(162 75 68 3/2 0)
(163 49 53 1 1)
(327/2 70 65 1/2 0)
(327/2 73 67 1/2 0)
(164 51 54 1 1)
(164 61 60 1/2 0)
(659/4 69 64 3/4 0)
(165 53 55 1 1)
(165 72 66 1/2 0)
(331/2 68 64 1/2 0)
(331/2 71 66 1/2 0)
(166 54 56 1 1)
(166 61 60 1/2 0)
(667/4 66 63 1/4 0)
(667/4 70 65 1/4 0)
(167 61 60 1 1)
(167 64 62 1 0)
(167 70 65 1 0)
(168 63 61 3/2 0)
(168 66 63 3/2 0)
(169 47 52 1 1)
(339/2 71 66 1/2 0)
(339/2 75 68 1/2 0)
(170 54 56 1 1)
(170 63 61 1 1)
(170 66 63 1/2 0)
(683/4 73 67 3/4 0)
(171 35 45 1 1)
(171 77 69 1/2 0)
(343/2 75 68 1/2 0)
(343/2 78 70 1/2 0)
(172 54 56 1 1)
(172 63 61 1 1)
(172 66 63 1/2 0)
(345/2 75 68 1/6 0)
(345/2 78 70 1/6 0)
(518/3 80 71 1/6 0)
(1037/6 78 70 1/6 0)
(173 54 56 1 1)
(173 66 63 1 1)
(173 73 67 1/2 0)
(173 77 69 1/2 0)
(347/2 71 66 1/2 0)
(347/2 75 68 1/2 0)
(174 42 49 1 1)
(174 70 65 3/2 0)
(174 73 67 3/2 0)
(175 49 53 1 1)
(351/2 69 64 1/2 0)
(351/2 72 66 1/2 0)
(176 51 54 1 1)
(176 61 60 1/2 0)
(707/4 68 64 3/4 0)
(177 53 55 1 1)
(177 71 66 1/2 0)
(355/2 66 63 1/2 0)
(355/2 70 65 1/2 0)
(178 54 56 1 1)
(178 61 60 1/2 0)
(715/4 66 63 1/4 0)
(715/4 70 65 1/4 0)
(179 61 60 1 1)
(179 63 61 1 0)
(179 69 65 1 0)
(180 60 59 3/2 0)
(180 66 63 3/2 0)
(180 68 64 3/2 0)
(181 44 50 1 1)
(727/4 72 66 1/4 0)
(182 56 57 1 1)
(182 58 58 1 1)
(182 66 63 1/2 0)
(182 68 64 1/2 0)
(731/4 73 67 1/4 0)
(183 56 57 1 1)
(183 59 59 1 1)
(183 74 67 1/2 0)
(367/2 75 68 1/2 0)
(184 56 57 1 1)
(184 60 59 1 1)
(184 66 63 1 0)
(184 68 64 1/2 0)
(369/2 78 70 1/2 0)
(185 49 53 1 1)
(185 56 57 1 1)
(185 61 60 1 1)
(185 65 62 1/2 0)
(185 77 69 1/2 0)
(743/4 70 65 1/4 0)
(186 44 50 1 1)
(186 70 65 4/3 0)
(187 56 57 1 1)
(187 63 61 1 1)
(187 66 63 1 0)
(562/3 72 66 1/3 0)
(563/3 70 65 1/3 0)
(188 56 57 1 1)
(188 58 58 1 1)
(188 66 63 1/2 0)
(188 68 64 1/2 0)
(755/4 73 67 1/4 0)
(189 56 57 1 1)
(189 59 59 1 1)
(189 74 67 1/2 0)
(379/2 75 68 1/2 0)
(190 56 57 1 1)
(190 60 59 1 1)
(190 66 63 1 0)
(190 68 64 1/2 0)
(381/2 78 70 1/2 0)
(191 49 53 1/2 1)
(191 56 57 1/2 1)
(191 61 60 1/2 1)
(191 65 62 1/2 0)
(191 77 69 1/2 0)
(383/2 47 52 1/2 1)
(192 46 51 1 1)
(192 80 71 3/2 0)
(193 58 58 1 1)
(193 68 64 1 0)
(193 74 67 1 0)
(387/2 79 70 1/2 0)
(194 51 54 1 1)
(194 58 58 1 1)
(194 63 61 1 1)
(194 67 63 1 0)
(194 73 67 1 0)
(194 75 68 1/2 0)
(389/2 77 69 1/2 0)
(195 44 50 1 1)
(195 78 70 1/3 0)
(586/3 80 71 1/3 0)
(587/3 78 70 1/3 0)
(196 56 57 1 1)
(196 66 63 1 0)
(196 72 66 1 0)
(196 77 69 1/2 0)
(393/2 75 68 1/2 0)
(197 49 53 1 1)
(197 56 57 1 1)
(197 61 60 1 1)
(197 65 62 1 0)
(197 71 66 1 0)
(197 77 69 1/2 0)
(395/2 73 67 1/2 0)
(198 42 49 1 1)
(198 76 69 3/2 0)
(199 54 56 1 1)
(199 64 62 1 0)
(199 70 65 1 0)
(399/2 75 68 1/2 0)
(200 47 52 1 1)
(200 54 56 1 1)
(200 59 59 1 1)
(200 63 61 1 0)
(200 70 65 1 0)
(200 71 66 1/2 0)
(401/2 73 67 1/2 0)
(201 40 48 1 1)
(201 74 68 1/3 0)
(604/3 76 69 1/3 0)
(605/3 74 68 1/3 0)
(202 52 55 1 1)
(202 62 61 1 0)
(202 68 64 1 0)
(202 73 67 1/2 0)
(405/2 72 66 1/2 0)
(203 45 51 1 1)
(203 52 55 1 1)
(203 57 58 1 1)
(203 61 60 1 0)
(203 69 65 1 0)
(203 73 67 1 0)
(204 39 47 1 1)
(204 73 67 3/2 0)
(205 51 54 1 1)
(205 61 60 1 0)
(205 67 63 1 0)
(411/2 72 66 1/2 0)
(206 44 50 1 1)
(206 51 54 1 1)
(206 56 57 1 1)
(206 60 59 1 0)
(206 66 63 1 0)
(206 68 64 1/2 0)
(413/2 70 65 1/2 0)
(207 37 46 1 1)
(207 71 66 1/3 0)
(622/3 73 67 1/3 0)
(623/3 71 66 1/3 0)
(208 49 53 1 1)
(208 59 59 1 0)
(208 65 62 1 0)
(208 70 65 1/2 0)
(417/2 68 64 1/2 0)
(209 42 49 1 1)
(209 49 53 1 1)
(209 54 56 1 1)
(209 58 58 1 0)
(209 70 65 1/2 0)
(419/2 66 63 1/2 0)
(210 47 52 1 1)
(210 54 56 1 1)
(210 59 59 1 0)
(210 63 61 1 0)
(211 47 52 1 1)
(211 54 56 1 1)
(211 63 61 1 0)
(211 66 63 1/2 0)
(423/2 68 64 1/2 0)
(212 42 49 1 1)
(212 54 56 1 1)
(212 63 61 1 0)
(212 70 65 1/2 0)
(425/2 71 66 1/2 0)
(213 47 52 1 1)
(213 54 56 1 1)
(213 63 61 1 0)
(640/3 73 67 1/3 0)
(641/3 71 66 1/3 0)
(214 49 53 1 1)
(214 54 56 1 1)
(214 61 60 1 0)
(214 70 65 1/2 0)
(429/2 68 64 1/2 0)
(215 42 49 1 1)
(215 54 56 1 1)
(215 61 60 1 0)
(215 70 65 1/2 0)
(431/2 66 63 1/2 0)
(216 47 52 1 1)
(216 54 56 1 1)
(216 63 61 1 0)
(433/2 65 62 1/2 0)
(217 47 52 1 1)
(217 54 56 1 1)
(217 63 61 1 0)
(217 66 63 1/2 0)
(435/2 68 64 1/2 0)
(218 42 49 1 1)
(218 54 56 1 1)
(218 63 61 1 0)
(218 70 65 1/2 0)
(437/2 71 66 1/2 0)
(219 47 52 1 1)
(219 54 56 1 1)
(219 63 61 1 0)
(658/3 73 67 1/3 0)
(659/3 71 66 1/3 0)
(220 47 52 1 1)
(220 53 55 1 1)
(220 63 61 1 0)
(220 70 65 1/2 0)
(441/2 68 64 1/2 0)
(221 46 51 1 1)
(221 53 55 1 1)
(221 62 60 1 0)
(221 70 65 1 0)
(222 34 44 1 1)
(222 80 71 3/2 0)
(223 58 58 1 1)
(223 68 64 1 0)
(223 74 67 1 0)
(447/2 79 70 1/2 0)
(224 51 54 1 1)
(224 58 58 1 1)
(224 63 61 1 1)
(224 67 63 1 0)
(224 73 67 1 0)
(224 75 68 1/2 0)
(449/2 77 69 1/2 0)
(225 46 51 1 1)
(225 58 58 1 1)
(225 66 63 1 0)
(225 73 67 1 0)
(225 78 70 1/3 0)
(676/3 80 71 1/3 0)
(677/3 78 70 1/3 0)
(226 44 50 1 1)
(226 56 57 1 1)
(226 66 63 1 0)
(226 72 66 1 0)
(226 77 69 1/2 0)
(453/2 75 68 1/2 0)
(227 49 53 1 1)
(227 56 57 1 1)
(227 61 60 1 1)
(227 65 62 1 0)
(227 71 66 1 0)
(227 77 69 1/2 0)
(455/2 73 67 1/2 0)
(228 44 50 1 1)
(228 56 57 1 1)
(228 64 62 1 0)
(228 71 66 1 0)
(228 76 69 3/2 0)
(229 42 49 1 1)
(229 54 56 1 1)
(229 64 62 1 0)
(229 70 65 1 0)
(459/2 75 68 1/2 0)
(230 47 52 1 1)
(230 54 56 1 1)
(230 59 59 1 1)
(230 63 61 1 0)
(230 69 65 1 0)
(230 71 66 1/2 0)
(461/2 73 67 1/2 0)
(231 42 49 1 1)
(231 54 56 1 1)
(231 62 61 1 0)
(231 69 65 1 0)
(231 74 68 1/3 0)
(694/3 76 69 1/3 0)
(695/3 74 68 1/3 0)
(232 40 48 1 1)
(232 52 55 1 1)
(232 62 61 1 0)
(232 68 64 1 0)
(232 73 67 1/2 0)
(465/2 72 66 1/2 0)
(233 45 51 1 1)
(233 52 55 1 1)
(233 57 58 1 1)
(233 61 60 1 0)
(233 69 65 1 0)
(233 73 67 1 0)
(234 40 48 1 1)
(234 52 55 1 1)
(234 61 60 1 0)
(234 68 64 1 0)
(234 73 67 3/2 0)
(235 39 47 1 1)
(235 51 54 1 1)
(235 61 60 1 0)
(235 67 63 1 0)
(471/2 72 66 1/2 0)
(236 44 50 1 1)
(236 51 54 1 1)
(236 56 57 1 1)
(236 60 59 1 0)
(236 66 63 1 0)
(236 68 64 1/2 0)
(473/2 70 65 1/2 0)
(237 39 47 1 1)
(237 51 54 1 1)
(237 66 63 1 0)
(237 71 66 1/3 0)
(712/3 73 67 1/3 0)
(713/3 71 66 1/3 0)
(238 37 46 1 1)
(238 49 53 1 1)
(238 59 59 1 0)
(238 65 62 1 0)
(238 70 65 1/2 0)
(477/2 68 64 1/2 0)
(239 42 49 1 1)
(239 49 53 1 1)
(239 54 56 1 1)
(239 58 58 1 0)
(239 70 65 1/2 0)
(479/2 66 63 1/2 0)
(240 47 52 1 1)
(240 54 56 1 1)
(240 59 59 1 0)
(240 63 61 1 0)
(241 47 52 1 1)
(241 54 56 1 1)
(241 63 61 1 0)
(241 66 63 1/2 0)
(483/2 68 64 1/2 0)
(242 42 49 1 1)
(242 54 56 1 1)
(242 63 61 1 0)
(242 70 65 1/2 0)
(485/2 71 66 1/2 0)
(243 47 52 1 1)
(243 54 56 1 1)
(243 63 61 1 0)
(730/3 73 67 1/3 0)
(731/3 71 66 1/3 0)
(244 49 53 1 1)
(244 54 56 1 1)
(244 61 60 1 0)
(244 70 65 1/2 0)
(489/2 68 64 1/2 0)
(245 42 49 1 1)
(245 54 56 1 1)
(245 61 60 1 0)
(245 70 65 1/2 0)
(491/2 66 63 1/2 0)
(246 47 52 1 1)
(246 54 56 1 1)
(246 63 61 1 0)
(493/2 65 62 1/2 0)
(247 47 52 1 1)
(247 54 56 1 1)
(247 63 61 1 0)
(247 66 63 1/2 0)
(495/2 68 64 1/2 0)
(248 42 49 1 1)
(248 54 56 1 1)
(248 63 61 1 0)
(248 70 65 1/2 0)
(497/2 71 66 1/2 0)
(249 42 49 1 1)
(249 54 56 1 1)
(249 63 61 1 0)
(748/3 73 67 1/3 0)
(749/3 71 66 1/3 0)
(250 47 52 1 1)
(250 54 56 1 1)
(250 63 61 1 0)
(250 70 65 1/2 0)
(501/2 68 64 1/2 0)
(251 42 49 1 1)
(251 54 56 1 1)
(251 61 60 1 0)
(251 70 65 1/2 0)
(503/2 66 63 1/2 0)
(252 47 52 1 1)
(252 54 56 1 1)
(252 63 61 1 0)
(252 70 65 1/2 0)
(505/2 68 64 1/2 0)
(253 42 49 1 1)
(253 54 56 1 1)
(253 61 60 1 0)
(253 70 65 1/2 0)
(507/2 66 63 1/2 0)
(254 47 52 1 1)
(254 54 56 1 1)
(254 63 61 1 0)
(254 70 65 1/2 0)
(509/2 68 64 1/2 0)
(255 42 49 1 1)
(255 54 56 1 1)
(255 61 60 1 0)
(255 70 65 1/2 0)
(511/2 66 63 1/2 0)
(256 47 52 1 1)
(256 54 56 1 1)
(256 63 61 1 0)
(256 70 65 1/2 0)
(513/2 68 64 1/2 0)
(257 42 49 1 1)
(257 54 56 1 1)
(257 61 60 1 0)
(257 70 65 1/2 0)
(515/2 66 63 1/2 0)
(258 47 52 1 1)
(258 54 56 1 1)
(258 63 61 1 0)
(258 69 65 1/2 0)
(517/2 68 64 1/2 0)
(259 42 49 1 1)
(259 54 56 1 1)
(259 61 60 1 0)
(259 69 65 1/2 0)
(519/2 66 63 1/2 0)
(260 47 52 1 1)
(260 54 56 1 1)
(260 63 61 1 0)
(260 69 65 1/2 0)
(521/2 68 64 1/2 0)
(261 42 49 1 1)
(261 54 56 1 1)
(261 61 60 1 0)
(261 69 65 1/2 0)
(523/2 66 63 1/2 0)
(262 47 52 1 1)
(262 54 56 1 1)
(262 63 61 1 0)
(262 69 65 1/2 0)
(525/2 68 64 1/2 0)
(263 42 49 1 1)
(263 54 56 1 1)
(263 61 60 1 0)
(263 69 65 1/2 0)
(527/2 66 63 1/2 0)
(264 35 45 3/2 1)
(264 63 61 6 0)
(264 69 65 6 0)
(531/2 42 49 1/2 1)
(266 47 52 1/2 1)
(533/2 56 57 1/2 1)
(267 54 56 1/3 1)
(802/3 56 57 1/3 1)
(803/3 54 56 1/3 1)
(268 47 52 1 1)
(269 59 59 1 1)
(270 40 48 3/2 1)
(270 62 61 6 0)
(270 69 65 3 0)
(543/2 47 52 1/2 1)
(272 52 55 1/2 1)
(545/2 61 60 1/2 1)
(273 59 59 1/3 1)
(273 68 64 3 0)
(820/3 61 60 1/3 1)
(821/3 59 59 1/3 1)
(274 52 55 1 1)
(275 64 62 1 1)
(276 33 44 3/2 1)
(276 62 61 3 0)
(276 67 64 6 0)
(555/2 40 48 1/2 1)
(278 45 51 1/2 1)
(557/2 54 56 1/2 1)
(279 52 55 1/3 1)
(279 61 60 3 0)
(838/3 54 56 1/3 1)
(839/3 52 55 1/3 1)
(280 45 51 1 1)
(281 57 58 1 1)
(282 38 47 3/2 1)
(282 60 60 6 0)
(282 67 64 3 0)
(567/2 45 51 1/2 1)
(284 50 54 1/2 1)
(569/2 59 59 1/2 1)
(285 57 58 1/3 1)
(285 66 63 9/2 0)
(856/3 59 59 1/3 1)
(857/3 57 58 1/3 1)
(286 50 54 1 1)
(287 62 61 1 1)
(288 49 53 1 1)
(288 61 60 3/2 0)
(579/2 68 64 1/2 0)
(290 69 65 1/2 0)
(581/2 72 66 1/2 0)
(291 74 68 1/3 0)
(874/3 76 69 1/3 0)
(875/3 74 68 1/3 0)
(292 73 67 1 0)
(293 78 70 1 0)
(294 49 53 3/2 1)
(294 73 67 1/3 0)
(883/3 74 68 1/3 0)
(884/3 73 67 1/3 0)
(295 72 66 1 0)
(591/2 56 57 1/2 1)
(296 57 58 1/2 1)
(296 71 66 1 0)
(593/2 60 59 1/2 1)
(297 62 61 1/3 1)
(297 71 66 1/3 0)
(892/3 64 62 1/3 1)
(892/3 73 67 1/3 0)
(893/3 62 61 1/3 1)
(893/3 71 66 1/3 0)
(298 61 60 1 1)
(298 70 65 1 0)
(299 66 63 1 1)
(299 69 65 1 0)
(299 73 67 1 0)
(300 61 60 1/3 1)
(300 69 65 1/3 0)
(901/3 62 61 1/3 1)
(901/3 71 66 1/3 0)
(902/3 61 60 1/3 1)
(902/3 69 65 1/3 0)
(301 60 59 1 1)
(301 68 64 1 0)
(302 59 59 1 1)
(302 61 60 1 0)
(302 73 67 1 0)
(303 59 59 1/3 1)
(303 68 64 1/3 0)
(910/3 61 60 1/3 1)
(910/3 69 65 1/3 0)
(911/3 59 59 1/3 1)
(911/3 68 64 1/3 0)
(304 58 58 1 1)
(304 67 63 1 0)
(305 57 58 1 1)
(305 61 60 1 1)
(305 66 63 1 0)
(305 73 67 1 0)
(306 56 57 1 1)
(306 66 63 1/3 0)
(919/3 68 64 1/3 0)
(920/3 66 63 1/3 0)
(307 44 50 1 1)
(307 65 62 1/2 0)
(615/2 64 62 1/2 0)
(615/2 68 64 1 0)
(308 54 56 1 1)
(308 60 59 1 1)
(308 63 61 1 0)
(617/2 68 64 3/2 0)
(309 37 46 1 1)
(309 61 60 1/2 0)
(619/2 62 61 1/2 0)
(310 49 53 1 1)
(310 53 55 1 1)
(310 59 59 1 1)
(310 61 60 1/2 0)
(621/2 62 61 1/2 0)
(621/2 71 66 1/2 0)
(311 49 53 1 1)
(311 56 57 1 1)
(311 59 59 1 1)
(311 61 60 1/2 0)
(311 69 65 1/2 0)
(623/2 65 62 1/2 0)
(623/2 68 64 1/2 0)
(312 30 42 1 1)
(312 42 49 1 1)
(312 66 63 1 0)
(313 49 53 1 1)
(313 57 58 1 1)
(313 61 60 1 1)
(313 68 64 1/2 0)
(627/2 66 63 1/2 0)
(314 49 53 1 1)
(314 57 58 1 1)
(314 61 60 1 1)
(314 69 65 1/2 0)
(629/2 72 66 1/2 0)
(315 42 49 1 1)
(315 74 68 1/3 0)
(946/3 76 69 1/3 0)
(947/3 74 68 1/3 0)
(316 54 56 1 1)
(316 58 58 1 1)
(316 64 62 1 1)
(316 73 67 1 0)
(317 54 56 1 1)
(317 58 58 1 1)
(317 64 62 1 1)
(317 66 63 1 0)
(317 78 70 1 0)
(318 47 52 1 1)
(318 73 67 1/3 0)
(955/3 74 68 1/3 0)
(956/3 73 67 1/3 0)
(319 54 56 1 1)
(319 64 62 1 1)
(319 72 67 1 0)
(320 54 56 1 1)
(320 62 61 1 1)
(320 71 66 1 0)
(320 78 70 1 0)
(321 42 49 1 1)
(321 71 66 1/3 0)
(964/3 73 67 1/3 0)
(965/3 71 66 1/3 0)
(322 54 56 1 1)
(322 62 61 1 1)
(322 70 65 1 0)
(323 54 56 1 1)
(323 61 60 1 1)
(323 69 65 1 0)
(323 73 67 1 0)
(324 50 54 3 1)
(324 66 63 3/2 0)
(325 54 56 1 1)
(325 61 60 1 1)
(651/2 68 64 1/2 0)
(326 54 56 1 1)
(326 59 59 1 1)
(326 69 65 1/2 0)
(653/2 71 66 1/2 0)
(327 49 53 3 1)
(327 69 65 1/3 0)
(982/3 71 66 1/3 0)
(983/3 69 65 1/3 0)
(328 54 56 1 1)
(328 59 59 2 1)
(328 68 64 1 0)
(329 53 55 1 1)
(329 73 67 1 0)
(330 50 54 3 1)
(330 66 63 3/2 0)
(331 54 56 1 1)
(331 61 60 1 1)
(663/2 68 64 1/2 0)
(332 54 56 1 1)
(332 59 59 1 1)
(332 69 65 1/2 0)
(665/2 71 66 1/2 0)
(333 49 53 3 1)
(333 69 65 1/3 0)
(1000/3 71 66 1/3 0)
(1001/3 69 65 1/3 0)
(334 54 56 1 1)
(334 68 64 1 0)
(335 53 55 1 1)
(335 59 59 1 1)
(335 73 67 1 0)
(336 50 54 3 1)
(336 66 63 3/2 0)
(337 54 56 1 1)
(337 61 60 1 1)
(675/2 68 64 1/2 0)
(338 54 56 1 1)
(338 59 59 1 1)
(338 69 65 1/2 0)
(677/2 71 66 1/2 0)
(339 44 50 1 1)
(339 73 67 1/2 0)
(679/2 76 69 1/2 0)
(340 56 57 1 1)
(340 59 59 1 1)
(340 62 61 1 1)
(340 66 63 1 1)
(340 74 68 3/2 0)
(683/2 66 63 1/2 0)
(342 66 63 1/2 0)
(685/2 65 62 1/2 0)
(343 49 53 1 1)
(343 59 59 1 0)
(343 69 65 3/2 0)
(344 50 53 1 1)
(344 59 59 1 0)
(344 65 62 1 0)
(689/2 68 64 1/2 0)
(345 68 64 1/2 0)
(691/2 66 63 1/2 0)
(346 50 54 1 1)
(346 60 60 1 0)
(346 71 66 3/2 0)
(347 51 54 1 1)
(347 60 60 1 0)
(347 66 63 1 0)
(695/2 69 65 1/2 0)
(348 52 55 1 1)
(348 60 59 1 0)
(348 67 63 1/2 0)
(697/2 68 64 1/2 0)
(349 40 48 1 1)
(349 61 60 1 0)
(349 69 65 1/2 0)
(699/2 68 64 1/2 0)
(350 41 48 1 1)
(350 62 61 1 0)
(350 68 64 1 0)
(350 73 67 1/2 0)
(701/2 71 66 1/2 0)
(351 42 49 2 1)
(351 62 61 1/2 0)
(351 66 63 1/2 0)
(351 71 66 1/2 0)
(703/2 61 60 1/2 0)
(703/2 70 65 1/2 0)
(352 54 56 1 1)
(352 64 62 1 0)
(352 70 65 1 0)
(352 74 68 3/2 0)
(353 43 49 1 1)
(353 55 56 1 1)
(353 64 62 1 0)
(353 69 65 1 0)
(707/2 73 67 1/2 0)
(354 44 50 1 1)
(354 56 57 1 1)
(354 64 62 3/4 0)
(354 68 64 3/4 0)
(354 73 67 3/4 0)
(1419/4 62 61 1/4 0)
(1419/4 68 64 1/4 0)
(1419/4 72 66 1/4 0)
(355 56 57 1 1)
(355 63 61 1 1)
(355 66 63 1 1)
(355 68 64 1 0)
(355 72 66 1 0)
(355 80 71 3/2 0)
(356 56 57 1 1)
(356 63 61 1 1)
(356 66 63 1 1)
(356 68 64 1 0)
(356 72 66 1 0)
(713/2 78 70 1/2 0)
(357 37 46 1 1)
(357 49 53 1 1)
(357 78 70 3/2 0)
(358 56 57 1 1)
(358 61 60 1 1)
(358 65 62 1 0)
(358 68 64 1 1)
(358 71 66 1 0)
(717/2 77 69 1/2 0)
(359 56 57 1 1)
(359 61 60 1 1)
(359 65 62 1 0)
(359 68 64 1 1)
(359 71 66 1/2 0)
(719/2 73 67 1/2 0)
(360 76 69 1/2 0)
(721/2 75 68 1/2 0)
(361 49 53 1 1)
(361 59 59 1 1)
(361 65 62 1 0)
(361 74 68 1/3 0)
(1084/3 76 69 1/3 0)
(1085/3 74 68 1/3 0)
(362 49 53 1 1)
(362 57 58 1/2 1)
(362 65 62 1 0)
(362 73 67 1/2 0)
(725/2 56 57 1/2 1)
(725/2 71 66 1/2 0)
(363 42 49 1/2 1)
(363 69 65 1/2 0)
(363 73 67 1/2 0)
(727/2 49 53 1/2 1)
(727/2 68 64 1/2 0)
(727/2 71 66 1/2 0)
(364 61 60 1 1)
(364 66 63 1 0)
(364 69 65 1 0)
(365 57 58 3/4 1)
(1463/4 54 56 1/4 1)
(366 54 56 1/2 1)
(733/2 53 55 1/2 1)
(367 57 58 3/2 1)
(735/2 61 60 3/2 0)
(368 66 63 1/2 0)
(737/2 56 57 1/2 1)
(737/2 65 62 1/2 0)
(737/2 68 64 1/2 0)
(369 56 57 1/2 1)
(369 61 60 1 0)
(369 65 62 1/2 0)
(369 71 66 1/2 0)
(739/2 54 56 1/2 1)
(739/2 66 63 1/2 0)
(739/2 69 65 1/2 0)
(370 59 59 3/2 1)
(741/2 62 61 3/2 0)
(371 68 64 1/2 0)
(743/2 57 58 1/2 1)
(743/2 66 63 1/2 0)
(743/2 69 65 1/2 0)
(372 55 56 1/2 1)
(372 62 61 1 0)
(372 65 62 1 0)
(372 73 67 1/2 0)
(745/2 56 57 1/2 1)
(745/2 71 66 1/2 0)
(373 57 58 1/2 1)
(747/2 56 57 1/2 1)
(747/2 65 62 3/2 0)
(374 61 60 1/2 1)
(374 69 65 1/2 0)
(749/2 59 59 1/2 1)
(749/2 68 64 1/2 0)
(749/2 71 66 1/2 0)
(375 59 59 1/2 1)
(375 64 62 3 0)
(375 67 64 3 0)
(375 74 68 1/2 0)
(751/2 58 58 1/2 1)
(751/2 73 67 1/2 0)
(376 62 61 3/2 1)
(1507/4 71 66 1/4 0)
(377 71 66 1/2 0)
(755/2 61 60 1/2 1)
(755/2 70 65 1/2 0)
(378 61 60 1/2 1)
(378 63 61 1 0)
(378 66 63 1 0)
(378 69 65 1/2 0)
(757/2 60 59 1/2 1)
(757/2 68 64 1/2 0)
(379 68 64 3/2 1)
(761/2 66 63 1/2 1)
(381 66 63 3/4 1)
(1527/4 65 62 1/4 1)
(1527/4 68 64 1/4 0)
(382 65 62 3/2 1)
(382 68 64 3/2 0)
(382 80 71 3/2 0)
(767/2 63 61 1/2 1)
(767/2 68 64 1/2 0)
(767/2 72 66 1/2 0)
(767/2 78 70 1/2 0)
(384 62 61 3/4 1)
(384 68 64 3/4 0)
(384 72 66 3/4 0)
(384 78 70 3/4 0)
(1539/4 61 60 1/4 1)
(1539/4 68 64 1/4 0)
(1539/4 73 67 1/4 0)
(1539/4 77 69 1/4 0)
(385 61 60 3/2 1)
(385 65 62 3/2 0)
(385 68 64 3/2 0)
(385 77 69 3/2 0)
(773/2 59 59 1/2 1)
(773/2 65 62 1/2 0)
(773/2 68 64 1/2 0)
(773/2 74 68 1/2 0)
(387 57 58 1/2 1)
(387 65 63 1/2 0)
(387 69 65 1/2 0)
(387 74 68 1/2 0)
(775/2 56 57 1/2 1)
(775/2 64 62 1/2 0)
(775/2 71 66 1/2 0)
(775/2 74 68 1/2 0)
(388 57 58 1 1)
(388 64 62 1 0)
(388 69 65 1 0)
(388 73 67 1 0)
(389 51 54 3/2 1)
(389 66 63 3/2 0)
(389 69 65 3/2 0)
(389 73 67 1 0)
(390 71 66 1/2 0)
(781/2 53 55 1/2 1)
(781/2 61 60 1/2 0)
(781/2 68 64 1/2 0)
(781/2 71 66 1/2 0)
(391 54 56 1 1)
(391 61 60 1 0)
(391 69 65 1 0)
(392 47 52 3/2 1)
(392 59 59 1 1)
(392 62 61 3/2 0)
(392 67 64 4 0)
(393 55 57 3 1)
(787/2 48 53 1/2 1)
(787/2 64 62 1/2 0)
(394 52 55 1 1)
(394 60 60 1 0)
(395 50 54 2 1)
(395 59 59 3/2 0)
(396 56 57 1/2 1)
(396 66 63 1 0)
(793/2 57 58 1/2 1)
(793/2 60 59 1/2 0)
(397 49 53 3 1)
(397 61 60 1 0)
(397 66 63 3/2 0)
(397 69 65 1 0)
(398 37 46 1 1)
(398 59 59 1 0)
(398 68 64 1 0)
(797/2 65 62 1/2 0)
(399 42 49 1 1)
(399 58 58 1 0)
(399 66 63 1 0)
(400 73 67 9/2 0)
(803/2 64 62 1/2 0)
(402 63 61 1/2 0)
(805/2 65 62 1/2 0)
(403 47 52 1 1)
(403 54 56 1 1)
(403 66 63 1/2 0)
(807/2 68 64 1/2 0)
(404 42 49 1 1)
(404 54 56 1 1)
(404 63 61 1/2 0)
(404 70 65 1/2 0)
(809/2 71 66 1/2 0)
(405 47 52 1 1)
(405 54 56 1 1)
(405 63 61 1 0)
(1216/3 73 67 1/3 0)
(1217/3 71 66 1/3 0)
(406 49 53 1 1)
(406 54 56 1 1)
(406 61 60 1 0)
(406 70 65 1/2 0)
(813/2 68 64 1/2 0)
(407 42 49 1 1)
(407 54 56 1 1)
(407 61 60 1 0)
(407 70 65 1/2 0)
(815/2 66 63 1/2 0)
(408 47 52 1 1)
(408 54 56 1 1)
(408 63 61 1 0)
(817/2 65 62 1/2 0)
(409 47 52 1 1)
(409 54 56 1 1)
(409 63 61 1 0)
(409 66 63 1/2 0)
(819/2 68 64 1/2 0)
(410 42 49 1 1)
(410 54 56 1 1)
(410 63 61 1 0)
(410 70 65 1/2 0)
(821/2 71 66 1/2 0)
(411 47 52 1 1)
(411 54 56 1 1)
(411 63 61 1 0)
(1234/3 73 67 1/3 0)
(1235/3 71 66 1/3 0)
(412 49 53 1 1)
(412 54 56 1 1)
(412 61 60 1 0)
(412 70 65 1/2 0)
(825/2 68 64 1/2 0)
(413 42 49 1 1)
(413 54 56 1 1)
(413 61 60 1 0)
(413 70 65 1 0)
(414 47 52 1 1)
(414 54 56 1 1)
(414 63 61 1 0)
(829/2 65 62 1/2 0)
(415 47 52 1 1)
(415 54 56 1 1)
(415 63 61 1 0)
(415 66 63 1/2 0)
(831/2 68 64 1/2 0)
(416 42 49 1 1)
(416 54 56 1 1)
(416 63 61 1 0)
(416 70 65 1/2 0)
(833/2 71 66 1/2 0)
(417 47 52 1 1)
(417 54 56 1 1)
(417 63 61 1 0)
(1252/3 73 67 1/3 0)
(1253/3 71 66 1/3 0)
(418 49 53 1 1)
(418 54 56 1 1)
(418 61 60 1 0)
(418 70 65 1/2 0)
(837/2 68 64 1/2 0)
(419 42 49 1 1)
(419 54 56 1 1)
(419 61 60 1 0)
(419 70 65 1/2 0)
(839/2 66 63 1/2 0)
(420 47 52 1 1)
(420 54 56 1 1)
(420 63 61 1 0)
(841/2 65 62 1/2 0)
(421 47 52 1 1)
(421 54 56 1 1)
(421 63 61 1 0)
(421 66 63 1/2 0)
(843/2 68 64 1/2 0)
(422 42 49 1 1)
(422 54 56 1 1)
(422 63 61 1 0)
(422 70 65 1/2 0)
(845/2 71 66 1/2 0)
(423 47 52 1 1)
(423 54 56 1 1)
(423 63 61 1 0)
(1270/3 73 67 1/3 0)
(1271/3 71 66 1/3 0)
(424 47 52 1 1)
(424 54 56 1 1)
(424 63 61 1 0)
(424 70 65 1/2 0)
(849/2 68 64 1/2 0)
(425 42 49 1 1)
(425 54 56 1 1)
(425 61 60 1 0)
(425 70 65 1/2 0)
(851/2 66 63 1/2 0)
(426 47 52 1 1)
(426 54 56 1 1)
(426 63 61 1 0)
(426 70 65 1/2 0)
(853/2 68 64 1/2 0)
(427 42 49 1 1)
(427 54 56 1 1)
(427 61 60 1 0)
(427 70 65 1/2 0)
(855/2 66 63 1/2 0)
(428 47 52 1 1)
(428 54 56 1 1)
(428 63 61 1 0)
(428 70 65 1/2 0)
(857/2 68 64 1/2 0)
(429 42 49 1 1)
(429 54 56 1 1)
(429 61 60 1 0)
(429 70 65 1/2 0)
(859/2 66 63 1/2 0)
(430 47 52 1 1)
(430 54 56 1 1)
(430 63 61 1 0)
(430 70 65 1/2 0)
(861/2 68 64 1/2 0)
(431 42 49 1 1)
(431 54 56 1 1)
(431 61 60 1 0)
(431 70 65 1/2 0)
(863/2 66 63 1/2 0)
(432 47 52 1 1)
(432 54 56 1 1)
(432 63 61 1 0)
(432 70 65 1/2 0)
(865/2 68 64 1/2 0)
(433 42 49 1 1)
(433 54 56 1 1)
(433 61 60 1 0)
(433 70 65 1/2 0)
(867/2 66 63 1/2 0)
(434 47 52 1 1)
(434 54 56 1 1)
(434 63 61 1 0)
(434 70 65 1/2 0)
(869/2 68 64 1/2 0)
(435 42 49 1 1)
(435 54 56 1 1)
(435 61 60 1 0)
(435 70 65 1/2 0)
(871/2 66 63 1/2 0)
(436 47 52 1 1)
(436 54 56 1 1)
(436 63 61 1 0)
(436 70 65 1/2 0)
(873/2 68 64 1/2 0)
(437 42 49 1/2 1)
(437 54 56 1/2 1)
(437 61 60 1/2 0)
(437 70 65 1/2 0)
(438 37 46 1 1)
(1755/4 63 61 1/4 0)
(439 63 61 3/2 0)
(440 37 46 1 1)
(440 49 53 1 1)
(440 53 55 1 1)
(440 59 59 1 1)
(881/2 65 62 1/2 0)
(441 42 49 1 1)
(441 49 53 1 1)
(441 54 56 1 1)
(441 58 58 1 1)
(441 65 62 3/4 0)
(1767/4 66 63 1/4 0)
(442 66 63 3/2 0)
(443 37 46 1 1)
(443 49 53 1 1)
(443 54 56 1 1)
(443 58 58 1 1)
(887/2 65 62 1/2 0)
(444 44 50 1 1)
(444 49 53 1 1)
(444 53 55 1 1)
(444 63 61 1/2 0)
(889/2 61 60 1/2 0)
(445 63 61 3/2 0)
(446 37 46 1 1)
(446 49 53 1 1)
(446 53 55 1 1)
(446 59 59 1 1)
(893/2 65 62 1/2 0)
(447 42 49 1 1)
(447 49 53 1 1)
(447 54 56 1 1)
(447 58 58 1 1)
(447 66 63 1 0)
(448 63 61 11/4 0)
(449 42 49 1 1)
(449 49 53 1 1)
(449 54 56 1 1)
(449 58 58 1 1)
(450 37 46 1 1)
(450 49 53 1 1)
(450 53 55 1 1)
(450 59 59 1 1)
(1803/4 63 61 1/4 0)
(451 63 61 3/2 0)
(452 37 46 1 1)
(452 49 53 1 1)
(452 53 55 1 1)
(452 59 59 1 1)
(905/2 65 62 1/2 0)
(453 38 46 1 1)
(453 50 53 1 1)
(453 53 55 1 1)
(453 58 58 1 1)
(453 68 64 3/4 0)
(1815/4 66 63 1/4 0)
(454 39 47 1 1)
(454 51 54 1 1)
(454 54 56 1 1)
(454 58 58 1 1)
(454 66 63 3/2 0)
(455 34 44 1 1)
(455 46 51 1 1)
(455 54 56 1 1)
(455 61 60 1 1)
(911/2 65 62 1/2 0)
(456 35 45 1 1)
(456 47 52 1 1)
(456 54 56 1 1)
(456 56 57 1 1)
(456 63 61 1/2 0)
(913/2 61 60 1/2 0)
(457 32 43 1 1)
(457 44 50 1 1)
(457 54 56 1 1)
(457 59 59 1 1)
(457 63 61 1 0)
(458 25 39 1 1)
(458 37 46 1 1)
(458 53 55 1 1)
(458 59 59 1 1)
(458 65 62 1 0)
(459 25 39 1 1)
(459 37 46 1 1)
(459 53 55 1 1)
(459 59 59 1 1)
(459 68 64 3/4 0)
(1839/4 66 63 1/4 0)
(460 30 42 1 1)
(460 42 49 1 1)
(460 54 56 1 1)
(460 58 58 1 1)
(460 66 63 1 0)
