(-1 66 63 4/3 0)
(0 37 46 1 1)
(1/3 68 64 1/3 0)
(2/3 66 63 1/3 0)
(1 49 53 1 1)
(1 56 57 1 1)
(1 59 59 1 1)
(1 65 62 1/2 0)
(3/2 66 63 1/2 0)
(2 49 53 1 1)
(2 53 55 1 1)
(2 59 59 1 1)
(2 68 64 3/4 0)
(11/4 62 61 1/4 0)
(3 42 49 1 1)
(3 61 60 1/2 0)
(15/4 66 63 1/4 0)
(4 54 56 1 1)
(4 61 60 1 1)
(4 69 65 1 0)
(5 54 56 1 1)
(5 61 60 1 1)
(5 66 63 2 0)
(5 69 65 4/3 0)
(6 40 48 1 1)
(19/3 71 66 1/3 0)
(20/3 69 65 1/3 0)
(7 52 55 1 1)
(7 59 59 1 1)
(7 64 62 1 0)
(7 68 64 1/2 0)
(15/2 69 65 1/2 0)
(8 52 55 2 1)
(8 62 61 2 0)
(8 71 66 3/4 0)
(35/4 66 63 1/4 0)
(9 45 51 1 1)
(9 64 62 1/2 0)
(39/4 69 65 1/4 0)
(10 57 58 1 1)
(10 61 60 1 0)
(10 73 67 1 0)
(11 57 58 1 1)
(11 64 62 1 1)
(11 73 67 4/3 0)
(12 57 58 1 1)
(12 63 61 2 1)
(12 66 63 2 1)
(37/3 75 68 1/3 0)
(38/3 73 67 1/3 0)
(13 56 57 2 1)
(13 72 66 1/2 0)
(55/4 68 64 1/4 0)
(14 61 60 1 1)
(14 65 62 1 1)
(14 71 66 4/3 0)
(15 55 57 1 1)
(15 61 60 2 1)
(15 64 62 2 1)
(46/3 73 67 1/3 0)
(47/3 71 66 1/3 0)
(16 54 56 2 1)
(16 70 65 1/2 0)
(67/4 66 63 1/4 0)
(17 60 60 1 1)
(17 63 61 1 1)
(17 69 65 4/3 0)
(18 53 56 1 1)
(18 59 59 2 1)
(18 62 61 2 1)
(55/3 71 66 1/3 0)
(56/3 69 65 1/3 0)
(19 52 55 2 1)
(19 68 64 1/2 0)
(79/4 64 62 1/4 0)
(20 58 59 1 1)
(20 61 60 1 1)
(20 67 64 4/3 0)
(21 51 55 1 1)
(21 57 58 2 1)
(21 60 60 2 1)
(64/3 69 65 1/3 0)
(65/3 67 64 1/3 0)
(22 50 54 2 1)
(22 66 63 1/2 0)
(45/2 62 61 1/2 0)
(23 56 57 1 1)
(23 59 59 1 1)
(23 66 63 4/3 0)
(24 37 46 1 1)
(24 49 53 1 1)
(73/3 68 64 1/3 0)
(74/3 66 63 1/3 0)
(25 49 53 1 1)
(25 56 57 1 1)
(25 59 59 1 1)
(25 65 62 1/2 0)
(51/2 66 63 1/2 0)
(26 49 53 1 1)
(26 53 55 1 1)
(26 59 59 1 1)
(26 68 64 3/4 0)
(107/4 62 61 1/4 0)
(27 42 49 1 1)
(27 61 60 1/2 0)
(111/4 66 63 1/4 0)
(28 54 56 1 1)
(28 61 60 1 1)
(28 69 65 1 0)
(29 54 56 1 1)
(29 61 60 1 1)
(29 66 63 2 0)
(29 69 65 4/3 0)
(30 40 48 1 1)
(91/3 71 66 1/3 0)
(92/3 69 65 1/3 0)
(31 52 55 1 1)
(31 59 59 1 1)
(31 64 62 1 0)
(31 68 64 1/2 0)
(63/2 69 65 1/2 0)
(32 52 55 2 1)
(32 62 61 2 0)
(32 71 66 3/4 0)
(131/4 66 63 1/4 0)
(33 45 51 1 1)
(33 64 62 1/2 0)
(135/4 69 65 1/4 0)
(34 57 58 1 1)
(34 61 60 1 0)
(34 73 67 1 0)
(35 57 58 2 1)
(35 64 62 1 0)
(35 73 67 1 0)
(36 50 54 1 1)
(36 65 63 1 0)
(36 76 69 1/2 0)
(73/2 74 68 1/4 0)
(147/4 73 67 1/4 0)
(37 50 54 1 1)
(37 57 58 1 1)
(37 65 63 1 0)
(37 71 66 1 0)
(38 45 51 1 1)
(38 57 58 2 1)
(38 64 62 1 0)
(38 73 67 1 0)
(39 50 54 1 1)
(39 65 63 1 0)
(39 76 69 1/2 0)
(79/2 74 68 1/4 0)
(159/4 73 67 1/4 0)
(40 50 54 1 1)
(40 57 58 1 1)
(40 65 63 1 0)
(40 71 66 1 0)
(41 45 51 1 1)
(41 57 58 2 1)
(41 64 62 1 0)
(41 73 67 1 0)
(42 50 54 2 1)
(42 66 63 2 0)
(42 76 69 1/2 0)
(85/2 74 68 1/4 0)
(171/4 73 67 1/4 0)
(43 56 57 2 1)
(43 71 66 1 0)
(44 49 53 1 1)
(44 61 60 1 1)
(44 65 62 1 0)
(44 73 67 1 0)
(45 54 56 2 1)
(45 62 61 1/3 1)
(45 66 63 2 0)
(45 71 66 1/3 0)
(136/3 61 60 1/3 1)
(136/3 69 65 1/3 0)
(137/3 59 59 1/3 1)
(137/3 68 64 1/3 0)
(46 57 58 1 1)
(46 66 63 1 0)
(47 66 63 4/3 0)
(48 37 46 1 1)
(145/3 68 64 1/3 0)
(146/3 66 63 1/3 0)
(49 49 53 1 1)
(49 56 57 1 1)
(49 59 59 1 1)
(49 65 62 1/2 0)
(99/2 66 63 1/2 0)
(50 49 53 1 1)
(50 53 55 1 1)
(50 59 59 1 1)
(50 68 64 3/4 0)
(203/4 62 61 1/4 0)
(51 42 49 1 1)
(51 61 60 1/2 0)
(207/4 66 63 1/4 0)
(52 54 56 1 1)
(52 61 60 1 1)
(52 69 65 1 0)
(53 54 56 1 1)
(53 61 60 1 1)
(53 66 63 2 0)
(53 69 65 4/3 0)
(54 40 48 1 1)
(163/3 71 66 1/3 0)
(164/3 69 65 1/3 0)
(55 52 55 1 1)
(55 59 59 1 1)
(55 64 62 1 0)
(55 68 64 1/2 0)
(111/2 69 65 1/2 0)
(56 52 55 2 1)
(56 62 61 2 0)
(56 71 66 3/4 0)
(227/4 66 63 1/4 0)
(57 45 51 1 1)
(57 64 62 1/2 0)
(231/4 69 65 1/4 0)
(58 57 58 1 1)
(58 61 60 1 0)
(58 73 67 1 0)
(59 57 58 1 1)
(59 64 62 1 1)
(59 73 67 4/3 0)
(60 57 58 1 1)
(60 63 61 2 1)
(60 66 63 2 1)
(181/3 75 68 1/3 0)
(182/3 73 67 1/3 0)
(61 56 57 2 1)
(61 72 66 1/2 0)
(247/4 68 64 1/4 0)
(62 61 60 1 1)
(62 65 62 1 1)
(62 71 66 4/3 0)
(63 55 57 1 1)
(63 61 60 2 1)
(63 64 62 2 1)
(190/3 73 67 1/3 0)
(191/3 71 66 1/3 0)
(64 54 56 2 1)
(64 70 65 1/2 0)
(259/4 66 63 1/4 0)
(65 60 60 1 1)
(65 63 61 1 1)
(65 69 65 4/3 0)
(66 53 56 1 1)
(66 59 59 2 1)
(66 62 61 2 1)
(199/3 71 66 1/3 0)
(200/3 69 65 1/3 0)
(67 52 55 2 1)
(67 68 64 1/2 0)
(271/4 64 62 1/4 0)
(68 58 59 1 1)
(68 61 60 1 1)
(68 67 64 4/3 0)
(69 51 55 1 1)
(69 57 58 2 1)
(69 60 60 2 1)
(208/3 69 65 1/3 0)
(209/3 67 64 1/3 0)
(70 50 54 2 1)
(70 66 63 1/2 0)
(141/2 62 61 1/2 0)
(71 56 57 1 1)
(71 59 59 1 1)
(71 66 63 4/3 0)
(72 37 46 1 1)
(72 49 53 1 1)
(217/3 68 64 1/3 0)
(218/3 66 63 1/3 0)
(73 49 53 1 1)
(73 56 57 1 1)
(73 59 59 1 1)
(73 65 62 1/2 0)
(147/2 66 63 1/2 0)
(74 49 53 1 1)
(74 53 55 1 1)
(74 59 59 1 1)
(74 68 64 3/4 0)
(299/4 62 61 1/4 0)
(75 42 49 1 1)
(75 61 60 1/2 0)
(303/4 66 63 1/4 0)
(76 54 56 1 1)
(76 61 60 1 1)
(76 69 65 1 0)
(77 54 56 1 1)
(77 61 60 1 1)
(77 66 63 2 0)
(77 69 65 4/3 0)
(78 40 48 1 1)
(235/3 71 66 1/3 0)
(236/3 69 65 1/3 0)
(79 52 55 1 1)
(79 59 59 1 1)
(79 64 62 1 0)
(79 68 64 1/2 0)
(159/2 69 65 1/2 0)
(80 52 55 2 1)
(80 62 61 2 0)
(80 71 66 3/4 0)
(323/4 66 63 1/4 0)
(81 45 51 1 1)
(81 64 62 1/2 0)
(327/4 69 65 1/4 0)
(82 57 58 1 1)
(82 61 60 1 0)
(82 73 67 1 0)
(83 57 58 2 1)
(83 64 62 1 0)
(83 73 67 1 0)
(84 50 54 1 1)
(84 65 63 1 0)
(84 76 69 1/2 0)
(169/2 74 68 1/4 0)
(339/4 73 67 1/4 0)
(85 50 54 1 1)
(85 57 58 1 1)
(85 65 63 1 0)
(85 71 66 1 0)
(86 45 51 1 1)
(86 57 58 2 1)
(86 64 62 1 0)
(86 73 67 1 0)
(87 50 54 1 1)
(87 65 63 1 0)
(87 76 69 1/2 0)
(175/2 74 68 1/4 0)
(351/4 73 67 1/4 0)
(88 50 54 1 1)
(88 57 58 1 1)
(88 65 63 1 0)
(88 71 66 1 0)
(89 45 51 1 1)
(89 57 58 2 1)
(89 64 62 1 0)
(89 73 67 1 0)
(90 50 54 2 1)
(90 66 63 2 0)
(90 76 69 1/2 0)
(181/2 74 68 1/4 0)
(363/4 73 67 1/4 0)
(91 56 57 2 1)
(91 71 66 1 0)
(92 49 53 1 1)
(92 61 60 1 1)
(92 65 62 1 0)
(92 73 67 1 0)
(93 54 56 2 1)
(93 62 61 1/3 1)
(93 66 63 2 0)
(93 71 66 1/3 0)
(280/3 61 60 1/3 1)
(280/3 69 65 1/3 0)
(281/3 59 59 1/3 1)
(281/3 68 64 1/3 0)
(94 57 58 1 1)
(94 66 63 1 0)
(95 73 67 1 0)
(96 37 46 1 1)
(96 49 53 1 1)
(96 73 67 1 0)
(96 85 74 1 0)
(97 56 57 4 1)
(97 73 67 1/2 0)
(195/2 61 60 1/2 1)
(195/2 68 64 1/2 0)
(98 63 61 1/2 1)
(98 72 66 1/2 0)
(197/2 66 63 1/2 1)
(197/2 74 68 1/2 0)
(99 65 62 3/4 1)
(99 73 67 3/4 0)
(399/4 63 61 1/4 1)
(399/4 72 66 1/4 0)
(100 62 61 1 1)
(100 71 66 1 0)
(101 59 59 1 1)
(101 71 66 1 0)
(102 37 46 1 1)
(102 49 53 1 1)
(102 73 67 1 0)
(102 85 74 1 0)
(103 56 57 4 1)
(103 73 67 1/2 0)
(207/2 61 60 1/2 1)
(207/2 68 64 1/2 0)
(104 63 61 1/2 1)
(104 72 66 1/2 0)
(209/2 66 63 1/2 1)
(209/2 74 68 1/2 0)
(105 65 62 1/2 1)
(105 73 67 1/2 0)
(211/2 63 61 1/2 1)
(211/2 72 66 1/2 0)
(106 62 61 1 1)
(106 71 66 2 0)
(106 80 71 3/2 0)
(107 59 59 1 1)
(215/2 78 70 1/2 0)
(108 37 46 1 1)
(108 49 53 1 1)
(108 73 67 1 0)
(108 77 69 1 0)
(108 85 74 1 0)
(109 56 57 4 1)
(109 73 67 1/2 0)
(219/2 61 60 1/2 1)
(219/2 68 64 1/2 0)
(110 63 61 1/2 1)
(110 72 66 1/2 0)
(221/2 66 63 1/2 1)
(221/2 74 68 1/2 0)
(111 65 62 3/4 1)
(111 73 67 3/4 0)
(447/4 63 61 1/4 1)
(447/4 72 66 1/4 0)
(112 62 61 1 1)
(112 71 66 1 0)
(113 59 59 1 1)
(113 71 66 1 0)
(114 37 46 1 1)
(114 49 53 1 1)
(114 73 67 1 0)
(114 85 74 1 0)
(115 56 57 4 1)
(115 73 67 1/2 0)
(231/2 61 60 1/2 1)
(231/2 68 64 1/2 0)
(116 63 61 1/2 1)
(116 72 66 1/2 0)
(233/2 66 63 1/2 1)
(233/2 74 68 1/2 0)
(117 65 62 3/5 1)
(117 73 67 3/5 0)
(588/5 63 61 3/5 1)
(588/5 72 66 3/5 0)
(591/5 62 61 3/5 1)
(591/5 71 66 3/5 0)
(594/5 61 60 3/5 1)
(594/5 69 65 9/10 0)
(597/5 59 59 3/5 1)
(1197/10 68 64 3/10 0)
(120 57 58 1 1)
(120 66 63 1/3 0)
(361/3 68 64 1/3 0)
(362/3 66 63 1/3 0)
(121 56 57 1 1)
(121 65 62 1/2 0)
(243/2 66 63 1/2 0)
(122 49 53 1 1)
(122 53 55 1 1)
(122 59 59 1 1)
(122 68 64 3/4 0)
(491/4 62 61 1/4 0)
(123 42 49 1 1)
(123 61 60 1/2 0)
(495/4 66 63 1/4 0)
(124 54 56 1 1)
(124 61 60 1 1)
(124 69 65 1 0)
(125 54 56 1 1)
(125 61 60 1 1)
(125 66 63 2 0)
(125 69 65 4/3 0)
(126 40 48 1 1)
(379/3 71 66 1/3 0)
(380/3 69 65 1/3 0)
(127 52 55 1 1)
(127 59 59 1 1)
(127 64 62 1 0)
(127 68 64 1/2 0)
(255/2 69 65 1/2 0)
(128 52 55 2 1)
(128 62 61 2 0)
(128 71 66 3/4 0)
(515/4 66 63 1/4 0)
(129 45 51 1 1)
(129 64 62 1/2 0)
(519/4 69 65 1/4 0)
(130 57 58 1 1)
(130 61 60 1 0)
(130 73 67 1 0)
(131 57 58 1 1)
(131 64 62 1 1)
(131 73 67 4/3 0)
(132 57 58 1 1)
(132 63 61 2 1)
(132 66 63 2 1)
(397/3 75 68 1/3 0)
(398/3 73 67 1/3 0)
(133 56 57 2 1)
(133 72 66 1/2 0)
(535/4 68 64 1/4 0)
(134 61 60 1 1)
(134 65 62 1 1)
(134 71 66 4/3 0)
(135 55 57 1 1)
(135 61 60 2 1)
(135 64 62 2 1)
(406/3 73 67 1/3 0)
(407/3 71 66 1/3 0)
(136 54 56 2 1)
(136 70 65 1/2 0)
(547/4 66 63 1/4 0)
(137 60 60 1 1)
(137 63 61 1 1)
(137 69 65 4/3 0)
(138 53 56 1 1)
(138 59 59 2 1)
(138 62 61 2 1)
(415/3 71 66 1/3 0)
(416/3 69 65 1/3 0)
(139 52 55 2 1)
(139 68 64 1/2 0)
(559/4 64 62 1/4 0)
(140 58 59 1 1)
(140 61 60 1 1)
(140 67 64 4/3 0)
(141 51 55 1 1)
(141 57 58 2 1)
(141 60 60 2 1)
(424/3 69 65 1/3 0)
(425/3 67 64 1/3 0)
(142 50 54 2 1)
(142 66 63 1/2 0)
(285/2 62 61 1/2 0)
(143 56 57 1 1)
(143 59 59 1 1)
(143 66 63 4/3 0)
(144 37 46 1 1)
(144 49 53 1 1)
(433/3 68 64 1/3 0)
(434/3 66 63 1/3 0)
(145 49 53 1 1)
(145 56 57 1 1)
(145 59 59 1 1)
(145 65 62 1/2 0)
(291/2 66 63 1/2 0)
(146 49 53 1 1)
(146 53 55 1 1)
(146 59 59 1 1)
(146 68 64 3/4 0)
(587/4 62 61 1/4 0)
(147 42 49 1 1)
(147 61 60 1/2 0)
(591/4 66 63 1/4 0)
(148 54 56 1 1)
(148 61 60 1 1)
(148 69 65 1 0)
(149 54 56 1 1)
(149 61 60 1 1)
(149 66 63 2 0)
(149 69 65 4/3 0)
(150 40 48 1 1)
(451/3 71 66 1/3 0)
(452/3 69 65 1/3 0)
(151 52 55 1 1)
(151 59 59 1 1)
(151 64 62 1 0)
(151 68 64 1/2 0)
(303/2 69 65 1/2 0)
(152 52 55 2 1)
(152 62 61 2 0)
(152 71 66 3/4 0)
(611/4 66 63 1/4 0)
(153 45 51 1 1)
(153 64 62 1/2 0)
(615/4 69 65 1/4 0)
(154 57 58 1 1)
(154 61 60 1 0)
(154 73 67 1 0)
(155 57 58 2 1)
(155 64 62 1 0)
(155 73 67 1 0)
(156 50 54 1 1)
(156 65 63 1 0)
(156 76 69 1/2 0)
(313/2 74 68 1/4 0)
(627/4 73 67 1/4 0)
(157 50 54 1 1)
(157 57 58 1 1)
(157 65 63 1 0)
(157 71 66 1 0)
(158 45 51 1 1)
(158 57 58 2 1)
(158 64 62 1 0)
(158 73 67 1 0)
(159 50 54 1 1)
(159 65 63 1 0)
(159 76 69 1/2 0)
(319/2 74 68 1/4 0)
(639/4 73 67 1/4 0)
(160 50 54 1 1)
(160 57 58 1 1)
(160 65 63 1 0)
(160 71 66 1 0)
(161 45 51 1 1)
(161 57 58 2 1)
(161 64 62 1 0)
(161 73 67 1 0)
(162 50 54 2 1)
(162 66 63 2 0)
(162 76 69 1/2 0)
(325/2 74 68 1/4 0)
(651/4 73 67 1/4 0)
(163 56 57 2 1)
(163 71 66 1 0)
(164 49 53 1 1)
(164 61 60 1 1)
(164 65 62 1 0)
(164 73 67 1 0)
(165 54 56 2 1)
(165 62 61 1/3 1)
(165 66 63 2 0)
(165 71 66 1/3 0)
(496/3 61 60 1/3 1)
(496/3 69 65 1/3 0)
(497/3 59 59 1/3 1)
(497/3 68 64 1/3 0)
(166 57 58 1 1)
(166 66 63 1 0)
(167 73 67 1 0)
(168 37 46 1 1)
(168 49 53 1 1)
(168 73 67 1 0)
(168 85 74 1 0)
(169 56 57 4 1)
(169 73 67 1/2 0)
(339/2 61 60 1/2 1)
(339/2 68 64 1/2 0)
(170 63 61 1/2 1)
(170 72 66 1/2 0)
(341/2 66 63 1/2 1)
(341/2 74 68 1/2 0)
(171 65 62 3/4 1)
(171 73 67 3/4 0)
(687/4 63 61 1/4 1)
(687/4 72 66 1/4 0)
(172 62 61 1 1)
(172 71 66 1 0)
(173 59 59 1 1)
(173 71 66 1 0)
(174 37 46 1 1)
(174 49 53 1 1)
(174 73 67 1 0)
(174 85 74 1 0)
(175 56 57 4 1)
(175 73 67 1/2 0)
(351/2 61 60 1/2 1)
(351/2 68 64 1/2 0)
(176 63 61 1/2 1)
(176 72 66 1/2 0)
(353/2 66 63 1/2 1)
(353/2 74 68 1/2 0)
(177 65 62 1/2 1)
(177 73 67 1/2 0)
(355/2 63 61 1/2 1)
(355/2 72 66 1/2 0)
(178 62 61 1 1)
(178 71 66 2 0)
(178 80 71 3/2 0)
(179 59 59 1 1)
(359/2 78 70 1/2 0)
(180 37 46 1 1)
(180 49 53 1 1)
(180 73 67 1 0)
(180 77 69 1 0)
(180 85 74 1 0)
(181 56 57 4 1)
(181 73 67 1/2 0)
(363/2 61 60 1/2 1)
(363/2 68 64 1/2 0)
(182 63 61 1/2 1)
(182 72 66 1/2 0)
(365/2 66 63 1/2 1)
(365/2 74 68 1/2 0)
(183 65 62 3/4 1)
(183 73 67 3/4 0)
(735/4 63 61 1/4 1)
(735/4 72 66 1/4 0)
(184 62 61 1 1)
(184 71 66 1 0)
(185 59 59 1 1)
(185 71 66 1 0)
(186 37 46 1 1)
(186 49 53 1 1)
(186 73 67 1 0)
(186 85 74 1 0)
(187 56 57 4 1)
(187 73 67 1/2 0)
(375/2 61 60 1/2 1)
(375/2 68 64 1/2 0)
(188 63 61 1/2 1)
(188 72 66 1/2 0)
(377/2 66 63 1/2 1)
(377/2 74 68 1/2 0)
(189 65 62 3/5 1)
(189 73 67 3/5 0)
(948/5 63 61 3/5 1)
(948/5 72 66 3/5 0)
(951/5 62 61 3/5 1)
(951/5 71 66 3/5 0)
(954/5 61 60 3/5 1)
(954/5 69 65 9/10 0)
(957/5 59 59 3/5 1)
(1917/10 68 64 3/10 0)
(192 57 58 1 1)
(192 66 63 1/3 0)
(577/3 68 64 1/3 0)
(578/3 66 63 1/3 0)
(193 56 57 1 1)
(193 65 62 1/2 0)
(387/2 66 63 1/2 0)
(194 49 53 1 1)
(194 53 55 1 1)
(194 59 59 1 1)
(194 68 64 3/4 0)
(779/4 62 61 1/4 0)
(195 42 49 1 1)
(195 61 60 1/2 0)
(783/4 66 63 1/4 0)
(196 54 56 1 1)
(196 61 60 1 1)
(196 69 65 1 0)
(197 54 56 1 1)
(197 61 60 1 1)
(197 66 63 2 0)
(197 69 65 4/3 0)
(198 40 48 1 1)
(595/3 71 66 1/3 0)
(596/3 69 65 1/3 0)
(199 52 55 1 1)
(199 59 59 1 1)
(199 64 62 1 0)
(199 68 64 1/2 0)
(399/2 69 65 1/2 0)
(200 52 55 2 1)
(200 62 61 2 0)
(200 71 66 3/4 0)
(803/4 66 63 1/4 0)
(201 45 51 1 1)
(201 64 62 1/2 0)
(807/4 69 65 1/4 0)
(202 57 58 1 1)
(202 61 60 1 0)
(202 73 67 1 0)
(203 57 58 1 1)
(203 64 62 1 1)
(203 73 67 4/3 0)
(204 57 58 1 1)
(204 63 61 2 1)
(204 66 63 2 1)
(613/3 75 68 1/3 0)
(614/3 73 67 1/3 0)
(205 56 57 2 1)
(205 72 66 1/2 0)
(823/4 68 64 1/4 0)
(206 61 60 1 1)
(206 65 62 1 1)
(206 71 66 4/3 0)
(207 55 57 1 1)
(207 61 60 2 1)
(207 64 62 2 1)
(622/3 73 67 1/3 0)
(623/3 71 66 1/3 0)
(208 54 56 2 1)
(208 70 65 1/2 0)
(835/4 66 63 1/4 0)
(209 60 60 1 1)
(209 63 61 1 1)
(209 69 65 4/3 0)
(210 53 56 1 1)
(210 59 59 2 1)
(210 62 61 2 1)
(631/3 71 66 1/3 0)
(632/3 69 65 1/3 0)
(211 52 55 2 1)
(211 68 64 1/2 0)
(847/4 64 62 1/4 0)
(212 58 59 1 1)
(212 61 60 1 1)
(212 67 64 4/3 0)
(213 51 55 1 1)
(213 57 58 2 1)
(213 60 60 2 1)
(640/3 69 65 1/3 0)
(641/3 67 64 1/3 0)
(214 50 54 2 1)
(214 66 63 1/2 0)
(429/2 62 61 1/2 0)
(215 56 57 1 1)
(215 59 59 1 1)
(215 66 63 4/3 0)
(216 37 46 1 1)
(216 49 53 1 1)
(649/3 68 64 1/3 0)
(650/3 66 63 1/3 0)
(217 49 53 1 1)
(217 56 57 1 1)
(217 59 59 1 1)
(217 65 62 1/2 0)
(435/2 66 63 1/2 0)
(218 49 53 1 1)
(218 53 55 1 1)
(218 59 59 1 1)
(218 68 64 3/4 0)
(875/4 62 61 1/4 0)
(219 42 49 1 1)
(219 61 60 1/2 0)
(879/4 66 63 1/4 0)
(220 54 56 1 1)
(220 61 60 1 1)
(220 69 65 1 0)
(221 54 56 1 1)
(221 61 60 1 1)
(221 66 63 2 0)
(221 69 65 4/3 0)
(222 40 48 1 1)
(667/3 71 66 1/3 0)
(668/3 69 65 1/3 0)
(223 52 55 1 1)
(223 59 59 1 1)
(223 64 62 1 0)
(223 68 64 1/2 0)
(447/2 69 65 1/2 0)
(224 52 55 2 1)
(224 62 61 2 0)
(224 71 66 3/4 0)
(899/4 66 63 1/4 0)
(225 45 51 1 1)
(225 64 62 1/2 0)
(903/4 69 65 1/4 0)
(226 57 58 1 1)
(226 61 60 1 0)
(226 73 67 1 0)
(227 57 58 2 1)
(227 64 62 1 0)
(227 73 67 1 0)
(228 50 54 1 1)
(228 65 63 1 0)
(228 76 69 1/2 0)
(457/2 74 68 1/4 0)
(915/4 73 67 1/4 0)
(229 50 54 1 1)
(229 57 58 1 1)
(229 65 63 1 0)
(229 71 66 1 0)
(230 45 51 1 1)
(230 57 58 2 1)
(230 64 62 1 0)
(230 73 67 1 0)
(231 50 54 1 1)
(231 65 63 1 0)
(231 76 69 1/2 0)
(463/2 74 68 1/4 0)
(927/4 73 67 1/4 0)
(232 50 54 1 1)
(232 57 58 1 1)
(232 65 63 1 0)
(232 71 66 1 0)
(233 45 51 1 1)
(233 57 58 2 1)
(233 64 62 1 0)
(233 73 67 1 0)
(234 50 54 2 1)
(234 66 63 2 0)
(234 76 69 1/2 0)
(469/2 74 68 1/4 0)
(939/4 73 67 1/4 0)
(235 56 57 2 1)
(235 71 66 1 0)
(236 49 53 1 1)
(236 61 60 1 1)
(236 65 62 1 0)
(236 73 67 1 0)
(237 54 56 2 1)
(237 62 61 1/3 1)
(237 66 63 2 0)
(237 71 66 1/3 0)
(712/3 61 60 1/3 1)
(712/3 69 65 1/3 0)
(713/3 59 59 1/3 1)
(713/3 68 64 1/3 0)
(238 57 58 1 1)
(238 66 63 1 0)
(239 78 70 1 0)
(239 85 74 1 0)
(240 42 49 1/2 1)
(240 78 70 1/2 0)
(240 86 75 1/2 0)
(481/2 54 56 1/2 1)
(481/2 78 70 1/2 0)
(481/2 85 74 1/2 0)
(241 62 61 2 1)
(241 66 63 4 1)
(241 78 70 1 0)
(241 83 73 1 0)
(242 71 66 1 1)
(242 78 70 1 0)
(242 86 75 1 0)
(243 61 60 1/2 1)
(243 69 65 1/2 1)
(243 78 70 1/2 0)
(243 85 74 1/2 0)
(487/2 59 59 1/2 1)
(487/2 68 64 1/2 1)
(487/2 78 70 1/2 0)
(487/2 86 75 1/2 0)
(244 61 60 1 1)
(244 69 65 1 1)
(244 78 70 1 0)
(244 85 74 1 0)
(245 54 56 1 1)
(245 78 70 1 0)
(245 90 77 1 0)
(246 42 49 1/2 1)
(246 78 70 1/2 0)
(246 86 75 1/2 0)
(493/2 54 56 1/2 1)
(493/2 78 70 1/2 0)
(493/2 85 74 1/2 0)
(247 62 61 2 1)
(247 66 63 4 1)
(247 78 70 1 0)
(247 83 73 1 0)
(248 71 66 1 1)
(248 78 70 1 0)
(248 86 75 1 0)
(249 61 60 1/2 1)
(249 69 65 1/2 1)
(249 97 81 1/2 0)
(499/2 59 59 1/2 1)
(499/2 68 64 1/2 1)
(250 61 60 1 1)
(250 69 65 1 1)
(250 73 67 2 0)
(251 49 53 1 1)
(252 37 46 1/2 1)
(252 73 67 1/2 0)
(252 80 71 1/2 0)
(505/2 49 53 1/2 1)
(505/2 73 67 1/2 0)
(505/2 83 73 1/2 0)
(253 59 59 2 1)
(253 61 60 4 1)
(253 73 67 1 0)
(253 81 72 1 0)
(254 68 64 1 1)
(254 73 67 1 0)
(254 80 71 1 0)
(255 57 58 1/2 1)
(255 66 63 1/2 1)
(255 73 67 1/2 0)
(255 78 70 1/2 0)
(511/2 56 57 1/2 1)
(511/2 65 62 1/2 1)
(511/2 73 67 1/2 0)
(511/2 80 71 1/2 0)
(256 57 58 1 1)
(256 66 63 1 1)
(256 73 67 1 0)
(256 78 70 1 0)
(257 49 53 1 1)
(257 73 67 1 0)
(257 85 74 1 0)
(258 37 46 1/2 1)
(258 73 67 1/2 0)
(258 80 71 1/2 0)
(517/2 49 53 1/2 1)
(517/2 73 67 1/2 0)
(517/2 83 73 1/2 0)
(259 59 59 2 1)
(259 61 60 4 1)
(259 73 67 1 0)
(259 81 72 1 0)
(260 68 64 1 1)
(260 73 67 1 0)
(260 80 71 1 0)
(261 57 58 1/2 1)
(261 66 63 1/2 1)
(261 90 77 1/2 0)
(523/2 56 57 1/2 1)
(523/2 65 62 1/2 1)
(262 42 49 1 0)
(262 57 58 1 1)
(262 66 63 1 1)
(263 42 49 1 1)
(264 30 42 1/2 1)
(264 78 70 1/2 0)
(264 86 75 1/2 0)
(529/2 54 56 1/2 1)
(529/2 78 70 1/2 0)
(529/2 85 74 1/2 0)
(265 62 61 2 1)
(265 66 63 4 1)
(265 78 70 1 0)
(265 83 73 1 0)
(266 71 66 1 1)
(266 78 70 1 0)
(266 86 75 1 0)
(267 61 60 1/2 1)
(267 69 65 1/2 1)
(267 78 70 1/2 0)
(267 85 74 1/2 0)
(535/2 59 59 1/2 1)
(535/2 68 64 1/2 1)
(535/2 78 70 1/2 0)
(535/2 86 75 1/2 0)
(268 61 60 1 1)
(268 69 65 1 1)
(268 78 70 1 0)
(268 85 74 1 0)
(269 54 56 1 1)
(269 78 70 1 0)
(269 90 77 1 0)
(270 42 49 1/2 1)
(270 78 70 1/2 0)
(270 86 75 1/2 0)
(541/2 54 56 1/2 1)
(541/2 78 70 1/2 0)
(541/2 85 74 1/2 0)
(271 62 61 2 1)
(271 66 63 4 1)
(271 78 70 1 0)
(271 83 73 1 0)
(272 71 66 1 1)
(272 78 70 1 0)
(272 86 75 1 0)
(273 61 60 1/2 1)
(273 69 65 1/2 1)
(273 85 74 1/2 0)
(547/2 59 59 1/2 1)
(547/2 68 64 1/2 1)
(274 61 60 1 1)
(274 69 65 1 1)
(274 73 67 2 0)
(275 49 53 1 1)
(276 37 46 1/2 1)
(276 73 67 1/2 0)
(276 80 71 1/2 0)
(553/2 49 53 1/2 1)
(553/2 73 67 1/2 0)
(553/2 83 73 1/2 0)
(277 59 59 2 1)
(277 61 60 4 1)
(277 73 67 1 0)
(277 81 72 1 0)
(278 68 64 1 1)
(278 73 67 1 0)
(278 80 71 1 0)
(279 57 58 1/2 1)
(279 66 63 1/2 1)
(279 73 67 1/2 0)
(279 78 70 1/2 0)
(559/2 56 57 1/2 1)
(559/2 65 62 1/2 1)
(559/2 73 67 1/2 0)
(559/2 80 71 1/2 0)
(280 57 58 1 1)
(280 66 63 1 1)
(280 73 67 1 0)
(280 78 70 1 0)
(281 49 53 1 1)
(281 73 67 1 0)
(281 85 74 1 0)
(282 37 46 1/2 1)
(282 73 67 1/2 0)
(282 80 71 1/2 0)
(565/2 49 53 1/2 1)
(565/2 73 67 1/2 0)
(565/2 83 73 1/2 0)
(283 61 60 2 1)
(283 73 67 1 0)
(283 81 72 1 0)
(284 68 64 1 1)
(284 73 67 1 0)
(284 80 71 1 0)
(285 56 57 1 1)
(285 63 61 1 1)
(285 66 63 1 1)
(285 71 66 1/2 0)
(285 80 71 1/2 0)
(571/2 71 66 1/2 0)
(571/2 80 71 1/2 0)
(286 61 60 1 1)
(286 65 62 1 1)
(286 71 66 1 0)
(286 80 71 1 0)
(287 68 64 1 0)
(287 73 67 1 0)
(288 37 46 1 1)
(288 66 63 1/3 0)
(865/3 68 64 1/3 0)
(866/3 66 63 1/3 0)
(289 49 53 1 1)
(289 56 57 1 1)
(289 59 59 1 1)
(289 65 62 1/2 0)
(579/2 66 63 1/2 0)
(290 49 53 1 1)
(290 53 55 1 1)
(290 59 59 1 1)
(290 68 64 3/4 0)
(1163/4 62 61 1/4 0)
(291 42 49 1 1)
(291 61 60 1/2 0)
(1167/4 66 63 1/4 0)
(292 54 56 1 1)
(292 61 60 1 1)
(292 69 65 1 0)
(293 54 56 1 1)
(293 61 60 1 1)
(293 66 63 2 0)
(293 69 65 4/3 0)
(294 40 48 1 1)
(883/3 71 66 1/3 0)
(884/3 69 65 1/3 0)
(295 52 55 1 1)
(295 59 59 1 1)
(295 64 62 1 0)
(295 68 64 1/2 0)
(591/2 69 65 1/2 0)
(296 52 55 2 1)
(296 62 61 2 0)
(296 71 66 3/4 0)
(1187/4 66 63 1/4 0)
(297 45 51 1 1)
(297 64 62 1/2 0)
(1191/4 69 65 1/4 0)
(298 57 58 1 1)
(298 61 60 1 0)
(298 73 67 1 0)
(299 57 58 1 1)
(299 64 62 1 1)
(299 73 67 4/3 0)
(300 57 58 1 1)
(300 63 61 2 1)
(300 66 63 2 1)
(901/3 75 68 1/3 0)
(902/3 73 67 1/3 0)
(301 56 57 2 1)
(301 72 66 1/2 0)
(1207/4 68 64 1/4 0)
(302 61 60 1 1)
(302 65 62 1 1)
(302 71 66 4/3 0)
(303 55 57 1 1)
(303 61 60 2 1)
(303 64 62 2 1)
(910/3 73 67 1/3 0)
(911/3 71 66 1/3 0)
(304 54 56 2 1)
(304 70 65 1/2 0)
(1219/4 66 63 1/4 0)
(305 60 60 1 1)
(305 63 61 1 1)
(305 69 65 4/3 0)
(306 53 56 1 1)
(306 59 59 2 1)
(306 62 61 2 1)
(919/3 71 66 1/3 0)
(920/3 69 65 1/3 0)
(307 52 55 2 1)
(307 68 64 1/2 0)
(1231/4 64 62 1/4 0)
(308 58 59 1 1)
(308 61 60 1 1)
(308 67 64 4/3 0)
(309 51 55 1 1)
(309 57 58 2 1)
(309 60 60 2 1)
(928/3 69 65 1/3 0)
(929/3 67 64 1/3 0)
(310 50 54 2 1)
(310 66 63 1/2 0)
(621/2 62 61 1/2 0)
(311 56 57 1 1)
(311 59 59 1 1)
(311 66 63 4/3 0)
(312 37 46 1 1)
(312 49 53 1 1)
(937/3 68 64 1/3 0)
(938/3 66 63 1/3 0)
(313 49 53 1 1)
(313 56 57 1 1)
(313 59 59 1 1)
(313 65 62 1/2 0)
(627/2 66 63 1/2 0)
(314 49 53 1 1)
(314 53 55 1 1)
(314 59 59 1 1)
(314 68 64 3/4 0)
(1259/4 62 61 1/4 0)
(315 42 49 1 1)
(315 61 60 1/2 0)
(1263/4 66 63 1/4 0)
(316 54 56 1 1)
(316 61 60 1 1)
(316 69 65 1 0)
(317 54 56 1 1)
(317 61 60 1 1)
(317 66 63 2 0)
(317 69 65 4/3 0)
(318 40 48 1 1)
(955/3 71 66 1/3 0)
(956/3 69 65 1/3 0)
(319 52 55 1 1)
(319 59 59 1 1)
(319 64 62 1 0)
(319 68 64 1/2 0)
(639/2 69 65 1/2 0)
(320 52 55 2 1)
(320 62 61 2 0)
(320 71 66 3/4 0)
(1283/4 66 63 1/4 0)
(321 45 51 1 1)
(321 64 62 1/2 0)
(1287/4 69 65 1/4 0)
(322 57 58 1 1)
(322 61 60 1 0)
(322 73 67 1 0)
(323 57 58 2 1)
(323 64 62 1 0)
(323 73 67 1 0)
(324 50 54 1 1)
(324 65 63 1 0)
(324 76 69 1/2 0)
(649/2 74 68 1/4 0)
(1299/4 73 67 1/4 0)
(325 50 54 1 1)
(325 57 58 1 1)
(325 65 63 1 0)
(325 71 66 1 0)
(326 45 51 1 1)
(326 57 58 2 1)
(326 64 62 1 0)
(326 73 67 1 0)
(327 50 54 1 1)
(327 65 63 1 0)
(327 76 69 1/2 0)
(655/2 74 68 1/4 0)
(1311/4 73 67 1/4 0)
(328 50 54 1 1)
(328 57 58 1 1)
(328 65 63 1 0)
(328 71 66 1 0)
(329 45 51 1 1)
(329 57 58 2 1)
(329 64 62 1 0)
(329 73 67 1 0)
(330 50 54 2 1)
(330 66 63 2 0)
(330 76 69 1/2 0)
(661/2 74 68 1/4 0)
(1323/4 73 67 1/4 0)
(331 56 57 2 1)
(331 71 66 1 0)
(332 49 53 1 1)
(332 61 60 1 1)
(332 65 62 1 0)
(332 73 67 1 0)
(333 54 56 3 1)
(333 62 61 1/3 1)
(333 66 63 3 0)
(333 71 66 1/3 0)
(1000/3 61 60 1/3 1)
(1000/3 69 65 1/3 0)
(1001/3 59 59 1/3 1)
(1001/3 68 64 1/3 0)
(334 57 58 2 1)
(334 66 63 2 0)
