(0 52 55 1 1)
(0 59 59 1 1)
(1 52 55 1 1)
(1 59 59 1 1)
(2 52 55 1 1)
(2 59 59 1 1)
(3 52 55 1 1)
(3 59 59 1 1)
(4 52 55 1 1)
(4 59 59 1 1)
(5 52 55 1 1)
(5 59 59 1 1)
(6 52 55 1 1)
(6 59 59 1 1)
(7 52 55 1 1)
(7 59 59 1 1)
(8 52 55 1 1)
(8 59 59 1 1)
(9 52 55 1 1)
(9 59 59 1 1)
(10 52 55 1 1)
(10 59 59 1 1)
(11 52 55 1 1)
(11 59 59 1 1)
(12 49 53 1/2 0)
(12 52 55 1 1)
(12 59 59 1 1)
(25/2 47 52 1/2 0)
(13 45 51 1 0)
(13 52 55 1 1)
(13 59 59 1 1)
(14 44 50 1 0)
(14 52 55 1 1)
(14 59 59 1 1)
(15 40 48 3 0)
(15 52 55 1 1)
(15 59 59 1 1)
(16 52 55 1 1)
(16 59 59 1 1)
(17 52 55 1 1)
(17 59 59 1 1)
(18 49 53 1/2 0)
(18 52 55 1 1)
(18 59 59 1 1)
(75/4 47 52 1/4 0)
(19 45 51 1 0)
(19 52 55 1 1)
(19 59 59 1 1)
(20 44 50 1 0)
(20 52 55 1 1)
(20 59 59 1 1)
(21 40 48 2 0)
(21 52 55 1 1)
(21 59 59 1 1)
(22 52 55 1 1)
(22 59 59 1 1)
(23 52 55 1 0)
(23 59 59 1 0)
(24 40 48 1 1)
(24 56 57 1/2 0)
(24 59 59 1/2 0)
(99/4 59 59 1/4 0)
(99/4 64 62 1/4 0)
(25 52 55 1 1)
(25 59 59 1 1)
(25 64 62 1 0)
(25 68 64 1 0)
(26 52 55 1 1)
(26 59 59 1 1)
(26 68 64 1 0)
(26 71 66 1 0)
(27 52 55 1 1)
(27 59 59 1 1)
(27 71 66 1/2 0)
(27 76 69 1/2 0)
(111/4 64 62 1/4 0)
(111/4 68 64 1/4 0)
(28 52 55 1 1)
(28 59 59 1 1)
(28 68 64 1 0)
(28 71 66 1 0)
(29 52 55 1 1)
(29 56 57 1 1)
(29 59 59 1 1)
(29 64 62 1 1)
(29 71 66 1 0)
(29 76 69 1 0)
(30 52 55 1 1)
(30 57 58 1 1)
(30 59 59 1 1)
(30 63 61 1 1)
(30 75 68 1 0)
(30 78 70 1/3 0)
(91/3 80 71 1/3 0)
(92/3 78 70 1/3 0)
(31 52 55 1 1)
(31 57 58 1 1)
(31 59 59 1 1)
(31 63 61 1 1)
(31 74 67 1/2 0)
(31 77 69 1/2 0)
(63/2 75 68 1/2 0)
(63/2 78 70 1/2 0)
(32 52 55 1 1)
(32 57 58 1 1)
(32 59 59 1 1)
(32 63 61 1 1)
(32 76 69 1/2 0)
(32 80 71 1/2 0)
(65/2 78 70 1/2 0)
(65/2 81 72 1/2 0)
(33 52 55 1 1)
(33 56 57 1 1)
(33 59 59 1 1)
(33 64 62 1 1)
(33 81 72 1/2 0)
(33 85 74 1/2 0)
(135/4 80 71 1/4 0)
(135/4 83 73 1/4 0)
(34 52 55 1 1)
(34 56 57 1 1)
(34 59 59 1 1)
(34 64 62 1 1)
(34 76 69 2 0)
(34 80 71 2 0)
(35 52 55 1 1)
(35 56 57 1 1)
(35 59 59 1 1)
(35 64 62 1 1)
(36 52 55 1 1)
(36 57 58 1 1)
(36 59 59 1 1)
(36 63 61 1 1)
(36 75 68 1 0)
(36 78 70 1/3 0)
(109/3 80 71 1/3 0)
(110/3 78 70 1/3 0)
(37 52 55 1 1)
(37 57 58 1 1)
(37 59 59 1 1)
(37 63 61 1 1)
(37 74 67 1/2 0)
(37 77 69 1/2 0)
(75/2 75 68 1/2 0)
(75/2 78 70 1/2 0)
(38 52 55 1 1)
(38 57 58 1 1)
(38 59 59 1 1)
(38 63 61 1 1)
(38 76 69 1/2 0)
(38 80 71 1/2 0)
(77/2 78 70 1/2 0)
(77/2 81 72 1/2 0)
(39 52 55 1 1)
(39 56 57 1 1)
(39 59 59 1 1)
(39 64 62 1 1)
(39 81 72 1/2 0)
(39 85 74 1/2 0)
(159/4 80 71 1/4 0)
(159/4 83 73 1/4 0)
(40 52 55 1 1)
(40 56 57 1 1)
(40 59 59 1 1)
(40 64 62 1 1)
(40 76 69 2 0)
(40 80 71 2 0)
(41 52 55 1 1)
(41 56 57 1 1)
(41 59 59 1 1)
(41 64 62 1 1)
(42 42 49 1 1)
(42 75 68 1/2 0)
(42 78 70 1/2 0)
(171/4 73 67 1/4 0)
(171/4 76 69 1/4 0)
(43 54 56 1 1)
(43 58 58 1 1)
(43 64 62 1 1)
(43 66 63 2 0)
(43 73 67 2 0)
(44 54 56 1 1)
(44 58 58 1 1)
(44 64 62 1 1)
(45 35 45 1 1)
(45 71 66 1/2 0)
(45 75 68 1/2 0)
(183/4 66 63 1/4 0)
(183/4 71 66 9/4 0)
(46 47 52 1 1)
(46 54 56 1 1)
(46 59 59 2 0)
(47 47 52 1 1)
(47 54 56 1 1)
(48 44 50 1/2 0)
(48 47 52 1 1)
(48 54 56 1 1)
(97/2 42 49 1/2 0)
(49 40 48 1 0)
(49 47 52 1 1)
(49 54 56 1 1)
(50 39 47 1 0)
(50 47 52 1 1)
(50 54 56 1 1)
(51 35 45 3 0)
(51 47 52 1 1)
(51 54 56 1 1)
(52 47 52 1 1)
(52 54 56 1 1)
(53 47 52 1 1)
(53 54 56 1 1)
(54 44 50 1/2 0)
(54 47 52 1 1)
(54 54 56 1 1)
(219/4 42 49 1/4 0)
(55 40 48 1 0)
(55 47 52 1 1)
(55 54 56 1 1)
(56 39 47 1 0)
(56 47 52 1 1)
(56 54 56 1 1)
(57 35 45 2 0)
(57 47 52 1 1)
(57 54 56 1 1)
(58 47 52 1 1)
(58 54 56 1 1)
(59 47 52 1 1)
(59 54 56 1 1)
(60 40 48 1 1)
(60 56 57 1/2 0)
(60 59 59 1/2 0)
(243/4 59 59 1/4 0)
(243/4 64 62 1/4 0)
(61 52 55 1 1)
(61 59 59 1 1)
(61 64 62 1 0)
(61 68 64 1 0)
(62 52 55 1 1)
(62 59 59 1 1)
(62 68 64 1 0)
(62 71 66 1 0)
(63 52 55 1 1)
(63 59 59 1 1)
(63 71 66 1/2 0)
(63 76 69 1/2 0)
(255/4 64 62 1/4 0)
(255/4 68 64 1/4 0)
(64 52 55 1 1)
(64 59 59 1 1)
(64 68 64 1 0)
(64 71 66 1 0)
(65 52 55 1 1)
(65 56 57 1 1)
(65 59 59 1 1)
(65 64 62 1 1)
(65 71 66 1 0)
(65 76 69 1 0)
(66 52 55 1 1)
(66 57 58 1 1)
(66 59 59 1 1)
(66 63 61 1 1)
(66 75 68 1 0)
(66 78 70 1/3 0)
(199/3 80 71 1/3 0)
(200/3 78 70 1/3 0)
(67 52 55 1 1)
(67 57 58 1 1)
(67 59 59 1 1)
(67 63 61 1 1)
(67 74 67 1/2 0)
(67 77 69 1/2 0)
(135/2 75 68 1/2 0)
(135/2 78 70 1/2 0)
(68 52 55 1 1)
(68 57 58 1 1)
(68 59 59 1 1)
(68 63 61 1 1)
(68 76 69 1/2 0)
(68 80 71 1/2 0)
(137/2 78 70 1/2 0)
(137/2 81 72 1/2 0)
(69 52 55 1 1)
(69 56 57 1 1)
(69 59 59 1 1)
(69 64 62 1 1)
(69 81 72 1/2 0)
(69 85 74 1/2 0)
(279/4 80 71 1/4 0)
(279/4 83 73 1/4 0)
(70 52 55 1 1)
(70 56 57 1 1)
(70 59 59 1 1)
(70 64 62 1 1)
(70 76 69 2 0)
(70 80 71 2 0)
(71 52 55 1 1)
(71 56 57 1 1)
(71 59 59 1 1)
(71 64 62 1 1)
(72 52 55 1 1)
(72 57 58 1 1)
(72 59 59 1 1)
(72 63 61 1 1)
(72 75 68 1 0)
(72 78 70 1/3 0)
(217/3 80 71 1/3 0)
(218/3 78 70 1/3 0)
(73 52 55 1 1)
(73 57 58 1 1)
(73 59 59 1 1)
(73 63 61 1 1)
(73 74 67 1/2 0)
(73 77 69 1/2 0)
(147/2 75 68 1/2 0)
(147/2 78 70 1/2 0)
(74 52 55 1 1)
(74 57 58 1 1)
(74 59 59 1 1)
(74 63 61 1 1)
(74 76 69 1/2 0)
(74 80 71 1/2 0)
(149/2 78 70 1/2 0)
(149/2 81 72 1/2 0)
(75 52 55 1 1)
(75 56 57 1 1)
(75 59 59 1 1)
(75 64 62 1 1)
(75 81 72 1/2 0)
(75 85 74 1/2 0)
(303/4 80 71 1/4 0)
(303/4 83 73 1/4 0)
(76 52 55 1 1)
(76 56 57 1 1)
(76 59 59 1 1)
(76 64 62 1 1)
(76 76 69 2 0)
(76 80 71 2 0)
(77 52 55 1 1)
(77 56 57 1 1)
(77 59 59 1 1)
(77 64 62 1 1)
(78 42 49 1 1)
(78 75 68 1/2 0)
(78 78 70 1/2 0)
(315/4 73 67 1/4 0)
(315/4 76 69 1/4 0)
(79 54 56 1 1)
(79 58 58 1 1)
(79 64 62 1 1)
(79 66 63 2 0)
(79 73 67 2 0)
(80 54 56 1 1)
(80 58 58 1 1)
(80 64 62 1 1)
(81 35 45 1 1)
(81 71 66 1/2 0)
(81 75 68 1/2 0)
(327/4 66 63 1/4 0)
(327/4 71 66 9/4 0)
(82 47 52 1 1)
(82 54 56 1 1)
(82 59 59 2 0)
(83 47 52 1 1)
(83 54 56 1 1)
(84 44 50 1/2 0)
(84 47 52 1 1)
(84 54 56 1 1)
(169/2 42 49 1/2 0)
(85 40 48 1 0)
(85 47 52 1 1)
(85 54 56 1 1)
(86 39 47 1 0)
(86 47 52 1 1)
(86 54 56 1 1)
(87 35 45 3 0)
(87 47 52 1 1)
(87 54 56 1 1)
(88 47 52 1 1)
(88 54 56 1 1)
(89 47 52 1 1)
(89 54 56 1 1)
(90 44 50 1/2 0)
(90 47 52 1 1)
(90 54 56 1 1)
(363/4 42 49 1/4 0)
(91 40 48 1 0)
(91 47 52 1 1)
(91 54 56 1 1)
(92 39 47 1 0)
(92 47 52 1 1)
(92 54 56 1 1)
(93 35 45 2 0)
(93 47 52 1 1)
(93 54 56 1 1)
(94 47 52 1 1)
(94 54 56 1 1)
(95 47 52 1 1)
(95 54 56 1 1)
(96 35 45 1 1)
(96 47 52 1 1)
(96 66 63 3/4 0)
(96 71 66 3/4 0)
(96 75 68 3/4 0)
(96 78 70 3/4 0)
(387/4 71 66 1/4 0)
(387/4 75 68 1/4 0)
(387/4 78 70 1/4 0)
(97 59 59 1 1)
(97 66 63 1 1)
(97 71 66 1 0)
(97 74 68 1 0)
(97 78 70 1 0)
(99 42 49 1 1)
(99 54 56 1 1)
(99 69 65 1/2 0)
(99 73 67 1/2 0)
(99 81 72 1/2 0)
(399/4 73 67 1/4 0)
(399/4 81 72 1/4 0)
(100 54 56 1 1)
(100 61 60 1 1)
(100 66 63 1 1)
(100 73 67 1 0)
(100 81 72 1 0)
(101 71 66 1/2 0)
(101 80 71 1/2 0)
(203/2 69 65 1/2 0)
(203/2 78 70 1/2 0)
(102 37 46 1 1)
(102 49 53 1 1)
(102 68 64 3/4 0)
(102 76 69 3/4 0)
(411/4 66 63 1/4 0)
(411/4 75 68 1/4 0)
(103 49 53 1 1)
(103 56 57 1 1)
(103 61 60 1 1)
(103 64 62 1 0)
(103 73 67 1 0)
(104 49 53 1 1)
(104 56 57 1 1)
(104 61 60 1 1)
(104 68 64 1 0)
(104 76 69 1 0)
(105 49 53 1 1)
(105 56 57 1 1)
(105 61 60 1 1)
(105 68 64 3/4 0)
(105 76 69 3/4 0)
(423/4 66 63 1/4 0)
(423/4 75 68 1/4 0)
(106 49 53 1 1)
(106 56 57 1 1)
(106 61 60 1 1)
(106 64 62 1 0)
(106 73 67 1 0)
(107 49 53 1 1)
(107 56 57 1 1)
(107 61 60 1 1)
(107 68 64 1 0)
(107 76 69 1 0)
(108 42 49 1 1)
(108 54 56 1 1)
(108 66 63 3/4 0)
(108 69 65 3/4 0)
(108 73 67 3/4 0)
(108 78 70 3/4 0)
(435/4 69 65 1/4 0)
(435/4 73 67 1/4 0)
(435/4 78 70 1/4 0)
(109 54 56 1 1)
(109 61 60 1 1)
(109 66 63 1 1)
(109 69 65 1 0)
(109 73 67 1 0)
(109 78 70 1 0)
(111 35 45 1 1)
(111 47 52 1 1)
(111 73 67 1/2 0)
(111 81 72 1/2 0)
(447/4 73 67 1/4 0)
(447/4 81 72 1/4 0)
(112 54 56 1 1)
(112 59 59 1 1)
(112 63 61 1 1)
(112 73 67 1 0)
(112 81 72 1 0)
(113 47 52 1 1)
(113 71 66 1/2 0)
(113 75 68 1 0)
(113 80 71 1/2 0)
(227/2 69 65 1/2 0)
(227/2 78 70 1/2 0)
(114 40 48 1 1)
(114 52 55 1 1)
(114 68 64 1/2 0)
(114 76 69 1/2 0)
(459/4 69 65 1/4 0)
(459/4 73 67 1/4 0)
(115 52 55 1 1)
(115 59 59 1 1)
(115 68 64 1 0)
(115 71 66 1 0)
(116 52 55 1 1)
(116 59 59 1 1)
(116 64 62 1 0)
(116 76 69 1 0)
(117 52 55 1 1)
(117 59 59 1 1)
(117 64 62 1/2 0)
(117 76 69 1/2 0)
(471/4 69 65 1/4 0)
(471/4 73 67 1/4 0)
(118 52 55 1 1)
(118 59 59 1 1)
(118 68 64 1 0)
(118 71 66 1 0)
(119 52 55 1 1)
(119 59 59 1 1)
(119 64 62 1 0)
(119 76 69 1 0)
(120 35 45 1 1)
(120 47 52 1 1)
(120 66 63 3/4 0)
(120 71 66 3/4 0)
(120 75 68 3/4 0)
(120 78 70 3/4 0)
(483/4 71 66 1/4 0)
(483/4 75 68 1/4 0)
(483/4 78 70 1/4 0)
(121 59 59 1 1)
(121 66 63 1 1)
(121 71 66 1 0)
(121 74 68 1 0)
(121 78 70 1 0)
(123 42 49 1 1)
(123 54 56 1 1)
(123 69 65 1/2 0)
(123 73 67 1/2 0)
(123 81 72 1/2 0)
(495/4 73 67 1/4 0)
(495/4 81 72 1/4 0)
(124 54 56 1 1)
(124 61 60 1 1)
(124 66 63 1 1)
(124 73 67 1 0)
(124 81 72 1 0)
(125 71 66 1/2 0)
(125 80 71 1/2 0)
(251/2 69 65 1/2 0)
(251/2 78 70 1/2 0)
(126 37 46 1 1)
(126 49 53 1 1)
(126 68 64 3/4 0)
(126 76 69 3/4 0)
(507/4 66 63 1/4 0)
(507/4 75 68 1/4 0)
(127 49 53 1 1)
(127 56 57 1 1)
(127 61 60 1 1)
(127 64 62 1 0)
(127 73 67 1 0)
(128 49 53 1 1)
(128 56 57 1 1)
(128 61 60 1 1)
(128 68 64 1 0)
(128 76 69 1 0)
(129 49 53 1 1)
(129 56 57 1 1)
(129 61 60 1 1)
(129 68 64 3/4 0)
(129 76 69 3/4 0)
(519/4 66 63 1/4 0)
(519/4 75 68 1/4 0)
(130 49 53 1 1)
(130 56 57 1 1)
(130 61 60 1 1)
(130 64 62 1 0)
(130 73 67 1 0)
(131 49 53 1 1)
(131 56 57 1 1)
(131 61 60 1 1)
(131 68 64 1 0)
(131 76 69 1 0)
(132 42 49 1 1)
(132 54 56 1 1)
(132 66 63 3/4 0)
(132 69 65 3/4 0)
(132 73 67 3/4 0)
(132 78 70 3/4 0)
(531/4 69 65 1/4 0)
(531/4 73 67 1/4 0)
(531/4 78 70 1/4 0)
(133 54 56 1 1)
(133 61 60 1 1)
(133 66 63 1 1)
(133 69 65 1 0)
(133 73 67 1 0)
(133 78 70 1 0)
(135 35 45 1 1)
(135 47 52 1 1)
(135 73 67 1/2 0)
(135 81 72 1/2 0)
(543/4 73 67 1/4 0)
(543/4 81 72 1/4 0)
(136 54 56 1 1)
(136 59 59 1 1)
(136 63 61 1 1)
(136 73 67 1 0)
(136 81 72 1 0)
(137 47 52 1 1)
(137 71 66 1/2 0)
(137 75 68 1 0)
(137 80 71 1/2 0)
(275/2 69 65 1/2 0)
(275/2 78 70 1/2 0)
(138 40 48 1 1)
(138 52 55 1 1)
(138 68 64 1/2 0)
(138 76 69 1/2 0)
(555/4 69 65 1/4 0)
(555/4 73 67 1/4 0)
(139 52 55 1 1)
(139 59 59 1 1)
(139 68 64 1 0)
(139 71 66 1 0)
(140 52 55 1 1)
(140 59 59 1 1)
(140 64 62 1 0)
(140 76 69 1 0)
(141 52 55 1 1)
(141 59 59 1 1)
(141 64 62 1/2 0)
(141 76 69 1/2 0)
(567/4 69 65 1/4 0)
(567/4 73 67 1/4 0)
(142 52 55 1 1)
(142 59 59 1 1)
(142 68 64 1 0)
(142 71 66 1 0)
(143 52 55 1 1)
(143 59 59 1 1)
(143 64 62 1 0)
(143 76 69 1 0)
(144 52 55 1 1)
(144 57 58 1 1)
(144 59 59 1 1)
(144 63 61 1 1)
(144 83 73 1/2 0)
(579/4 82 72 1/4 0)
(145 52 55 1 1)
(145 57 58 1 1)
(145 59 59 1 1)
(145 63 61 1 1)
(145 81 72 1/2 0)
(291/2 71 66 1/2 0)
(146 52 55 1 1)
(146 57 58 1 1)
(146 59 59 1 1)
(146 63 61 1 1)
(146 80 71 1/2 0)
(293/2 78 70 1/2 0)
(147 52 55 1 1)
(147 56 57 1 1)
(147 59 59 1 1)
(147 64 62 1 1)
(147 76 69 1/2 0)
(295/2 71 66 1/2 0)
(148 52 55 1 1)
(148 56 57 1 1)
(148 59 59 1 1)
(148 64 62 1 1)
(148 80 71 1/2 0)
(297/2 82 72 1/2 0)
(149 52 55 1 1)
(149 56 57 1 1)
(149 59 59 1 1)
(149 64 62 1 1)
(149 83 73 3/2 0)
(150 52 55 1 1)
(150 57 58 1 1)
(150 59 59 1 1)
(150 63 61 1 1)
(150 71 66 1/2 0)
(301/2 82 72 1/2 0)
(151 52 55 1 1)
(151 57 58 1 1)
(151 59 59 1 1)
(151 63 61 1 1)
(151 81 72 1/2 0)
(303/2 71 66 1/2 0)
(152 52 55 1 1)
(152 57 58 1 1)
(152 59 59 1 1)
(152 63 61 1 1)
(152 80 71 1/2 0)
(305/2 78 70 1/2 0)
(153 52 55 1 1)
(153 56 57 1 1)
(153 59 59 1 1)
(153 64 62 1 1)
(153 76 69 1/2 0)
(307/2 71 66 1/2 0)
(154 52 55 1 1)
(154 56 57 1 1)
(154 59 59 1 1)
(154 64 62 1 1)
(154 75 68 1/2 0)
(309/2 73 67 1/2 0)
(155 52 55 1 1)
(155 56 57 1 1)
(155 59 59 1 1)
(155 64 62 1 1)
(155 71 66 1 0)
(156 52 55 1 1)
(156 57 58 1 1)
(156 59 59 1 1)
(156 63 61 1 1)
(156 83 73 1/2 0)
(627/4 82 72 1/4 0)
(157 52 55 1 1)
(157 57 58 1 1)
(157 59 59 1 1)
(157 63 61 1 1)
(157 81 72 1/2 0)
(315/2 71 66 1/2 0)
(158 52 55 1 1)
(158 57 58 1 1)
(158 59 59 1 1)
(158 63 61 1 1)
(158 80 71 1/2 0)
(317/2 78 70 1/2 0)
(159 52 55 1 1)
(159 56 57 1 1)
(159 59 59 1 1)
(159 64 62 1 1)
(159 76 69 1/2 0)
(319/2 71 66 1/2 0)
(160 68 64 1/2 1)
(160 80 71 1/2 0)
(321/2 70 65 1/2 1)
(321/2 82 72 1/2 0)
(161 71 66 3/2 1)
(161 83 73 3/2 0)
(325/2 70 65 1/2 1)
(325/2 82 72 1/2 0)
(163 66 63 1/2 1)
(163 78 70 1/2 0)
(327/2 69 65 1/2 1)
(327/2 81 72 1/2 0)
(164 68 64 1/2 1)
(164 80 71 1/2 0)
(329/2 64 62 1/2 1)
(329/2 76 69 1/2 0)
(165 66 63 1/2 1)
(165 78 70 1/2 0)
(331/2 63 61 1/2 1)
(331/2 75 68 1/2 0)
(166 64 62 1/2 1)
(166 76 69 1/2 0)
(333/2 61 60 1/2 1)
(333/2 73 67 1/2 0)
(167 64 62 1/2 1)
(167 76 69 1/2 0)
(335/2 60 60 1/2 1)
(335/2 72 67 1/2 0)
(168 59 59 1/2 1)
(168 71 66 3/4 0)
(675/4 68 64 1/4 0)
(169 52 55 1 1)
(169 59 59 1 1)
(169 62 61 1 1)
(169 64 62 1 0)
(170 52 55 1 1)
(170 59 59 1 1)
(170 62 61 1 1)
(170 66 63 1/2 0)
(341/2 68 64 1/2 0)
(171 57 58 1 1)
(171 61 60 1 1)
(171 69 65 1/2 0)
(343/2 73 67 1/2 0)
(172 56 57 1 1)
(172 59 59 1 1)
(172 64 62 1 1)
(172 76 69 3/2 0)
(173 55 57 1 1)
(173 59 59 1 1)
(173 64 62 1 1)
(347/2 77 69 1/2 0)
(174 54 56 1 1)
(174 61 60 1 1)
(174 64 62 1 1)
(174 78 70 1/2 0)
(349/2 70 65 1/2 0)
(175 59 59 1 1)
(175 62 61 1 1)
(175 71 66 1 0)
(176 53 56 1 1)
(176 59 59 1 1)
(176 62 61 1 1)
(176 73 67 1/2 0)
(353/2 74 68 1/2 0)
(177 52 55 1 1)
(177 59 59 1 1)
(177 62 61 1 1)
(177 76 69 1/2 0)
(355/2 68 64 1/2 0)
(178 57 58 1 1)
(178 61 60 1 1)
(178 69 65 1 0)
(179 45 51 1 1)
(179 57 58 1 1)
(179 71 66 1/2 0)
(359/2 73 67 1/2 0)
(180 40 48 1 1)
(180 52 55 1 1)
(180 71 66 3/4 0)
(723/4 68 64 1/4 0)
(181 52 55 1 1)
(181 59 59 1 1)
(181 62 61 1 1)
(181 64 62 1 0)
(182 52 55 1 1)
(182 59 59 1 1)
(182 62 61 1 1)
(182 66 63 1/2 0)
(365/2 68 64 1/2 0)
(183 57 58 1 1)
(183 61 60 1 1)
(183 69 65 1/2 0)
(367/2 73 67 1/2 0)
(184 56 57 1 1)
(184 59 59 1 1)
(184 64 62 1 1)
(184 76 69 3/2 0)
(185 55 57 1 1)
(185 59 59 1 1)
(185 64 62 1 1)
(371/2 77 69 1/2 0)
(186 54 56 1 1)
(186 61 60 1 1)
(186 64 62 1 1)
(186 78 70 1/2 0)
(373/2 70 65 1/2 0)
(187 59 59 1 1)
(187 62 61 1 1)
(187 71 66 1 0)
(188 52 55 1 1)
(188 59 59 1 1)
(188 62 61 1 1)
(188 73 67 1/2 0)
(377/2 68 64 1/2 0)
(189 57 58 1 1)
(189 61 60 1 1)
(189 69 65 1 0)
(190 45 51 1 1)
(190 57 58 1 1)
(190 81 72 1 0)
(191 33 44 1 1)
(191 45 51 1 1)
(383/2 70 65 1/2 0)
(192 40 48 1 1)
(192 52 55 1 1)
(192 71 66 3/4 0)
(771/4 68 64 1/4 0)
(193 52 55 1 1)
(193 59 59 1 1)
(193 62 61 1 1)
(193 64 62 1 0)
(194 52 55 1 1)
(194 59 59 1 1)
(194 62 61 1 1)
(194 66 63 1/2 0)
(389/2 68 64 1/2 0)
(195 57 58 1 1)
(195 61 60 1 1)
(195 69 65 1/2 0)
(391/2 73 67 1/2 0)
(196 56 57 1 1)
(196 59 59 1 1)
(196 64 62 1 1)
(196 76 69 3/2 0)
(197 55 57 1 1)
(197 59 59 1 1)
(197 64 62 1 1)
(395/2 77 69 1/2 0)
(198 54 56 1 1)
(198 61 60 1 1)
(198 64 62 1 1)
(198 78 70 1/2 0)
(397/2 70 65 1/2 0)
(199 54 56 1 1)
(199 57 58 1 1)
(199 63 61 1 1)
(199 71 66 1 0)
(200 53 56 1 1)
(200 57 58 1 1)
(200 62 61 1 1)
(200 73 67 1/2 0)
(401/2 74 68 1/2 0)
(201 52 55 1 1)
(201 59 59 1 1)
(201 62 61 1 1)
(201 76 69 1/2 0)
(403/2 68 64 1/2 0)
(202 52 55 1 1)
(202 55 57 1 1)
(202 61 60 1 1)
(202 69 65 1 0)
(203 51 55 1 1)
(203 55 57 1 1)
(203 61 60 1 1)
(203 71 66 1/2 0)
(407/2 73 67 1/2 0)
(204 50 54 1 1)
(204 54 56 1 1)
(204 62 61 1 1)
(204 71 66 1/2 0)
(819/4 68 64 1/4 0)
(205 50 54 1 1)
(205 56 57 1 1)
(205 59 59 1 1)
(205 64 62 1 0)
(206 50 54 1 1)
(206 52 55 1 1)
(206 59 59 1 1)
(206 66 63 1/2 0)
(413/2 68 64 1/2 0)
(207 49 53 1 1)
(207 52 55 1 1)
(207 61 60 1 1)
(207 69 65 1/2 0)
(415/2 73 67 1/2 0)
(208 49 53 1 1)
(208 52 55 1 1)
(208 57 58 1 1)
(208 76 69 3/2 0)
(209 48 53 1 1)
(209 52 55 1 1)
(209 57 58 1 1)
(419/2 77 69 1/2 0)
(210 47 52 1 1)
(210 51 54 1 1)
(210 57 58 1 1)
(210 78 70 1/2 0)
(421/2 70 65 1/2 0)
(211 40 48 1 1)
(211 71 66 1 0)
(212 52 55 1 1)
(212 59 59 1 1)
(212 62 61 1 1)
(212 73 67 1/2 0)
(425/2 68 64 1/2 0)
(213 57 58 1 1)
(213 61 60 1 1)
(213 69 65 1 0)
(214 57 58 1 1)
(214 64 62 1 1)
(214 81 72 1 0)
(215 57 58 1 1)
(215 64 62 1 1)
(216 54 56 1/2 0)
(216 57 58 1 1)
(216 64 62 1 1)
(433/2 52 55 1/2 0)
(217 50 54 1 0)
(217 57 58 1 1)
(217 64 62 1 1)
(218 49 53 1 0)
(218 57 58 1 1)
(218 64 62 1 1)
(219 45 51 3 0)
(219 57 58 1 1)
(219 64 62 1 1)
(220 57 58 1 1)
(220 64 62 1 1)
(221 57 58 1 1)
(221 64 62 1 1)
(222 54 56 1/2 0)
(222 57 58 1 1)
(222 64 62 1 1)
(891/4 52 55 1/4 0)
(223 50 54 1 0)
(223 57 58 1 1)
(223 64 62 1 1)
(224 49 53 1 0)
(224 57 58 1 1)
(224 64 62 1 1)
(225 45 51 2 0)
(225 57 58 1 1)
(225 64 62 1 1)
(226 57 58 1 1)
(226 64 62 1 1)
(227 57 58 1 0)
(227 64 62 1 0)
(228 40 48 1 1)
(228 56 57 1/2 0)
(228 59 59 1/2 0)
(915/4 59 59 1/4 0)
(915/4 64 62 1/4 0)
(229 52 55 1 1)
(229 59 59 1 1)
(229 64 62 1 0)
(229 68 64 1 0)
(230 52 55 1 1)
(230 59 59 1 1)
(230 68 64 1 0)
(230 71 66 1 0)
(231 52 55 1 1)
(231 59 59 1 1)
(231 71 66 1/2 0)
(231 76 69 1/2 0)
(927/4 64 62 1/4 0)
(927/4 68 64 1/4 0)
(232 52 55 1 1)
(232 59 59 1 1)
(232 68 64 1 0)
(232 71 66 1 0)
(233 52 55 1 1)
(233 56 57 1 1)
(233 59 59 1 1)
(233 64 62 1 1)
(233 71 66 1 0)
(233 76 69 1 0)
(234 52 55 1 1)
(234 57 58 1 1)
(234 59 59 1 1)
(234 63 61 1 1)
(234 75 68 1 0)
(234 78 70 1/3 0)
(703/3 80 71 1/3 0)
(704/3 78 70 1/3 0)
(235 52 55 1 1)
(235 57 58 1 1)
(235 59 59 1 1)
(235 63 61 1 1)
(235 74 67 1/2 0)
(235 77 69 1/2 0)
(471/2 75 68 1/2 0)
(471/2 78 70 1/2 0)
(236 52 55 1 1)
(236 57 58 1 1)
(236 59 59 1 1)
(236 63 61 1 1)
(236 76 69 1/2 0)
(236 80 71 1/2 0)
(473/2 78 70 1/2 0)
(473/2 81 72 1/2 0)
(237 52 55 1 1)
(237 56 57 1 1)
(237 59 59 1 1)
(237 64 62 1 1)
(237 81 72 1/2 0)
(237 85 74 1/2 0)
(951/4 80 71 1/4 0)
(951/4 83 73 1/4 0)
(238 52 55 1 1)
(238 56 57 1 1)
(238 59 59 1 1)
(238 64 62 1 1)
(238 76 69 2 0)
(238 80 71 2 0)
(239 52 55 1 1)
(239 56 57 1 1)
(239 59 59 1 1)
(239 64 62 1 1)
(240 52 55 1 1)
(240 57 58 1 1)
(240 59 59 1 1)
(240 63 61 1 1)
(240 75 68 1 0)
(240 78 70 1/3 0)
(721/3 80 71 1/3 0)
(722/3 78 70 1/3 0)
(241 52 55 1 1)
(241 57 58 1 1)
(241 59 59 1 1)
(241 63 61 1 1)
(241 74 67 1/2 0)
(241 77 69 1/2 0)
(483/2 75 68 1/2 0)
(483/2 78 70 1/2 0)
(242 52 55 1 1)
(242 57 58 1 1)
(242 59 59 1 1)
(242 63 61 1 1)
(242 76 69 1/2 0)
(242 80 71 1/2 0)
(485/2 78 70 1/2 0)
(485/2 81 72 1/2 0)
(243 52 55 1 1)
(243 56 57 1 1)
(243 59 59 1 1)
(243 64 62 1 1)
(243 81 72 1/2 0)
(243 85 74 1/2 0)
(975/4 80 71 1/4 0)
(975/4 83 73 1/4 0)
(244 52 55 1 1)
(244 56 57 1 1)
(244 59 59 1 1)
(244 64 62 1 1)
(244 76 69 2 0)
(244 80 71 2 0)
(245 52 55 1 1)
(245 56 57 1 1)
(245 59 59 1 1)
(245 64 62 1 1)
(246 42 49 1 1)
(246 75 68 1/2 0)
(246 78 70 1/2 0)
(987/4 73 67 1/4 0)
(987/4 76 69 1/4 0)
(247 54 56 1 1)
(247 58 58 1 1)
(247 64 62 1 1)
(247 66 63 2 0)
(247 73 67 2 0)
(248 54 56 1 1)
(248 58 58 1 1)
(248 64 62 1 1)
(249 35 45 1 1)
(249 71 66 1/2 0)
(249 75 68 1/2 0)
(999/4 66 63 1/4 0)
(999/4 71 66 9/4 0)
(250 47 52 1 1)
(250 54 56 1 1)
(250 59 59 2 0)
(251 47 52 1 1)
(251 54 56 1 1)
(252 44 50 1/2 0)
(252 47 52 1 1)
(252 54 56 1 1)
(505/2 42 49 1/2 0)
(253 40 48 1 0)
(253 47 52 1 1)
(253 54 56 1 1)
(254 39 47 1 0)
(254 47 52 1 1)
(254 54 56 1 1)
(255 35 45 3 0)
(255 47 52 1 1)
(255 54 56 1 1)
(256 47 52 1 1)
(256 54 56 1 1)
(257 47 52 1 1)
(257 54 56 1 1)
(258 44 50 1/2 0)
(258 47 52 1 1)
(258 54 56 1 1)
(1035/4 42 49 1/4 0)
(259 40 48 1 0)
(259 47 52 1 1)
(259 54 56 1 1)
(260 39 47 1 0)
(260 47 52 1 1)
(260 54 56 1 1)
(261 35 45 2 0)
(261 47 52 1 1)
(261 54 56 1 1)
(262 47 52 1 1)
(262 54 56 1 1)
(263 47 52 1 1)
(263 54 56 1 1)
(264 40 48 1 1)
(264 56 57 1/2 0)
(264 59 59 1/2 0)
(1059/4 59 59 1/4 0)
(1059/4 64 62 1/4 0)
(265 52 55 1 1)
(265 59 59 1 1)
(265 64 62 1 0)
(265 68 64 1 0)
(266 52 55 1 1)
(266 59 59 1 1)
(266 68 64 1 0)
(266 71 66 1 0)
(267 52 55 1 1)
(267 59 59 1 1)
(267 71 66 1/2 0)
(267 76 69 1/2 0)
(1071/4 64 62 1/4 0)
(1071/4 68 64 1/4 0)
(268 52 55 1 1)
(268 59 59 1 1)
(268 68 64 1 0)
(268 71 66 1 0)
(269 52 55 1 1)
(269 59 59 1 1)
(269 71 66 1 0)
(269 76 69 1 0)
(270 52 55 1 1)
(270 57 58 1 1)
(270 59 59 1 1)
(270 63 61 1 1)
(270 75 68 1 0)
(270 78 70 1/3 0)
(811/3 80 71 1/3 0)
(812/3 78 70 1/3 0)
(271 52 55 1 1)
(271 57 58 1 1)
(271 59 59 1 1)
(271 63 61 1 1)
(271 74 67 1/2 0)
(271 77 69 1/2 0)
(543/2 75 68 1/2 0)
(543/2 78 70 1/2 0)
(272 52 55 1 1)
(272 57 58 1 1)
(272 59 59 1 1)
(272 63 61 1 1)
(272 76 69 1/2 0)
(272 80 71 1/2 0)
(545/2 78 70 1/2 0)
(545/2 81 72 1/2 0)
(273 52 55 1 1)
(273 56 57 1 1)
(273 59 59 1 1)
(273 64 62 1 1)
(273 81 72 1/2 0)
(273 85 74 1/2 0)
(1095/4 80 71 1/4 0)
(1095/4 83 73 1/4 0)
(274 52 55 1 1)
(274 56 57 1 1)
(274 59 59 1 1)
(274 64 62 1 1)
(274 76 69 2 0)
(274 80 71 2 0)
(275 52 55 1 1)
(275 56 57 1 1)
(275 59 59 1 1)
(275 64 62 1 1)
(276 52 55 1 1)
(276 57 58 1 1)
(276 59 59 1 1)
(276 63 61 1 1)
(276 75 68 1 0)
(276 78 70 1/3 0)
(829/3 80 71 1/3 0)
(830/3 78 70 1/3 0)
(277 52 55 1 1)
(277 57 58 1 1)
(277 59 59 1 1)
(277 63 61 1 1)
(277 74 67 1/2 0)
(277 77 69 1/2 0)
(555/2 75 68 1/2 0)
(555/2 78 70 1/2 0)
(278 52 55 1 1)
(278 57 58 1 1)
(278 59 59 1 1)
(278 63 61 1 1)
(278 76 69 1/2 0)
(278 80 71 1/2 0)
(557/2 78 70 1/2 0)
(557/2 81 72 1/2 0)
(279 52 55 1 1)
(279 56 57 1 1)
(279 59 59 1 1)
(279 64 62 1 1)
(279 81 72 1/2 0)
(279 85 74 1/2 0)
(1119/4 80 71 1/4 0)
(1119/4 83 73 1/4 0)
(280 52 55 1 1)
(280 56 57 1 1)
(280 59 59 1 1)
(280 64 62 1 1)
(280 76 69 2 0)
(280 80 71 2 0)
(281 52 55 1 1)
(281 56 57 1 1)
(281 59 59 1 1)
(281 64 62 1 1)
(282 57 58 1 1)
(282 64 62 1 1)
(282 73 67 1/2 0)
(282 78 70 1/2 0)
(565/2 72 67 1/2 0)
(565/2 78 70 1/2 0)
(283 59 59 1 1)
(283 63 61 1 1)
(283 71 66 1 0)
(283 78 70 1 0)
(284 59 59 1 1)
(284 63 61 1 1)
(284 69 65 1 0)
(284 80 71 1 0)
(285 52 55 1 1)
(285 59 59 1 1)
(285 64 62 1 1)
(285 68 64 2 0)
(285 76 69 2 0)
(286 52 55 1 1)
(286 59 59 1 1)
(286 64 62 1 1)
(287 56 57 1 1)
(287 64 62 1 1)
(287 76 69 1 0)
(287 88 76 1 0)
(288 57 58 1 1)
(288 64 62 1 1)
(288 73 67 1/2 0)
(288 78 70 1/2 0)
(577/2 73 67 1/2 0)
(577/2 78 70 1/2 0)
(289 57 58 1 1)
(289 64 62 1 1)
(289 72 67 1 0)
(289 78 70 1 0)
(290 59 59 1 1)
(290 63 61 1 1)
(290 71 66 1/2 0)
(290 80 71 1 0)
(581/2 69 65 1/2 0)
(291 52 55 1 1)
(291 59 59 1 1)
(291 64 62 1 1)
(291 68 64 1 0)
(291 76 69 1 0)
(292 40 48 1 1)
(292 52 55 1 1)
(292 76 69 1 0)
(292 88 76 1 0)
