(-1 70 66 3/2 0)
(0 39 48 1 1)
(0 66 64 1 0)
(1/2 75 69 1/2 0)
(1 51 55 11 1)
(1 58 59 1 1)
(1 67 64 2 0)
(1 73 68 1 0)
(2 59 60 1/2 1)
(2 71 67 1/2 0)
(5/2 61 61 1/2 1)
(5/2 70 66 1/2 0)
(3 59 60 1/2 1)
(3 68 65 1/2 0)
(7/2 56 58 1/2 1)
(7/2 71 67 1/2 0)
(4 62 61 1 1)
(4 65 63 1 0)
(5 58 59 1 1)
(5 70 66 3/2 0)
(6 63 62 1 1)
(6 66 64 1 0)
(13/2 75 69 1/2 0)
(7 58 59 1 1)
(7 67 64 2 0)
(7 73 68 1 0)
(8 63 62 1/2 1)
(8 71 67 1/2 0)
(17/2 61 61 1/2 1)
(17/2 70 66 1/2 0)
(9 59 60 1/2 1)
(9 68 65 1/2 0)
(19/2 56 58 3/2 1)
(19/2 65 63 1/2 0)
(10 62 61 1 0)
(11 54 57 1 1)
(11 63 62 2 0)
(12 51 55 7 1)
(12 66 64 1/2 0)
(12 70 66 1/2 0)
(25/2 75 69 1/2 0)
(13 58 59 1 1)
(13 67 64 2 0)
(13 73 68 1 0)
(14 59 60 1/2 1)
(14 71 67 1/2 0)
(29/2 61 61 1/2 1)
(29/2 70 66 1/2 0)
(15 59 60 1/2 1)
(15 68 65 1/2 0)
(31/2 56 58 1/2 1)
(31/2 71 67 3/2 0)
(16 62 61 1 1)
(16 65 63 2 0)
(17 58 59 4 1)
(17 70 66 1 0)
(18 63 62 2 1)
(18 66 64 1 0)
(18 70 66 1/2 0)
(37/2 75 69 1/2 0)
(19 51 55 5 1)
(19 67 64 2 0)
(19 73 68 1 0)
(20 63 62 1/2 1)
(20 71 67 1/2 0)
(41/2 61 61 1/2 1)
(41/2 70 66 1/2 0)
(21 59 60 1/2 1)
(21 68 65 1/2 0)
(43/2 56 58 1/2 1)
(43/2 65 63 3/2 0)
(22 62 61 1 1)
(23 63 62 4 0)
(24 51 55 2 1)
(24 66 64 3 0)
(24 70 66 1 0)
(25 56 58 3 1)
(25 72 67 1/3 0)
(76/3 73 68 1/3 0)
(77/3 72 67 1/3 0)
(26 44 51 1 1)
(26 70 66 1/2 0)
(53/2 72 67 1/2 0)
(27 49 54 2 1)
(27 65 63 1 0)
(27 75 69 1/2 0)
(55/2 73 68 1/2 0)
(28 56 58 1 1)
(28 64 63 2 0)
(28 68 65 1 0)
(29 42 50 1 1)
(29 54 57 2 1)
(29 70 66 1 0)
(30 47 53 2 1)
(30 63 62 3 0)
(30 73 68 1/2 0)
(61/2 71 67 1/2 0)
(31 54 57 1 1)
(31 66 64 1 0)
(32 41 49 1 1)
(32 53 56 2 1)
(32 68 65 1 0)
(33 46 52 2 1)
(33 62 61 2 0)
(33 71 67 1/2 0)
(67/2 70 66 1/2 0)
(34 56 58 1 1)
(34 65 63 1 0)
(35 51 55 3 1)
(35 54 57 1 1)
(35 63 62 1 0)
(36 63 62 1 1)
(36 66 64 3 0)
(36 70 66 1 0)
(37 56 58 3 1)
(37 72 67 1/3 0)
(112/3 73 68 1/3 0)
(113/3 72 67 1/3 0)
(38 44 51 1 1)
(38 70 66 1/2 0)
(77/2 72 67 1/2 0)
(39 49 54 2 1)
(39 61 61 1 1)
(39 65 63 1 0)
(39 75 69 1/2 0)
(159/4 73 68 1/4 0)
(40 54 57 3 1)
(40 64 63 2 0)
(40 68 65 1/2 0)
(81/2 70 66 1/2 0)
(41 42 50 1 1)
(41 68 65 1/2 0)
(83/2 70 66 1/2 0)
(42 47 53 2 1)
(42 59 60 1 1)
(42 63 62 3 0)
(42 73 68 1/2 0)
(85/2 71 67 1/2 0)
(43 53 56 3 1)
(43 66 64 1/2 0)
(87/2 68 65 1/2 0)
(44 41 49 1 1)
(44 66 64 1/2 0)
(89/2 68 65 1/2 0)
(45 46 52 2 1)
(45 62 61 2 0)
(45 71 67 1/2 0)
(183/4 70 66 1/4 0)
(46 56 58 1 1)
(46 65 63 1 0)
(47 51 55 2 1)
(47 54 57 1 1)
(47 63 62 1 0)
(48 58 59 2 1)
(48 66 64 1 0)
(48 70 66 1/2 0)
(97/2 75 69 1/2 0)
(49 51 55 11 1)
(49 67 64 2 0)
(49 73 68 1 0)
(50 59 60 1/2 1)
(50 71 67 1/2 0)
(101/2 61 61 1/2 1)
(101/2 70 66 1/2 0)
(51 59 60 1/2 1)
(51 68 65 1/2 0)
(103/2 56 58 1/2 1)
(103/2 71 67 1/2 0)
(52 62 61 1 1)
(52 65 63 1 0)
(53 58 59 1 1)
(53 70 66 3/2 0)
(54 63 62 1 1)
(54 66 64 1 0)
(109/2 75 69 1/2 0)
(55 58 59 1 1)
(55 67 64 2 0)
(55 73 68 1 0)
(56 63 62 1/2 1)
(56 71 67 1/2 0)
(113/2 61 61 1/2 1)
(113/2 70 66 1/2 0)
(57 59 60 1/2 1)
(57 68 65 1/2 0)
(115/2 56 58 3/2 1)
(115/2 65 63 1/2 0)
(58 62 61 1 0)
(59 54 57 1 1)
(59 63 62 3 0)
(60 51 55 7 1)
(60 66 64 1/2 0)
(60 70 66 1/2 0)
(121/2 75 69 1/2 0)
(61 58 59 1 1)
(61 67 64 2 0)
(61 73 68 1 0)
(62 59 60 1/2 1)
(62 71 67 1/2 0)
(125/2 61 61 1/2 1)
(125/2 70 66 1/2 0)
(63 59 60 1/2 1)
(63 68 65 1/2 0)
(127/2 56 58 3/2 1)
(127/2 71 67 3/2 0)
(64 62 61 2 1)
(64 65 63 2 0)
(65 58 59 4 1)
(65 70 66 1 0)
(66 63 62 2 1)
(66 66 64 1 0)
(133/2 75 69 1/2 0)
(67 51 55 5 1)
(67 67 64 2 0)
(67 73 68 1 0)
(68 63 62 2 1)
(68 71 67 1/2 0)
(137/2 61 61 1/2 1)
(137/2 70 66 1/2 0)
(69 59 60 1/2 1)
(69 68 65 1/2 0)
(139/2 56 58 1/2 1)
(139/2 65 63 3/2 0)
(70 62 61 1 1)
(71 63 62 1 0)
(72 51 55 2 1)
(72 63 62 3 0)
(72 66 64 3 0)
(72 70 66 1 0)
(73 56 58 3 1)
(73 72 67 1/3 0)
(220/3 73 68 1/3 0)
(221/3 72 67 1/3 0)
(74 44 51 1 1)
(74 70 66 1/2 0)
(149/2 72 67 1/2 0)
(75 49 54 2 1)
(75 65 63 1 0)
(75 75 69 1/2 0)
(151/2 73 68 1/2 0)
(76 56 58 1 1)
(76 64 63 2 0)
(76 68 65 1 0)
(77 42 50 1 1)
(77 54 57 2 1)
(77 70 66 1 0)
(78 47 53 2 1)
(78 63 62 3 0)
(78 73 68 1/2 0)
(157/2 71 67 1/2 0)
(79 54 57 1 1)
(79 66 64 1 0)
(80 41 49 1 1)
(80 53 56 2 1)
(80 68 65 1 0)
(81 46 52 2 1)
(81 62 61 2 0)
(81 71 67 1/2 0)
(163/2 70 66 1/2 0)
(82 56 58 1 1)
(82 65 63 1 0)
(83 51 55 3 1)
(83 54 57 1 1)
(83 63 62 1 0)
(84 63 62 1 1)
(84 66 64 3 0)
(84 70 66 1 0)
(85 56 58 3 1)
(85 72 67 1/3 0)
(256/3 73 68 1/3 0)
(257/3 72 67 1/3 0)
(86 44 51 1 1)
(86 70 66 1/2 0)
(173/2 72 67 1/2 0)
(87 49 54 2 1)
(87 61 61 1 1)
(87 65 63 1 0)
(87 75 69 1/2 0)
(351/4 73 68 1/4 0)
(88 54 57 3 1)
(88 64 63 2 0)
(88 68 65 1/2 0)
(177/2 70 66 1/2 0)
(89 42 50 1 1)
(89 68 65 1/2 0)
(179/2 70 66 1/2 0)
(90 47 53 2 1)
(90 59 60 1 1)
(90 63 62 3 0)
(90 73 68 1/2 0)
(181/2 71 67 1/2 0)
(91 53 56 3 1)
(91 66 64 1/2 0)
(183/2 68 65 1/2 0)
(92 41 49 1 1)
(92 66 64 1/2 0)
(185/2 68 65 1/2 0)
(93 46 52 2 1)
(93 62 61 2 0)
(93 71 67 1/2 0)
(375/4 70 66 1/4 0)
(94 56 58 1 1)
(94 65 63 1 0)
(95 51 55 2 1)
(95 54 57 1 1)
(95 63 62 1 0)
(96 58 59 2 1)
(96 66 64 1 0)
(96 70 66 1/2 0)
(193/2 75 69 1/2 0)
(97 51 55 11 1)
(97 67 64 2 0)
(97 73 68 1 0)
(98 59 60 1/2 1)
(98 71 67 1/2 0)
(197/2 61 61 1/2 1)
(197/2 70 66 1/2 0)
(99 59 60 1/2 1)
(99 68 65 1/2 0)
(199/2 56 58 1/2 1)
(199/2 71 67 1/2 0)
(100 62 61 1 1)
(100 65 63 1 0)
(101 58 59 1 1)
(101 70 66 3/2 0)
(102 63 62 1 1)
(102 66 64 1 0)
(205/2 75 69 1/2 0)
(103 58 59 1 1)
(103 67 64 2 0)
(103 73 68 1 0)
(104 63 62 1/2 1)
(104 71 67 1/2 0)
(209/2 61 61 1/2 1)
(209/2 70 66 1/2 0)
(105 59 60 1/2 1)
(105 68 65 1/2 0)
(211/2 56 58 3/2 1)
(211/2 65 63 1/2 0)
(106 62 61 1 0)
(107 54 57 1 1)
(107 63 62 3 0)
(108 51 55 7 1)
(108 66 64 1/2 0)
(108 70 66 1/2 0)
(217/2 75 69 1/2 0)
(109 58 59 1 1)
(109 67 64 2 0)
(109 73 68 1 0)
(110 59 60 1/2 1)
(110 71 67 1/2 0)
(221/2 61 61 1/2 1)
(221/2 70 66 1/2 0)
(111 59 60 1/2 1)
(111 68 65 1/2 0)
(223/2 56 58 3/2 1)
(223/2 71 67 3/2 0)
(112 62 61 2 1)
(112 65 63 2 0)
(113 58 59 4 1)
(113 70 66 1 0)
(114 63 62 2 1)
(114 66 64 1 0)
(229/2 75 69 1/2 0)
(115 51 55 5 1)
(115 67 64 2 0)
(115 73 68 1 0)
(116 63 62 2 1)
(116 71 67 1/2 0)
(233/2 61 61 1/2 1)
(233/2 70 66 1/2 0)
(117 59 60 1/2 1)
(117 68 65 1/2 0)
(235/2 56 58 1/2 1)
(235/2 65 63 3/2 0)
(118 62 61 1 1)
(119 63 62 1 0)
