(0 44 50 1 1)
(0 51 54 1 1)
(0 60 59 1 1)
(0 68 64 1 0)
(1 44 50 2 1)
(1 51 54 2 1)
(1 58 58 1 1)
(1 68 64 2 0)
(2 60 59 1/2 1)
(5/2 61 60 1/2 1)
(3 44 50 1 1)
(3 51 54 1 1)
(3 63 61 1/2 0)
(3 68 64 1 0)
(7/2 60 59 1/2 0)
(4 44 50 2 1)
(4 51 54 2 1)
(4 61 60 3/2 0)
(4 68 64 2 0)
(11/2 58 58 1/2 0)
(6 44 50 1 1)
(6 51 54 1 1)
(6 60 59 1/3 1)
(6 68 64 1 0)
(19/3 61 60 1/3 1)
(20/3 60 59 1/3 1)
(7 44 50 2 1)
(7 51 54 2 1)
(7 58 58 1 1)
(7 68 64 2 0)
(8 60 59 1/2 1)
(17/2 61 60 1/2 1)
(9 44 50 1 1)
(9 51 54 1 1)
(9 63 61 1/3 0)
(9 68 64 1 0)
(28/3 66 63 1/3 0)
(29/3 64 62 1/3 0)
(10 44 50 2 1)
(10 51 54 2 1)
(10 63 61 2 0)
(10 68 64 2 0)
(12 44 50 1 1)
(12 51 54 1 1)
(12 60 59 1/3 1)
(12 68 64 1 0)
(37/3 61 60 1/3 1)
(38/3 60 59 1/3 1)
(13 44 50 1 1)
(13 51 54 1 1)
(13 58 58 1 1)
(13 68 64 1 0)
(14 44 50 1 1)
(14 51 54 1 1)
(14 60 59 1/2 1)
(14 68 64 1 0)
(29/2 61 60 1/2 1)
(15 44 50 1 1)
(15 51 54 1 1)
(15 63 61 1/2 0)
(15 68 64 1 0)
(31/2 60 59 1/2 0)
(16 44 50 1 1)
(16 51 54 1 1)
(16 61 60 1/2 0)
(16 68 64 1 0)
(33/2 60 59 1/2 0)
(17 44 50 1 1)
(17 51 54 1 1)
(17 61 60 1/2 0)
(17 68 64 1 0)
(35/2 58 58 1/2 0)
(18 44 50 1 1)
(18 51 54 1 1)
(18 60 59 1/3 1)
(18 68 64 1 0)
(55/3 61 60 1/3 1)
(56/3 60 59 1/3 1)
(19 44 50 1 1)
(19 51 54 1 1)
(19 58 58 1 1)
(19 68 64 1 0)
(20 44 50 1 1)
(20 51 54 1 1)
(20 60 59 1/2 0)
(20 68 64 1/2 0)
(41/2 61 60 1/2 0)
(41/2 68 64 1/2 0)
(21 44 50 1 1)
(21 51 54 1 1)
(21 63 61 1/3 0)
(21 68 64 1/3 0)
(64/3 66 63 1/3 0)
(64/3 68 64 1/3 0)
(65/3 64 62 1/3 0)
(65/3 68 64 1/3 0)
(22 44 50 1 1)
(22 51 54 1 1)
(22 63 61 1 0)
(22 68 64 1 0)
(23 68 64 1 0)
(24 48 52 1 1)
(24 80 71 1/2 0)
(99/4 81 72 1/4 0)
(25 56 57 1 1)
(25 63 61 1 1)
(25 66 63 1 1)
(25 78 70 3/2 0)
(26 56 57 1 1)
(26 63 61 1 1)
(26 66 63 1 1)
(53/2 80 71 1/2 0)
(27 49 53 1 1)
(27 76 69 3/4 0)
(111/4 80 71 1/4 0)
(28 56 57 1 1)
(28 61 60 1 1)
(28 64 62 1 1)
(28 73 67 1 0)
(29 56 57 1 1)
(29 61 60 1 1)
(29 64 62 1 1)
(29 76 69 1 0)
(30 48 52 1 1)
(30 80 71 3/4 0)
(123/4 81 72 1/4 0)
(31 56 57 1 1)
(31 63 61 1 1)
(31 66 63 1 1)
(31 78 70 1 0)
(32 56 57 1 1)
(32 63 61 1 1)
(32 66 63 1 1)
(32 80 71 1 0)
(33 49 53 1 1)
(33 76 69 1/3 0)
(100/3 78 70 1/3 0)
(101/3 80 71 1/3 0)
(34 56 57 1 1)
(34 61 60 1 1)
(34 64 62 1 1)
(34 73 67 3/2 0)
(71/2 74 67 1/2 0)
(36 43 49 1 1)
(36 75 68 1/2 0)
(147/4 76 69 1/4 0)
(37 51 54 1 1)
(37 58 58 1 1)
(37 61 60 1 1)
(37 73 67 3/2 0)
(38 51 54 1 1)
(38 58 58 1 1)
(38 61 60 1 1)
(77/2 75 68 1/2 0)
(39 44 50 1 1)
(39 72 66 3/4 0)
(159/4 75 68 1/4 0)
(40 51 54 1 1)
(40 54 56 1 1)
(40 60 59 1 1)
(40 68 64 1 0)
(41 51 54 1 1)
(41 54 56 1 1)
(41 60 59 1 1)
(41 69 65 1 0)
(42 44 50 1 1)
(42 68 64 1/2 0)
(171/4 66 63 1/4 0)
(43 51 54 1 1)
(43 54 56 1 1)
(43 60 59 1 1)
(43 63 61 1 0)
(44 51 54 1 1)
(44 54 56 1 1)
(44 60 59 1 1)
(44 68 64 1 0)
(45 37 46 1 1)
(45 61 60 2 0)
(46 49 53 1 1)
(46 56 57 1 1)
(46 64 62 1 1)
(47 68 64 1 0)
(48 48 52 1 1)
(48 80 71 1/2 0)
(195/4 81 72 1/4 0)
(49 56 57 1 1)
(49 63 61 1 1)
(49 66 63 1 1)
(49 78 70 3/2 0)
(50 56 57 1 1)
(50 63 61 1 1)
(50 66 63 1 1)
(101/2 80 71 1/2 0)
(51 49 53 1 1)
(51 76 69 3/4 0)
(207/4 80 71 1/4 0)
(52 56 57 1 1)
(52 61 60 1 1)
(52 64 62 1 1)
(52 73 67 1 0)
(53 56 57 1 1)
(53 61 60 1 1)
(53 64 62 1 1)
(53 76 69 1 0)
(54 48 52 1 1)
(54 80 71 3/4 0)
(219/4 81 72 1/4 0)
(55 56 57 1 1)
(55 63 61 1 1)
(55 66 63 1 1)
(55 78 70 1 0)
(56 56 57 1 1)
(56 63 61 1 1)
(56 66 63 1 1)
(56 80 71 1 0)
(57 49 53 1 1)
(57 76 69 1/3 0)
(172/3 78 70 1/3 0)
(173/3 80 71 1/3 0)
(58 56 57 1 1)
(58 61 60 1 1)
(58 64 62 1 1)
(58 73 67 3/2 0)
(119/2 74 67 1/2 0)
(60 43 49 1 1)
(60 75 68 1/2 0)
(243/4 76 69 1/4 0)
(61 51 54 1 1)
(61 58 58 1 1)
(61 61 60 1 1)
(61 73 67 3/2 0)
(62 51 54 1 1)
(62 58 58 1 1)
(62 61 60 1 1)
(125/2 75 68 1/2 0)
(63 44 50 1 1)
(63 72 66 3/4 0)
(255/4 75 68 1/4 0)
(64 51 54 1 1)
(64 54 56 1 1)
(64 60 59 1 1)
(64 68 64 1 0)
(65 51 54 1 1)
(65 54 56 1 1)
(65 60 59 1 1)
(65 69 65 1 0)
(66 44 50 1 1)
(66 68 64 1/2 0)
(267/4 66 63 1/4 0)
(67 51 54 1 1)
(67 54 56 1 1)
(67 60 59 1 1)
(67 63 61 1 0)
(68 51 54 1 1)
(68 54 56 1 1)
(68 60 59 1 1)
(68 68 64 1 0)
(69 37 46 1 1)
(69 61 60 2 0)
(70 49 53 1 1)
(70 56 57 1 1)
(70 64 62 1 1)
(71 62 60 1 0)
(72 44 50 1 1)
(72 63 61 1/2 0)
(291/4 67 63 1/4 0)
(73 51 54 1 1)
(73 56 57 1 1)
(73 60 59 1 1)
(73 68 64 1 0)
(74 51 54 1 1)
(74 56 57 1 1)
(74 60 59 1 1)
(74 72 66 1/2 0)
(149/2 75 68 1/2 0)
(75 44 50 1 1)
(75 63 61 1/2 0)
(303/4 67 63 1/4 0)
(76 51 54 1 1)
(76 56 57 1 1)
(76 60 59 1 1)
(76 68 64 1/2 0)
(153/2 72 66 1/2 0)
(77 51 54 1 1)
(77 56 57 1 1)
(77 60 59 1 1)
(77 75 68 1 0)
(78 52 55 1 1)
(78 56 57 1 1)
(78 58 58 2 1)
(78 74 67 3/4 0)
(315/4 70 65 1/4 0)
(79 51 54 1 1)
(79 55 56 1 1)
(79 73 67 1 0)
(80 44 50 1 1)
(80 56 57 1 1)
(80 72 66 1/2 0)
(161/2 68 64 1/2 0)
(81 52 55 1 1)
(81 56 57 1 1)
(81 58 58 2 1)
(81 74 67 1/3 0)
(244/3 70 65 1/3 0)
(245/3 72 66 1/3 0)
(82 51 54 1 1)
(82 55 56 1 1)
(82 73 67 1 0)
(83 44 50 1 1)
(83 56 57 1 1)
(83 72 66 1/2 0)
(167/2 68 64 1/2 0)
(84 32 43 1 1)
(84 44 50 1 1)
(84 63 61 1/2 0)
(339/4 67 63 1/4 0)
(85 51 54 1 1)
(85 56 57 1 1)
(85 60 59 1 1)
(85 68 64 1 0)
(86 51 54 1 1)
(86 56 57 1 1)
(86 60 59 1 1)
(86 72 66 1/2 0)
(173/2 75 68 1/2 0)
(87 44 50 1 1)
(87 63 61 1/2 0)
(351/4 67 63 1/4 0)
(88 51 54 1 1)
(88 56 57 1 1)
(88 60 59 1 1)
(88 68 64 1/2 0)
(177/2 72 66 1/2 0)
(89 51 54 1 1)
(89 56 57 1 1)
(89 60 59 1 1)
(89 75 68 1 0)
(90 52 55 1 1)
(90 56 57 1 1)
(90 58 58 2 1)
(90 74 67 1/2 0)
(181/2 70 65 1/2 0)
(91 51 54 1 1)
(91 55 56 1 1)
(91 73 67 1 0)
(92 44 50 1 1)
(92 56 57 1 1)
(92 72 66 1/2 0)
(185/2 68 64 1/2 0)
(93 80 71 3/4 0)
(375/4 68 64 1/4 0)
(94 80 71 3/4 0)
(379/4 68 64 1/4 0)
(95 80 71 3/4 0)
(383/4 68 64 1/4 0)
(96 48 52 1 1)
(96 80 71 3/4 0)
(387/4 81 72 1/4 0)
(97 56 57 1 1)
(97 63 61 1 1)
(97 66 63 1 1)
(97 78 70 3/2 0)
(98 56 57 1 1)
(98 63 61 1 1)
(98 66 63 1 1)
(197/2 80 71 1/2 0)
(99 49 53 1 1)
(99 76 69 3/4 0)
(399/4 80 71 1/4 0)
(100 56 57 1 1)
(100 61 60 1 1)
(100 64 62 1 1)
(100 73 67 1 0)
(101 56 57 1 1)
(101 61 60 1 1)
(101 64 62 1 1)
(101 76 69 1 0)
(102 48 52 1 1)
(102 80 71 1/2 0)
(411/4 81 72 1/4 0)
(103 56 57 1 1)
(103 63 61 1 1)
(103 66 63 1 1)
(103 78 70 1 0)
(104 56 57 1 1)
(104 63 61 1 1)
(104 66 63 1 1)
(104 80 71 1 0)
(105 49 53 1 1)
(105 76 69 1/3 0)
(316/3 78 70 1/3 0)
(317/3 80 71 1/3 0)
(106 56 57 1 1)
(106 61 60 1 1)
(106 64 62 1 1)
(106 73 67 3/2 0)
(215/2 74 67 1/2 0)
(108 43 49 3 1)
(108 75 68 1/2 0)
(217/2 76 69 1/2 0)
(109 51 54 1 1)
(109 58 58 1 1)
(109 73 67 1 0)
(110 51 54 1 1)
(110 58 58 1 1)
(110 75 68 1 0)
(111 44 50 1 1)
(111 72 66 1/2 0)
(223/2 75 68 1/2 0)
(112 51 54 1 1)
(112 54 56 1 1)
(112 60 59 1 1)
(112 68 64 1/2 0)
(113 69 65 1 0)
(114 44 50 1 1)
(114 68 64 1/2 0)
(459/4 66 63 1/4 0)
(115 51 54 1 1)
(115 54 56 1 1)
(115 60 59 1 1)
(115 63 61 1 0)
(116 51 54 1 1)
(116 54 56 1 1)
(116 60 59 1 1)
(116 68 64 1 0)
(117 37 46 1 1)
(117 61 60 2 0)
(118 49 53 1 1)
(118 56 57 1 1)
(118 64 62 1 1)
(119 62 60 1 0)
(120 44 50 1 1)
(120 63 61 1/2 0)
(483/4 67 63 1/4 0)
(121 51 54 1 1)
(121 56 57 1 1)
(121 60 59 1 1)
(121 68 64 1 0)
(122 51 54 1 1)
(122 56 57 1 1)
(122 60 59 1 1)
(122 72 66 1/2 0)
(245/2 75 68 1/2 0)
(123 44 50 1 1)
(123 63 61 1/2 0)
(495/4 67 63 1/4 0)
(124 51 54 1 1)
(124 56 57 1 1)
(124 60 59 1 1)
(124 68 64 1/2 0)
(249/2 72 66 1/2 0)
(125 51 54 1 1)
(125 56 57 1 1)
(125 60 59 1 1)
(125 75 68 1 0)
(126 52 55 1 1)
(126 56 57 1 1)
(126 58 58 2 1)
(126 74 67 3/4 0)
(507/4 70 65 1/4 0)
(127 51 54 1 1)
(127 55 56 1 1)
(127 73 67 1 0)
(128 44 50 1 1)
(128 56 57 1 1)
(128 72 66 1/2 0)
(257/2 68 64 1/2 0)
(129 52 55 1 1)
(129 56 57 1 1)
(129 58 58 2 1)
(129 74 67 1/3 0)
(388/3 70 65 1/3 0)
(389/3 72 66 1/3 0)
(130 51 54 1 1)
(130 55 56 1 1)
(130 73 67 1 0)
(131 44 50 1 1)
(131 56 57 1 1)
(131 72 66 1/2 0)
(263/2 68 64 1/2 0)
(132 32 43 1 1)
(132 44 50 1 1)
(132 63 61 1/2 0)
(531/4 67 63 1/4 0)
(133 51 54 1 1)
(133 56 57 1 1)
(133 60 59 1 1)
(133 68 64 1 0)
(134 51 54 1 1)
(134 56 57 1 1)
(134 60 59 1 1)
(134 72 66 1/2 0)
(269/2 75 68 1/2 0)
(135 44 50 1 1)
(135 63 61 1/2 0)
(543/4 67 63 1/4 0)
(136 51 54 1 1)
(136 56 57 1 1)
(136 60 59 1 1)
(136 68 64 1/2 0)
(273/2 72 66 1/2 0)
(137 51 54 1 1)
(137 56 57 1 1)
(137 60 59 1 1)
(137 75 68 1 0)
(138 52 55 1 1)
(138 56 57 1 1)
(138 58 58 2 1)
(138 74 67 1/2 0)
(277/2 70 65 1/2 0)
(139 51 54 1 1)
(139 55 56 1 1)
(139 73 67 1 0)
(140 44 50 1 1)
(140 56 57 1 1)
(140 72 66 1/2 0)
(281/2 68 64 1/2 0)
(141 80 71 3/4 0)
(567/4 68 64 1/4 0)
(142 80 71 3/4 0)
(571/4 68 64 1/4 0)
(143 80 71 3/4 0)
(575/4 68 64 1/4 0)
(144 48 52 1 1)
(144 80 71 3/4 0)
(579/4 81 72 1/4 0)
(145 56 57 1 1)
(145 63 61 1 1)
(145 66 63 1 1)
(145 78 70 3/2 0)
(146 56 57 1 1)
(146 63 61 1 1)
(146 66 63 1 1)
(293/2 80 71 1/2 0)
(147 49 53 1 1)
(147 76 69 3/4 0)
(591/4 80 71 1/4 0)
(148 56 57 1 1)
(148 61 60 1 1)
(148 64 62 1 1)
(148 73 67 1 0)
(149 56 57 1 1)
(149 61 60 1 1)
(149 64 62 1 1)
(149 76 69 1 0)
(150 48 52 1 1)
(150 80 71 1/2 0)
(603/4 81 72 1/4 0)
(151 56 57 1 1)
(151 63 61 1 1)
(151 66 63 1 1)
(151 78 70 1 0)
(152 56 57 1 1)
(152 63 61 1 1)
(152 66 63 1 1)
(152 80 71 1 0)
(153 49 53 1 1)
(153 76 69 1/3 0)
(460/3 78 70 1/3 0)
(461/3 80 71 1/3 0)
(154 56 57 1 1)
(154 61 60 1 1)
(154 64 62 1 1)
(154 73 67 3/2 0)
(311/2 74 67 1/2 0)
(156 43 49 3 1)
(156 75 68 1/2 0)
(313/2 76 69 1/2 0)
(157 51 54 1 1)
(157 58 58 1 1)
(157 73 67 1 0)
(158 51 54 1 1)
(158 58 58 1 1)
(158 75 68 1 0)
(159 44 50 1 1)
(159 72 66 1/2 0)
(319/2 75 68 1/2 0)
(160 51 54 1 1)
(160 54 56 1 1)
(160 60 59 1 1)
(160 68 64 1/2 0)
(161 69 65 1 0)
(162 44 50 1 1)
(162 68 64 1/2 0)
(651/4 66 63 1/4 0)
(163 51 54 1 1)
(163 54 56 1 1)
(163 60 59 1 1)
(163 63 61 1 0)
(164 51 54 1 1)
(164 54 56 1 1)
(164 60 59 1 1)
(164 68 64 1 0)
(165 37 46 1 1)
(165 61 60 2 0)
(166 49 53 1 1)
(166 56 57 1 1)
(166 64 62 1 1)
(167 61 60 1 0)
(168 45 51 1 1)
(168 73 67 1/2 0)
(337/2 75 68 1/2 0)
(169 52 55 1 1)
(169 61 60 1 1)
(169 76 69 3/2 0)
(170 52 55 1 1)
(170 61 60 1 1)
(341/2 73 67 1/2 0)
(171 40 48 1 1)
(171 71 66 1/2 0)
(343/2 68 64 1/2 0)
(172 52 55 1 1)
(172 59 59 1 1)
(172 64 62 2 0)
(173 52 55 1 1)
(173 59 59 1 1)
(174 45 51 1 1)
(174 73 67 1/2 0)
(349/2 75 68 1/2 0)
(175 52 55 1 1)
(175 61 60 1 1)
(175 76 69 1 0)
(176 52 55 1 1)
(176 61 60 1 1)
(176 76 69 1/2 0)
(353/2 73 67 1/2 0)
(177 40 48 1 1)
(177 71 66 1/2 0)
(355/2 68 64 1/2 0)
(178 52 55 1 1)
(178 59 59 1 1)
(178 64 62 5/2 0)
(179 52 55 1 1)
(179 59 59 1 1)
(180 45 51 1 1)
(180 52 55 1 1)
(180 61 60 1 0)
(361/2 69 65 1/2 0)
(181 40 48 1 1)
(181 52 55 1 1)
(181 59 59 1 0)
(181 68 64 2 0)
(182 40 48 1 1)
(182 52 55 1 1)
(182 59 59 1 0)
(183 45 51 1 1)
(183 52 55 1 1)
(183 61 60 1 0)
(183 64 62 1/2 0)
(367/2 69 65 1/2 0)
(184 40 48 1 1)
(184 52 55 1 1)
(184 59 59 1 0)
(184 68 64 2 0)
(185 40 48 1 1)
(185 52 55 1 1)
(185 59 59 1 0)
(186 45 51 1 1)
(186 52 55 1 1)
(186 61 60 1 0)
(186 64 62 1/2 0)
(373/2 69 65 1/2 0)
(187 40 48 1 1)
(187 52 55 1 1)
(187 59 59 1 0)
(187 68 64 1 0)
(188 40 48 1 1)
(188 52 55 1 1)
(188 59 59 1 0)
(188 68 64 1 0)
(189 45 51 3/4 1)
(189 52 55 1 1)
(189 61 60 1 0)
(189 64 62 1/2 0)
(379/2 69 65 1/2 0)
(759/4 47 52 1/4 1)
(190 49 53 1 1)
(190 56 57 1 0)
(190 68 64 1 0)
(191 37 46 1 1)
(192 77 69 1/2 0)
(385/2 79 70 1/2 0)
(193 53 55 1 1)
(193 56 57 1 1)
(193 61 60 1 1)
(193 65 62 1 1)
(193 80 71 3/2 0)
(194 53 55 1 1)
(194 56 57 1 1)
(194 61 60 1 1)
(194 65 62 1 1)
(389/2 77 69 1/2 0)
(195 44 50 1 1)
(195 75 68 1/2 0)
(391/2 72 66 1/2 0)
(196 51 54 1 1)
(196 56 57 1 1)
(196 60 59 1 1)
(196 68 64 2 0)
(197 51 54 1 1)
(197 56 57 1 1)
(197 60 59 1 1)
(198 49 53 1 1)
(198 77 69 1/2 0)
(397/2 79 70 1/2 0)
(199 53 55 1 1)
(199 56 57 1 1)
(199 61 60 1 1)
(199 65 62 1 1)
(199 80 71 1 0)
(200 53 55 1 1)
(200 56 57 1 1)
(200 61 60 1 1)
(200 65 62 1 1)
(200 80 71 1/2 0)
(401/2 77 69 1/2 0)
(201 44 50 1 1)
(201 75 68 1/2 0)
(403/2 72 66 1/2 0)
(202 51 54 1 1)
(202 56 57 1 1)
(202 60 59 1 1)
(202 68 64 5/2 0)
(203 51 54 1 1)
(203 56 57 1 1)
(203 60 59 1 1)
(204 49 53 1 1)
(204 56 57 1 1)
(204 61 60 1 1)
(204 65 62 1 0)
(409/2 73 67 1/2 0)
(205 44 50 1 1)
(205 56 57 1 1)
(205 63 61 1 0)
(205 72 66 2 0)
(206 44 50 1 1)
(206 56 57 1 1)
(206 63 61 1 0)
(207 49 53 1 1)
(207 56 57 1 1)
(207 65 62 1 0)
(207 68 64 1/2 0)
(415/2 73 67 1/2 0)
(208 44 50 1 1)
(208 56 57 1 1)
(208 63 61 1 0)
(208 72 66 2 0)
(209 44 50 1 1)
(209 56 57 1 1)
(209 63 61 1 0)
(210 49 53 1 1)
(210 56 57 1 1)
(210 65 62 1 0)
(210 68 64 1/2 0)
(421/2 73 67 1/2 0)
(211 44 50 1 1)
(211 56 57 1 1)
(211 63 61 1 0)
(211 72 66 1 0)
(212 44 50 1 1)
(212 56 57 1 1)
(212 63 61 1 0)
(212 72 66 1 0)
(213 49 53 1 1)
(213 56 57 1 1)
(213 65 62 1 0)
(213 68 64 1/2 0)
(427/2 73 67 1/2 0)
(214 44 50 1 1)
(214 56 57 1 1)
(214 63 61 1 0)
(214 72 66 1 0)
(215 44 50 1 1)
(215 56 57 1 1)
(215 63 61 1/2 0)
(431/2 61 60 1/2 0)
(216 44 50 1 1)
(216 51 54 1 1)
(216 60 59 1 1)
(216 68 64 1 0)
(217 44 50 2 1)
(217 51 54 2 1)
(217 58 58 1 1)
(217 68 64 2 0)
(218 60 59 1/2 1)
(437/2 61 60 1/2 1)
(219 44 50 1 1)
(219 51 54 1 1)
(219 63 61 1/2 0)
(219 68 64 1 0)
(439/2 60 59 1/2 0)
(220 44 50 2 1)
(220 51 54 2 1)
(220 61 60 3/2 0)
(220 68 64 2 0)
(443/2 58 58 1/2 0)
(222 44 50 1 1)
(222 51 54 1 1)
(222 60 59 1/3 1)
(222 68 64 1 0)
(667/3 61 60 1/3 1)
(668/3 60 59 1/3 1)
(223 44 50 2 1)
(223 51 54 2 1)
(223 58 58 1 1)
(223 68 64 2 0)
(224 60 59 1/2 1)
(449/2 61 60 1/2 1)
(225 44 50 1 1)
(225 51 54 1 1)
(225 63 61 1/3 0)
(225 68 64 1 0)
(676/3 66 63 1/3 0)
(677/3 64 62 1/3 0)
(226 44 50 2 1)
(226 51 54 2 1)
(226 63 61 2 0)
(226 68 64 2 0)
(228 44 50 1 1)
(228 51 54 1 1)
(228 60 59 1/3 1)
(228 68 64 1 0)
(685/3 61 60 1/3 1)
(686/3 60 59 1/3 1)
(229 44 50 1 1)
(229 51 54 1 1)
(229 58 58 1 1)
(229 68 64 1 0)
(230 44 50 1 1)
(230 51 54 1 1)
(230 60 59 1/2 1)
(230 68 64 1 0)
(461/2 61 60 1/2 1)
(231 44 50 1 1)
(231 51 54 1 1)
(231 63 61 1/2 0)
(231 68 64 1 0)
(463/2 60 59 1/2 0)
(232 44 50 1 1)
(232 51 54 1 1)
(232 61 60 1/2 0)
(232 68 64 1 0)
(465/2 60 59 1/2 0)
(233 44 50 1 1)
(233 51 54 1 1)
(233 61 60 1/2 0)
(233 68 64 1 0)
(467/2 58 58 1/2 0)
(234 44 50 1 1)
(234 51 54 1 1)
(234 60 59 1/3 1)
(234 68 64 1 0)
(703/3 61 60 1/3 1)
(704/3 60 59 1/3 1)
(235 44 50 1 1)
(235 51 54 1 1)
(235 58 58 1 1)
(235 68 64 1 0)
(236 44 50 1 1)
(236 51 54 1 1)
(236 60 59 1/2 0)
(236 68 64 1/2 0)
(473/2 61 60 1/2 0)
(473/2 68 64 1/2 0)
(237 44 50 1 1)
(237 51 54 1 1)
(237 63 61 1/3 0)
(237 68 64 1/3 0)
(712/3 66 63 1/3 0)
(712/3 68 64 1/3 0)
(713/3 64 62 1/3 0)
(713/3 68 64 1/3 0)
(238 44 50 1 1)
(238 51 54 1 1)
(238 63 61 1 0)
(238 68 64 1 0)
(239 68 64 1 0)
(240 48 52 1 1)
(240 80 71 1/2 0)
(963/4 81 72 1/4 0)
(241 56 57 1 1)
(241 63 61 1 1)
(241 66 63 1 1)
(241 78 70 3/2 0)
(242 56 57 1 1)
(242 63 61 1 1)
(242 66 63 1 1)
(485/2 80 71 1/2 0)
(243 49 53 1 1)
(243 76 69 3/4 0)
(975/4 80 71 1/4 0)
(244 56 57 1 1)
(244 61 60 1 1)
(244 64 62 1 1)
(244 73 67 1 0)
(245 56 57 1 1)
(245 61 60 1 1)
(245 64 62 1 1)
(245 76 69 1 0)
(246 48 52 1 1)
(246 80 71 3/4 0)
(987/4 81 72 1/4 0)
(247 56 57 1 1)
(247 63 61 1 1)
(247 66 63 1 1)
(247 78 70 1 0)
(248 56 57 1 1)
(248 63 61 1 1)
(248 66 63 1 1)
(248 80 71 1 0)
(249 49 53 1 1)
(249 76 69 1/3 0)
(748/3 78 70 1/3 0)
(749/3 80 71 1/3 0)
(250 56 57 1 1)
(250 61 60 1 1)
(250 64 62 1 1)
(250 73 67 3/2 0)
(503/2 74 67 1/2 0)
(252 43 49 1 1)
(252 75 68 1/2 0)
(1011/4 76 69 1/4 0)
(253 51 54 1 1)
(253 58 58 1 1)
(253 61 60 1 1)
(253 73 67 3/2 0)
(254 51 54 1 1)
(254 58 58 1 1)
(254 61 60 1 1)
(509/2 75 68 1/2 0)
(255 44 50 1 1)
(255 72 66 3/4 0)
(1023/4 75 68 1/4 0)
(256 51 54 1 1)
(256 54 56 1 1)
(256 60 59 1 1)
(256 68 64 1 0)
(257 51 54 1 1)
(257 54 56 1 1)
(257 60 59 1 1)
(257 69 65 1 0)
(258 44 50 1 1)
(258 68 64 1/2 0)
(1035/4 66 63 1/4 0)
(259 51 54 1 1)
(259 54 56 1 1)
(259 60 59 1 1)
(259 63 61 1 0)
(260 51 54 1 1)
(260 54 56 1 1)
(260 60 59 1 1)
(260 68 64 1 0)
(261 37 46 1 1)
(261 61 60 2 0)
(262 49 53 1 1)
(262 56 57 1 1)
(262 64 62 1 1)
(263 68 64 1 0)
(264 48 52 1 1)
(264 80 71 1/2 0)
(529/2 81 72 1/2 0)
(265 56 57 1 1)
(265 63 61 1 1)
(265 66 63 1 1)
(265 78 70 1 0)
(266 56 57 1 1)
(266 63 61 1 1)
(266 66 63 1 1)
(266 80 71 1 0)
(267 49 53 1 1)
(267 76 69 1/2 0)
(535/2 80 71 1/2 0)
(268 56 57 1 1)
(268 61 60 1 1)
(268 64 62 1 1)
(268 73 67 1 0)
(269 56 57 1 1)
(269 61 60 1 1)
(269 64 62 1 1)
(269 76 69 1 0)
(270 48 52 1 1)
(270 80 71 1/3 0)
(811/3 81 72 1/3 0)
(1625/6 80 71 1/6 0)
(271 56 57 1 1)
(271 63 61 1 1)
(271 66 63 1 1)
(271 75 68 1 0)
(272 56 57 1 1)
(272 63 61 1 1)
(272 66 63 1 1)
(272 80 71 1 0)
(273 49 53 1 1)
(273 76 69 1/3 0)
(820/3 78 70 1/3 0)
(821/3 80 71 1/3 0)
(274 56 57 1 1)
(274 61 60 1 1)
(274 64 62 1 1)
(274 73 67 3/2 0)
(551/2 74 67 1/2 0)
(276 43 49 1 1)
(276 75 68 1/2 0)
(1107/4 76 69 1/4 0)
(277 51 54 1 1)
(277 58 58 1 1)
(277 61 60 1 1)
(277 73 67 1 0)
(278 51 54 1 1)
(278 58 58 1 1)
(278 61 60 1 1)
(278 75 68 1 0)
(279 44 50 1 1)
(279 72 66 1/2 0)
(1119/4 75 68 1/4 0)
(280 51 54 1 1)
(280 54 56 1 1)
(280 60 59 1 1)
(280 68 64 1 0)
(281 69 65 1 0)
(282 44 50 1 1)
(282 68 64 1/2 0)
(1131/4 66 63 1/4 0)
(283 51 54 1 1)
(283 54 56 1 1)
(283 60 59 1 1)
(283 63 61 1 0)
(284 51 54 1 1)
(284 54 56 1 1)
(284 60 59 1 1)
(284 68 64 1 0)
(285 37 46 1 1)
(285 61 60 3 0)
(286 49 53 1 1)
(286 56 57 1 1)
(286 64 62 1 1)
