(0 48 53 1 1)
(1 58 59 1 1)
(1 64 62 1 1)
(1 73 68 5/2 0)
(2 58 59 1 1)
(2 64 62 1 1)
(3 48 53 1 1)
(7/2 72 67 1/2 0)
(4 56 58 1 1)
(4 65 63 1 1)
(4 70 66 1/2 0)
(9/2 68 65 1/2 0)
(5 56 58 1 1)
(5 60 60 1 1)
(5 67 64 1/2 0)
(11/2 65 63 1/2 0)
(6 48 53 1 1)
(6 67 64 1/2 0)
(13/2 60 60 1/2 0)
(7 58 59 1 1)
(7 64 62 1 1)
(7 72 67 3/2 0)
(8 58 59 1 1)
(8 64 62 1 1)
(17/2 67 64 1/2 0)
(9 41 49 1 1)
(9 68 65 3/4 0)
(39/4 72 67 1/4 0)
(10 56 58 1 1)
(10 60 60 1 1)
(10 65 63 1 1)
(10 77 70 3 0)
(11 56 58 1 1)
(11 61 61 1 1)
(11 65 63 1 1)
(12 43 50 1 1)
(13 51 55 1 1)
(13 58 59 1 1)
(13 61 61 1 1)
(13 77 70 5/2 0)
(14 51 55 1 1)
(14 58 59 1 1)
(14 61 61 1 1)
(15 44 51 1 1)
(31/2 75 69 1/2 0)
(16 51 55 1 1)
(16 60 60 1 1)
(16 73 68 1/2 0)
(33/2 72 67 1/2 0)
(17 70 66 1/2 0)
(35/2 68 65 1/2 0)
(18 46 52 1 1)
(18 67 65 1/2 0)
(37/2 66 64 1/2 0)
(19 54 57 1 1)
(19 61 61 1 1)
(19 70 66 1/2 0)
(39/2 65 63 1/2 0)
(20 58 59 1 1)
(20 61 61 1 1)
(20 68 65 1/2 0)
(41/2 66 64 1/2 0)
(21 48 53 1 1)
(21 65 63 1/2 0)
(43/2 64 62 1/2 0)
(22 55 57 1 1)
(22 60 60 2 0)
(22 64 62 1 1)
(23 55 57 1 1)
(23 64 62 1 1)
(24 36 46 1 1)
(24 73 68 1 0)
(25 58 59 1 1)
(25 64 62 1 1)
(25 73 68 5/2 0)
(26 58 59 1 1)
(26 64 62 1 1)
(27 48 53 1 1)
(55/2 72 67 1/2 0)
(28 56 58 1 1)
(28 60 60 1 1)
(28 65 63 1 1)
(28 70 66 1/2 0)
(57/2 68 65 1/2 0)
(29 56 58 1 1)
(29 60 60 1 1)
(29 67 64 1/2 0)
(59/2 65 63 1/2 0)
(30 36 46 1 1)
(30 67 64 1/2 0)
(61/2 60 60 1/2 0)
(31 58 59 1 1)
(31 64 62 1 1)
(31 72 67 3/2 0)
(32 58 59 1 1)
(32 64 62 1 1)
(65/2 67 64 1/2 0)
(33 41 49 1 1)
(33 69 65 1/2 0)
(67/2 72 67 1/2 0)
(34 53 56 1 1)
(34 63 62 1 1)
(34 77 70 3/2 0)
(35 53 56 1 1)
(35 57 58 1 1)
(35 63 62 1 1)
(71/2 76 69 1/2 0)
(36 46 52 1 1)
(36 75 69 1/2 0)
(73/2 74 68 1/2 0)
(37 53 56 1 1)
(37 55 57 1 1)
(37 61 61 1 1)
(37 65 63 1 1)
(37 73 68 1/2 0)
(75/2 69 65 1/2 0)
(38 70 66 1/2 0)
(77/2 71 66 1/2 0)
(39 48 53 1 1)
(39 73 68 1/2 0)
(79/2 73 68 1/2 0)
(40 56 58 1 1)
(40 60 60 1 1)
(40 65 63 1 1)
(40 72 67 1/2 0)
(81/2 67 64 1/2 0)
(41 68 65 1/2 0)
(83/2 71 66 1/2 0)
(42 36 46 1 1)
(42 73 68 1/2 0)
(85/2 72 67 1/2 0)
(43 55 57 1 1)
(43 64 62 1 1)
(43 71 66 1/2 0)
(87/2 66 63 1/2 0)
(44 58 59 1 1)
(44 60 60 1 1)
(44 64 62 1 1)
(44 67 64 1/2 0)
(89/2 70 66 1/2 0)
(45 41 49 1 1)
(45 69 65 1/2 0)
(91/2 68 65 1/2 0)
(46 56 58 1 1)
(46 60 60 1 1)
(46 65 63 2 0)
(47 53 56 1 1)
(47 56 58 1 1)
(47 61 61 1 1)
(48 63 62 2 0)
(49 43 50 1 1)
(49 51 55 1 1)
(49 61 61 1 1)
(50 39 48 1 1)
(50 51 55 1 1)
(50 55 57 1 1)
(50 61 61 1 1)
(50 65 63 1 0)
(51 63 62 1/2 0)
(103/2 62 61 1/2 0)
(52 44 51 1 1)
(52 51 55 1 1)
(52 60 60 1 0)
(52 63 62 1 0)
(53 44 51 1 1)
(53 51 55 1 1)
(53 60 60 1 0)
(53 72 67 1 0)
(54 70 66 2 0)
(55 44 51 1 1)
(55 51 55 1 1)
(55 58 59 1 1)
(55 61 61 1 0)
(55 65 63 1 0)
(56 44 51 1 1)
(56 51 55 1 1)
(56 58 59 1 1)
(56 61 61 1 0)
(56 67 64 1 0)
(56 72 67 1 0)
(57 68 65 3/4 0)
(231/4 67 64 1/4 0)
(58 44 51 1 1)
(58 51 55 1 1)
(58 56 58 1 1)
(58 60 60 1 0)
(58 68 65 1 0)
(59 44 51 1 1)
(59 51 55 1 1)
(59 60 60 1 1)
(59 63 62 1 0)
(59 75 69 1 0)
(60 63 62 2 0)
(61 39 48 1 1)
(61 51 55 1 1)
(61 55 57 1 1)
(61 61 61 1 1)
(62 39 48 1 1)
(62 51 55 1 1)
(62 55 57 1 1)
(62 61 61 1 1)
(62 65 63 1 0)
(63 63 62 1/2 0)
(127/2 62 61 1/2 0)
(64 44 51 1/2 1)
(64 51 55 1/2 1)
(64 60 60 1 0)
(64 63 62 1 0)
(129/2 43 50 1/2 1)
(65 41 49 1 1)
(65 53 56 1 1)
(65 60 60 5/2 0)
(65 68 65 1 0)
(66 67 64 2 0)
(67 43 50 1 1)
(67 50 54 1 1)
(135/2 59 59 1/2 0)
(68 43 50 1 1)
(68 50 54 1 1)
(68 55 57 1 0)
(68 62 61 1 0)
(69 60 60 1/2 0)
(69 67 64 2 0)
(139/2 59 59 1/2 0)
(70 43 50 1 1)
(70 50 54 1 1)
(70 57 58 1/2 0)
(141/2 59 59 1/2 0)
(71 43 50 1 1)
(71 50 54 1 1)
(71 55 57 1 0)
(71 62 61 1 0)
(72 56 58 1/2 1)
(72 61 61 2 0)
(72 63 62 2 0)
(145/2 55 57 1/2 1)
(73 53 56 1/2 1)
(147/2 55 57 1/2 1)
(74 39 48 1 1)
(74 51 55 1 1)
(74 61 61 2 0)
(74 65 63 1 0)
(75 63 62 1/2 0)
(151/2 62 61 1/2 0)
(76 44 51 1 1)
(76 51 55 1 1)
(76 60 60 1 0)
(76 63 62 1 0)
(77 44 51 1 1)
(77 51 55 1 1)
(77 60 60 1 0)
(77 72 67 1 0)
(78 70 66 2 0)
(79 44 51 1 1)
(79 51 55 1 1)
(79 58 59 1 1)
(79 61 61 1 0)
(79 65 63 1 0)
(80 44 51 1 1)
(80 51 55 1 1)
(80 58 59 1 1)
(80 61 61 1 0)
(80 67 64 1 0)
(80 72 67 1 0)
(81 68 65 3/4 0)
(327/4 67 64 1/4 0)
(82 44 51 1 1)
(82 51 55 1 1)
(82 56 58 1 1)
(82 60 60 1/2 0)
(82 68 65 1/2 0)
(331/4 65 63 1/4 0)
(331/4 77 70 1/4 0)
(83 44 51 1 1)
(83 51 55 1 1)
(83 60 60 1 1)
(83 63 62 1 0)
(83 75 69 1 0)
(84 63 62 2 0)
(85 39 48 1 1)
(85 51 55 1 1)
(85 55 57 1 0)
(85 61 61 1 0)
(86 39 48 1 1)
(86 51 55 1 1)
(86 55 57 1 0)
(86 61 61 1 0)
(86 65 63 1 0)
(87 63 62 1/2 0)
(351/4 62 61 1/4 0)
(88 44 51 1 1)
(88 51 55 1 1)
(88 60 60 1 0)
(88 63 62 1 0)
(89 41 49 1 1)
(89 50 54 1 1)
(89 60 60 5/2 0)
(89 68 65 1 0)
(90 67 64 2 0)
(91 43 50 1 1)
(91 50 54 1 1)
(183/2 59 59 1/2 0)
(92 43 50 1 1)
(92 50 54 1 1)
(92 55 57 1 0)
(92 62 61 1 0)
(93 60 60 1/2 0)
(93 67 64 2 0)
(187/2 59 59 1/2 0)
(94 43 50 1 1)
(94 50 54 1 1)
(94 57 58 1/2 0)
(189/2 59 59 1/2 0)
(95 43 50 1 1)
(95 50 54 1 1)
(95 55 57 1 0)
(95 62 61 1 0)
(96 67 64 1/2 0)
(96 69 65 2 0)
(193/2 66 63 1/2 0)
(97 43 50 1 1)
(97 50 54 1 1)
(97 57 58 1 1)
(97 64 62 1/2 0)
(195/2 66 63 1/2 0)
(98 43 50 1 1)
(98 50 54 1 1)
(98 57 58 1 1)
(98 62 61 1 0)
(98 74 68 1 0)
(99 72 67 1/2 0)
(99 74 68 3/4 0)
(199/2 71 66 1/2 0)
(399/4 74 68 1/4 0)
(100 43 50 1 1)
(100 50 54 1 1)
(100 59 59 1 1)
(100 69 65 1/2 0)
(100 74 68 1 0)
(201/2 71 66 1/2 0)
(101 43 50 1 1)
(101 50 54 1 1)
(101 59 59 1 1)
(101 67 64 1 0)
(101 79 71 1 0)
(102 65 63 1/2 0)
(102 67 64 2 0)
(205/2 64 62 1/2 0)
(103 43 50 1 1)
(103 48 53 1 1)
(103 58 59 1 1)
(103 62 61 1/2 0)
(207/2 64 62 1/2 0)
(104 43 50 1 1)
(104 48 53 1 1)
(104 58 59 1 1)
(104 60 60 1 0)
(104 72 67 1 0)
(105 70 66 1/2 0)
(105 72 67 3/4 0)
(211/2 68 65 1/2 0)
(423/4 72 67 1/4 0)
(106 41 49 1 1)
(106 48 53 1 1)
(106 56 58 1 1)
(106 67 64 1/2 0)
(106 72 67 1 0)
(213/2 68 65 1/2 0)
(107 41 49 1 1)
(107 48 53 1 1)
(107 56 58 1 1)
(107 65 63 1 0)
(107 77 70 1 0)
(108 65 63 1/2 0)
(217/2 63 62 1/2 0)
(109 41 49 1 1)
(109 48 53 1 1)
(109 56 58 1 0)
(109 61 61 1 0)
(110 41 49 1 1)
(110 48 53 1 1)
(110 56 58 1/2 0)
(221/2 58 59 1/2 0)
(111 60 60 2 0)
(112 36 46 1 1)
(112 48 53 1 1)
(112 52 55 1 1)
(112 55 57 1 1)
(113 36 46 1 1)
(113 48 53 1 1)
(113 52 55 1 1)
(113 55 57 1 1)
(113 60 60 1 0)
(114 65 63 1/2 0)
(229/2 63 62 1/2 0)
(115 37 47 1 1)
(115 44 51 1 1)
(115 53 56 1 0)
(115 61 61 1 0)
(116 37 47 1 1)
(116 44 51 1 1)
(116 53 56 1 1)
(116 56 58 1/2 0)
(233/2 58 59 1/2 0)
(117 60 60 2 0)
(118 32 44 1 1)
(118 44 51 1 1)
(118 51 55 1 1)
(118 56 58 1 1)
(119 32 44 1 1)
(119 44 51 1 1)
(119 51 55 1 1)
(119 56 58 1 1)
(119 60 60 1 0)
(120 40 48 1 1)
(120 73 68 1 0)
(121 58 59 1 1)
(121 60 60 1 1)
(121 67 64 1 1)
(121 73 68 5/2 0)
(122 58 59 1 1)
(122 60 60 1 1)
(122 67 64 1 1)
(123 41 49 1 1)
(247/2 72 67 1/2 0)
(124 56 58 1 1)
(124 65 63 1 1)
(124 70 66 1/2 0)
(249/2 68 65 1/2 0)
(125 56 58 1 1)
(125 60 60 1 1)
(125 67 64 1/2 0)
(251/2 65 63 1/2 0)
(126 48 53 1 1)
(126 67 64 1/2 0)
(253/2 60 60 1/2 0)
(127 58 59 1 1)
(127 64 62 1 1)
(127 72 67 3/2 0)
(128 58 59 1 1)
(128 60 60 1 1)
(128 64 62 1 1)
(257/2 67 64 1/2 0)
(129 41 49 1 1)
(129 68 65 3/4 0)
(519/4 72 67 1/4 0)
(130 56 58 1 1)
(130 60 60 1 1)
(130 65 63 1 1)
(130 77 70 3 0)
(131 56 58 1 1)
(131 61 61 1 1)
(131 65 63 1 1)
(132 43 50 1 1)
(133 51 55 1 1)
(133 58 59 1 1)
(133 61 61 1 1)
(133 77 70 3/2 0)
(134 51 55 1 1)
(134 58 59 1 1)
(134 61 61 1 1)
(269/2 77 70 1 0)
(135 44 51 1 1)
(271/2 75 69 1/2 0)
(136 51 55 1 1)
(136 60 60 1 1)
(136 73 68 1/2 0)
(273/2 72 67 1/2 0)
(137 70 66 1/2 0)
(275/2 68 65 1/2 0)
(138 46 52 1 1)
(138 67 65 1/2 0)
(277/2 66 64 1/2 0)
(139 54 57 1 1)
(139 61 61 1 1)
(139 70 66 1/2 0)
(279/2 65 63 1/2 0)
(140 58 59 1 1)
(140 61 61 1 1)
(140 68 65 1/2 0)
(281/2 66 64 1/2 0)
(141 48 53 1 1)
(141 65 63 1/2 0)
(283/2 64 62 1/2 0)
(142 55 57 1 1)
(142 60 60 2 0)
(142 64 62 1 1)
(143 55 57 1 1)
(143 64 62 1 1)
(144 36 46 1 1)
(144 73 68 1 0)
(145 58 59 1 1)
(145 64 62 1 1)
(145 73 68 5/2 0)
(146 58 59 1 1)
(146 64 62 1 1)
(147 48 53 1 1)
(295/2 72 67 1/2 0)
(148 56 58 1 1)
(148 60 60 1 1)
(148 65 63 1 1)
(148 70 66 1/2 0)
(297/2 68 65 1/2 0)
(149 56 58 1 1)
(149 60 60 1 1)
(149 67 64 1/2 0)
(299/2 65 63 1/2 0)
(150 36 46 1 1)
(150 67 64 1/2 0)
(301/2 60 60 1/2 0)
(151 58 59 1 1)
(151 64 62 1 1)
(151 72 67 3/2 0)
(152 58 59 1 1)
(152 64 62 1 1)
(305/2 67 64 1/2 0)
(153 41 49 1 1)
(153 69 65 1/2 0)
(307/2 72 67 1/2 0)
(154 53 56 1 1)
(154 63 62 1 1)
(154 77 70 3/2 0)
(155 53 56 1 1)
(155 57 58 1 1)
(155 63 62 1 1)
(311/2 76 69 1/2 0)
(156 46 52 1 1)
(156 75 69 1/2 0)
(313/2 74 68 1/2 0)
(157 53 56 1 1)
(157 55 57 1 1)
(157 61 61 1 1)
(157 65 63 1 1)
(157 73 68 1/2 0)
(315/2 69 65 1/2 0)
(158 70 66 1/2 0)
(317/2 71 66 1/2 0)
(159 48 53 1 1)
(159 73 68 1/2 0)
(319/2 73 68 1/2 0)
(160 56 58 1 1)
(160 60 60 1 1)
(160 65 63 1 1)
(160 72 67 1/2 0)
(321/2 67 64 1/2 0)
(161 68 65 1/2 0)
(323/2 71 66 1/2 0)
(162 36 46 1 1)
(162 73 68 1/2 0)
(325/2 72 67 1/2 0)
(163 55 57 1 1)
(163 64 62 1 1)
(163 71 66 1/2 0)
(327/2 66 63 1/2 0)
(164 58 59 1 1)
(164 60 60 1 1)
(164 64 62 1 1)
(164 67 64 1/2 0)
(329/2 70 66 1/2 0)
(165 41 49 3 1)
(165 69 65 1/2 0)
(331/2 68 65 1/2 0)
(166 48 53 2 1)
(166 56 58 2 1)
(166 65 63 2 0)
