(-1 64 62 1/2 0)
(-1/2 69 65 1/2 0)
(0 49 53 1 1)
(0 68 64 1 0)
(1 56 57 1 1)
(1 61 60 1 1)
(1 64 62 1 1)
(1 73 67 3/2 0)
(2 56 57 1 1)
(2 61 60 1 1)
(2 64 62 1 1)
(5/2 75 68 1/2 0)
(3 51 54 1 1)
(3 73 67 1/2 0)
(7/2 72 66 1/2 0)
(4 56 57 1 1)
(4 60 59 1 1)
(4 66 63 1 1)
(4 75 68 1 0)
(5 56 57 1 1)
(5 60 59 1 1)
(5 66 63 1 1)
(6 48 52 1 1)
(7 56 57 1 1)
(7 63 61 1 1)
(7 66 63 1 1)
(7 75 68 3/2 0)
(8 56 57 1 1)
(8 63 61 1 1)
(8 66 63 1 1)
(17/2 76 69 1/2 0)
(9 49 53 1 1)
(9 75 68 1/2 0)
(19/2 73 67 1/2 0)
(10 56 57 1 1)
(10 61 60 1 1)
(10 64 62 1 1)
(10 76 69 1 0)
(11 56 57 1 1)
(11 61 60 1 1)
(11 64 62 1 1)
(12 52 55 1 1)
(13 56 57 1 1)
(13 61 60 1 1)
(13 68 64 1 1)
(13 80 71 3/2 0)
(14 56 57 1 1)
(14 61 60 1 1)
(14 68 64 1 1)
(29/2 81 72 1/2 0)
(15 51 54 1 1)
(15 80 71 1/2 0)
(31/2 79 70 1/2 0)
(16 58 58 1 1)
(16 61 60 1 1)
(16 67 63 1 1)
(16 75 68 3/2 0)
(17 58 58 1 1)
(17 61 60 1 1)
(17 67 63 1 1)
(35/2 76 69 1/2 0)
(18 44 50 1 1)
(18 78 70 1 0)
(19 56 57 1 1)
(19 60 59 1 1)
(19 66 63 1 1)
(19 80 71 3/2 0)
(20 56 57 1 1)
(20 60 59 1 1)
(20 66 63 1 1)
(41/2 78 70 1/2 0)
(21 49 53 1 1)
(21 76 69 1/2 0)
(43/2 75 68 1/2 0)
(22 56 57 1 1)
(22 61 60 1 1)
(22 64 62 1 1)
(22 73 67 1 0)
(23 55 56 1 1)
(23 61 60 1 1)
(23 64 62 1 1)
(23 71 66 1/2 0)
(47/2 69 65 1/2 0)
(24 49 53 1 1)
(24 68 64 1 0)
(25 56 57 1 1)
(25 61 60 1 1)
(25 64 62 1 1)
(25 73 67 3/2 0)
(26 56 57 1 1)
(26 61 60 1 1)
(26 64 62 1 1)
(53/2 75 68 1/2 0)
(27 51 54 1 1)
(27 73 67 1/2 0)
(55/2 72 66 1/2 0)
(28 56 57 1 1)
(28 60 59 1 1)
(28 66 63 1 1)
(28 75 68 1 0)
(29 56 57 1 1)
(29 60 59 1 1)
(29 66 63 1 1)
(30 48 52 1 1)
(31 56 57 1 1)
(31 63 61 1 1)
(31 66 63 1 1)
(31 75 68 3/2 0)
(32 56 57 1 1)
(32 63 61 1 1)
(32 66 63 1 1)
(65/2 76 69 1/2 0)
(33 49 53 1 1)
(33 75 68 1/2 0)
(67/2 73 67 1/2 0)
(34 56 57 1 1)
(34 64 62 1 1)
(34 76 69 2 0)
(35 54 56 1 1)
(35 58 58 1 1)
(35 64 62 1 1)
(36 47 52 1 1)
(36 71 66 1 0)
(37 56 57 1 1)
(37 59 59 1 1)
(37 64 62 1 1)
(37 83 73 3/2 0)
(38 56 57 1 1)
(38 59 59 1 1)
(38 64 62 1 1)
(77/2 85 74 1/2 0)
(39 47 52 1 1)
(39 83 73 1/2 0)
(79/2 82 72 1/2 0)
(40 54 56 1 1)
(40 61 60 1 1)
(40 64 62 1 1)
(40 78 70 3/2 0)
(41 54 56 1 1)
(41 61 60 1 1)
(41 64 62 1 1)
(83/2 80 71 1/2 0)
(42 35 45 1 1)
(42 81 72 1 0)
(43 54 56 1 1)
(43 59 59 1 1)
(43 63 61 1 1)
(43 83 73 3/2 0)
(44 54 56 1 1)
(44 59 59 1 1)
(44 63 61 1 1)
(89/2 81 72 1/2 0)
(45 40 48 1 1)
(45 80 71 1/2 0)
(91/2 75 68 1/2 0)
(46 56 57 1 1)
(46 59 59 1 1)
(46 64 62 1 1)
(46 76 69 1/2 0)
(93/2 75 68 1/2 0)
(47 76 69 1/2 0)
(95/2 78 70 1/2 0)
(48 48 52 1 1)
(48 80 71 3/2 0)
(49 56 57 1 1)
(49 63 61 1 1)
(49 66 63 1 1)
(99/2 75 68 1/2 0)
(50 80 71 1/2 0)
(101/2 78 70 1/2 0)
(51 49 53 1 1)
(51 76 69 1 0)
(52 56 57 1 1)
(52 61 60 1 1)
(52 64 62 1 1)
(52 72 66 1/2 0)
(105/2 75 68 1/2 0)
(53 73 67 1/2 0)
(107/2 71 66 1/2 0)
(54 37 46 1 1)
(54 69 65 1/2 0)
(219/4 69 65 1/4 0)
(55 55 56 1 1)
(55 61 60 1 1)
(55 64 62 1 1)
(55 69 65 1 0)
(56 55 56 1 1)
(56 61 60 1 1)
(56 64 62 1 1)
(56 69 65 1 0)
(57 49 53 1 1)
(57 68 64 1/2 0)
(115/2 73 67 1/2 0)
(58 56 57 1 1)
(58 61 60 1 1)
(58 64 62 1 1)
(58 75 68 1/2 0)
(117/2 76 69 1/2 0)
(59 80 71 1/2 0)
(119/2 85 74 1/2 0)
(60 48 52 1 1)
(60 80 71 3/2 0)
(61 56 57 1 1)
(61 63 61 1 1)
(123/2 75 68 1/2 0)
(62 80 71 1/2 0)
(125/2 78 70 1/2 0)
(63 37 46 1 1)
(63 76 69 1 0)
(64 56 57 1 1)
(64 64 62 1 1)
(64 72 66 1/2 0)
(129/2 75 68 1/2 0)
(65 56 57 1 1)
(65 58 58 1 1)
(65 64 62 1 1)
(65 73 67 1/2 0)
(131/2 70 65 1/2 0)
(66 39 47 1 1)
(66 63 61 1/2 0)
(133/2 64 62 1/2 0)
(67 51 54 1 1)
(67 59 59 1 1)
(67 63 61 1/2 0)
(135/2 62 60 1/2 0)
(68 51 54 1 1)
(68 55 56 1 1)
(68 61 60 1 1)
(68 63 61 1/2 0)
(137/2 71 66 1/2 0)
(69 44 50 1 1)
(69 68 64 1/2 0)
(139/2 56 57 1/2 0)
(70 50 53 1/2 1)
(70 59 59 1 1)
(70 68 64 2 0)
(141/2 52 55 1/2 1)
(71 51 54 1/2 1)
(143/2 47 52 1/2 1)
(72 44 50 1 1)
(72 80 71 3/2 0)
(73 51 54 1 1)
(73 60 59 1 1)
(73 66 63 1 1)
(147/2 75 68 1/2 0)
(74 80 71 1/2 0)
(149/2 78 70 1/2 0)
(75 49 53 1 1)
(75 76 69 1 0)
(76 56 57 1 1)
(76 61 60 1 1)
(76 64 62 1 1)
(76 72 66 1/2 0)
(153/2 75 68 1/2 0)
(77 73 67 1/2 0)
(155/2 71 66 1/2 0)
(78 37 46 1 1)
(78 69 65 1/2 0)
(315/4 69 65 1/4 0)
(79 55 56 1 1)
(79 64 62 1 1)
(79 69 65 1 0)
(80 55 56 1 1)
(80 64 62 1 1)
(80 69 65 1 0)
(81 49 53 1 1)
(81 68 64 1/2 0)
(163/2 73 67 1/2 0)
(82 56 57 1 1)
(82 64 62 1 1)
(82 75 68 1/2 0)
(165/2 76 69 1/2 0)
(83 49 53 1 1)
(83 80 71 1/2 0)
(167/2 85 74 1/2 0)
(84 48 52 1 1)
(84 80 71 3/2 0)
(85 51 54 1 1)
(85 56 57 1 1)
(85 63 61 1 1)
(171/2 75 68 1/2 0)
(86 47 52 1 1)
(86 80 71 1/2 0)
(173/2 79 71 1/2 0)
(87 46 51 1 1)
(87 78 70 1/2 0)
(175/2 76 69 1/2 0)
(88 52 55 1 1)
(88 61 60 1 1)
(88 72 66 1/2 0)
(177/2 75 68 1/2 0)
(89 45 51 1 1)
(89 73 67 1/2 0)
(179/2 67 63 1/2 0)
(90 44 50 1 1)
(90 68 64 1/2 0)
(181/2 69 65 1/2 0)
(91 56 57 1 1)
(91 64 62 1 1)
(91 68 64 1/2 0)
(183/2 67 63 1/2 0)
(92 56 57 1 1)
(92 60 59 1 1)
(92 66 63 1 1)
(92 68 64 1/2 0)
(185/2 76 69 1/2 0)
(93 49 53 1 1)
(93 73 67 1/2 0)
(187/2 61 60 5/2 0)
(94 56 57 1 1)
(94 64 62 1 1)
(94 73 67 2 0)
(95 59 59 1/2 1)
(191/2 57 58 1/2 1)
(96 56 58 1/2 1)
(96 61 61 1 0)
(96 63 62 3/4 0)
(193/2 55 57 1/2 1)
(387/4 63 62 1/4 0)
(97 54 57 1 1)
(97 60 60 1 0)
(97 63 62 1 0)
(98 53 56 1 1)
(98 56 58 1 1)
(98 61 61 1 0)
(98 65 63 1 0)
(99 51 55 2 1)
(99 56 58 2 1)
(99 60 60 2 0)
(199/2 68 65 1/2 0)
(100 44 51 1 1)
(100 66 64 1 0)
(101 49 54 1 1)
(101 56 58 2 1)
(101 61 61 1 0)
(101 65 63 1 0)
(102 42 50 2 1)
(102 58 59 2 0)
(102 63 62 3/4 0)
(411/4 63 62 1/4 0)
(103 54 57 2 1)
(103 63 62 1 0)
(104 44 51 1 1)
(104 60 60 1 0)
(104 65 63 1 0)
(105 46 52 1 1)
(105 54 57 2 1)
(105 63 62 3/4 0)
(423/4 62 61 1/4 0)
(106 48 53 1 1)
(106 56 58 2 1)
(106 63 62 1 0)
(107 49 54 1 1)
(107 53 56 1 1)
(107 61 61 2 0)
(108 32 44 1 1)
(108 44 51 1 1)
(108 51 55 1 1)
(108 63 62 3/4 0)
(435/4 63 62 1/4 0)
(109 54 57 1 1)
(109 56 58 1 1)
(109 60 60 1 0)
(109 63 62 1 0)
(110 53 56 1 1)
(110 56 58 1 1)
(110 61 61 1 0)
(110 65 63 1 0)
(111 51 55 1 1)
(111 56 58 2 1)
(111 60 60 2 0)
(111 68 65 1/2 0)
(223/2 70 66 1/2 0)
(112 44 51 1 1)
(112 66 64 1 0)
(113 49 54 1 1)
(113 56 58 2 1)
(113 61 61 1 0)
(113 65 63 1 0)
(114 42 50 2 1)
(114 58 59 2 0)
(114 63 62 3/4 0)
(459/4 73 68 1/4 0)
(115 54 57 1 1)
(115 63 62 1 0)
(116 44 51 1 1)
(116 53 56 1 1)
(116 60 60 1 0)
(116 65 63 1 0)
(117 46 52 1 1)
(117 54 57 2 1)
(117 61 61 3/4 0)
(471/4 62 61 1/4 0)
(118 48 53 1 1)
(118 56 58 2 1)
(118 63 62 1 0)
(119 49 54 1 1)
(119 53 56 1 1)
(119 61 61 1 0)
(120 37 47 1 1)
(120 68 65 1/2 0)
(483/4 68 65 1/4 0)
(121 59 60 1 1)
(121 63 62 1 1)
(121 65 63 1 0)
(121 68 65 1 0)
(122 58 59 1 1)
(122 61 61 1 1)
(122 66 64 1 0)
(122 70 66 1 0)
(123 49 54 3 1)
(123 73 68 3/4 0)
(495/4 71 67 1/4 0)
(124 56 58 1 0)
(124 63 62 1 0)
(124 65 63 1 0)
(124 71 67 1 0)
(125 58 59 1 0)
(125 61 61 1 0)
(125 66 64 2 0)
(125 70 66 1 0)
(126 49 54 4 1)
(126 68 65 3/4 0)
(507/4 75 69 1/4 0)
(127 59 60 1 0)
(127 63 62 1 0)
(127 65 63 1 0)
(127 68 65 1 0)
(128 58 59 1 0)
(128 61 61 1 0)
(128 66 64 1 0)
(128 70 66 1 0)
(129 54 57 1 1)
(129 59 60 1 1)
(129 63 62 1 0)
(129 68 65 3/4 0)
(519/4 67 64 1/4 0)
(130 49 54 1 1)
(130 53 56 1 1)
(130 59 60 1 0)
(130 61 61 1 0)
(130 68 65 1 0)
(131 42 50 1 1)
(131 54 57 1 1)
(131 58 59 1 0)
(131 66 64 1 0)
(132 37 47 1 1)
(531/4 68 65 1/4 0)
(133 59 60 1 1)
(133 63 62 1 1)
(133 65 63 1 0)
(133 68 65 1 0)
(134 58 59 1 1)
(134 61 61 1 1)
(134 66 64 1 0)
(134 70 66 1 0)
(135 49 54 1 1)
(135 73 68 3/4 0)
(543/4 71 67 1/4 0)
(136 56 58 1 1)
(136 61 61 1 1)
(136 65 63 1 0)
(136 71 67 1 0)
(137 54 57 1 1)
(137 66 64 2 0)
(137 70 66 1 0)
(138 51 55 1 1)
(138 75 69 3/4 0)
(555/4 73 68 1/4 0)
(139 58 59 1 1)
(139 63 62 1 1)
(139 67 64 1 0)
(139 73 68 1 0)
(140 56 58 1 1)
(140 68 65 1 0)
(140 71 67 1 0)
(141 52 55 3 1)
(141 68 64 1 0)
(141 75 69 3/4 0)
(567/4 74 68 1/4 0)
(142 59 59 1 1)
(142 64 62 1 1)
(142 68 64 1 0)
(142 74 68 3 0)
(143 59 59 1 1)
(143 64 62 1 1)
(143 68 64 1 0)
(144 45 51 1 1)
(144 67 64 1 0)
(145 57 58 1 1)
(145 64 62 1 0)
(145 67 64 1 0)
(145 73 67 3/2 0)
(146 57 58 1 1)
(146 63 61 1 0)
(146 67 64 1 0)
(293/2 75 68 1/2 0)
(147 44 50 1 1)
(147 73 67 3/4 0)
(591/4 72 66 1/4 0)
(148 56 57 1 1)
(148 63 61 1 1)
(148 66 63 1 1)
(148 75 68 1 0)
(149 56 57 1 1)
(149 61 60 1 1)
(149 66 63 1 1)
(149 71 66 1/2 0)
(299/2 69 65 1/2 0)
(150 68 64 1 0)
(151 56 57 1 1)
(151 60 59 1 1)
(151 66 63 1 1)
(151 75 68 3/2 0)
(152 56 57 1 1)
(152 60 59 1 1)
(152 66 63 1 1)
(305/2 76 69 1/2 0)
(153 49 53 1 1)
(153 75 68 3/4 0)
(615/4 73 67 1/4 0)
(154 56 57 1 1)
(154 61 60 1 1)
(154 64 62 1 1)
(154 76 69 1 0)
(155 71 66 1/2 0)
(311/2 69 65 1/2 0)
(156 40 48 1 1)
(156 68 64 1 0)
(157 49 53 1 1)
(157 56 57 1 1)
(157 61 60 1 1)
(157 80 71 3/2 0)
(158 49 53 1 1)
(158 56 57 1 1)
(158 61 60 1 1)
(317/2 81 72 1/2 0)
(159 39 47 1 1)
(159 80 71 1/2 0)
(319/2 79 70 1/2 0)
(160 51 54 1 1)
(160 58 58 1 1)
(160 61 60 1 1)
(160 75 68 3/2 0)
(161 51 54 1 1)
(161 55 56 1 1)
(161 61 60 1 1)
(323/2 76 69 1/2 0)
(162 44 50 1 1)
(162 78 70 1 0)
(163 51 54 1 1)
(163 56 57 1 1)
(163 60 59 1 1)
(163 80 71 3/2 0)
(164 56 57 1 1)
(164 60 59 1 1)
(164 66 63 1 1)
(329/2 78 70 1/2 0)
(165 37 46 1 1)
(165 76 69 1/2 0)
(331/2 75 68 1/2 0)
(166 56 57 1 1)
(166 61 60 1 1)
(166 64 62 1 1)
(166 73 67 1 0)
(167 55 56 1 1)
(167 61 60 1 1)
(167 64 62 1 1)
(167 71 66 1/2 0)
(335/2 69 65 1/2 0)
(168 49 53 1 1)
(168 68 64 1 0)
(169 56 57 1 1)
(169 61 60 1 1)
(169 64 62 1 1)
(169 73 67 3/2 0)
(170 56 57 1 1)
(170 61 60 1 1)
(170 64 62 1 1)
(341/2 75 68 1/2 0)
(171 51 54 1 1)
(171 73 67 1/2 0)
(343/2 72 66 1/2 0)
(172 56 57 1 1)
(172 60 59 1 1)
(172 66 63 1 1)
(172 75 68 1 0)
(173 56 57 1 1)
(173 60 59 1 1)
(173 66 63 1 1)
(173 71 66 1/2 0)
(347/2 69 65 1/2 0)
(174 48 52 1 1)
(174 68 64 1 0)
(175 56 57 1 1)
(175 63 61 1 1)
(175 66 63 1 1)
(175 75 68 3/2 0)
(176 56 57 1 1)
(176 63 61 1 1)
(176 66 63 1 1)
(353/2 76 69 1/2 0)
(177 47 52 1 1)
(177 75 68 3/4 0)
(711/4 73 67 1/4 0)
(178 56 57 1 1)
(178 61 60 1 1)
(178 68 64 1 1)
(178 77 69 2 0)
(179 56 57 1 1)
(179 61 60 1 1)
(180 46 51 1 1)
(180 75 68 1/2 0)
(361/2 73 67 1/2 0)
(181 54 56 1 1)
(181 61 60 1 1)
(181 66 63 1 1)
(181 78 70 1 0)
(182 45 51 1 1)
(182 75 68 1/2 0)
(365/2 73 67 1/2 0)
(183 52 55 1 1)
(183 57 58 1 1)
(183 61 60 1 1)
(183 67 63 1 1)
(183 79 70 1 0)
(184 75 68 1/2 0)
(369/2 73 67 1/2 0)
(185 85 74 1/2 0)
(186 44 50 1 1)
(186 68 64 1/2 0)
(373/2 69 65 1/2 0)
(187 56 57 1 1)
(187 61 60 1 1)
(187 64 62 1 1)
(187 68 64 1/2 0)
(375/2 67 63 1/2 0)
(188 54 56 1 1)
(188 56 57 1 1)
(188 60 59 1 1)
(188 68 64 1/2 0)
(377/2 76 69 1/2 0)
(189 37 46 1 1)
(189 73 67 1/2 0)
(379/2 61 60 1/2 0)
(190 56 57 1 1)
(190 64 62 1 1)
(190 73 67 2 0)
(191 56 57 1 1)
(191 64 62 1 1)
(192 52 55 1 1)
(193 56 57 1 1)
(193 61 60 1 1)
(193 68 64 1 1)
(193 80 71 3/2 0)
(194 56 57 1 1)
(194 61 60 1 1)
(194 68 64 1 1)
(389/2 81 72 1/2 0)
(195 51 54 1 1)
(195 80 71 1/2 0)
(391/2 79 70 1/2 0)
(196 58 58 1 1)
(196 61 60 1 1)
(196 68 64 1/2 0)
(196 75 68 2 0)
(393/2 67 63 1/2 0)
(197 58 58 1 1)
(197 61 60 1 1)
(197 63 61 1 0)
(198 44 50 1 1)
(198 78 70 1 0)
(199 51 54 1 1)
(199 56 57 1 1)
(199 60 59 1 1)
(199 66 63 1 0)
(199 80 71 3/2 0)
(200 51 54 1 1)
(200 56 57 1 1)
(200 60 59 1 1)
(200 68 64 3/2 0)
(401/2 78 70 1/2 0)
(201 49 53 1 1)
(201 76 69 1/2 0)
(403/2 66 63 1/2 0)
(403/2 75 68 1/2 0)
(202 56 57 1 1)
(202 64 62 1/2 0)
(202 73 67 1 0)
(405/2 63 61 1/2 0)
(203 55 56 1 1)
(203 61 60 1 0)
(203 64 62 1 1)
(203 71 66 1/2 0)
(407/2 69 65 1/2 0)
(204 37 46 1 1)
(204 59 59 1/2 0)
(204 68 64 1 0)
(409/2 57 58 1/2 0)
(205 56 57 1 0)
(205 64 62 1 1)
(205 73 67 3/2 0)
(206 56 57 1 1)
(206 61 60 3/2 0)
(206 64 62 1 1)
(413/2 75 68 1/2 0)
(207 51 54 1 1)
(207 73 67 1/2 0)
(415/2 63 61 1/2 0)
(415/2 72 66 1/2 0)
(208 56 57 1 1)
(208 61 60 1/2 0)
(208 66 63 1 1)
(208 75 68 1 0)
(417/2 60 59 1/2 0)
(209 56 57 1 1)
(209 63 61 1 0)
(209 66 63 1 1)
(209 71 66 1/2 0)
(419/2 69 65 1/2 0)
(210 48 52 1 1)
(210 59 59 1/2 0)
(210 68 64 1 0)
(421/2 57 58 1/2 0)
(211 56 57 1 1)
(211 66 63 1 1)
(211 75 68 3/2 0)
(212 56 57 1 1)
(212 66 63 1 1)
(425/2 76 69 1/2 0)
(213 47 52 1 1)
(213 75 68 1/2 0)
(427/2 73 67 1/2 0)
(214 56 57 1 1)
(214 61 60 1 1)
(214 68 64 1 1)
(214 77 69 2 0)
(214 87 75 1/2 0)
(429/2 85 74 1/2 0)
(215 89 76 1 0)
(216 34 44 1 1)
(216 46 51 1 1)
(216 75 68 1/2 0)
(433/2 73 67 1/2 0)
(217 54 56 1 1)
(217 61 60 1 1)
(217 66 63 1 1)
(217 78 70 1 0)
(217 87 75 1/2 0)
(435/2 85 74 1/2 0)
(218 33 44 1 1)
(218 45 51 1 1)
(218 75 68 1/2 0)
(218 90 77 1 0)
(437/2 73 67 1/2 0)
(219 57 58 1 1)
(219 61 60 1 1)
(219 67 63 1 1)
(219 79 70 1 0)
(219 87 75 1/2 0)
(439/2 85 74 1/2 0)
(220 75 68 1/2 0)
(220 91 77 1 0)
(441/2 73 67 1/2 0)
(221 97 81 1/2 0)
(222 32 43 1 1)
(222 44 50 1 1)
(222 56 57 1/2 1)
(445/2 57 58 1/2 1)
(223 52 55 1 1)
(223 56 57 1/2 1)
(223 61 60 1 1)
(447/2 55 56 1/2 1)
(224 54 56 1 1)
(224 56 57 1/2 1)
(224 60 59 1 1)
(449/2 64 62 1/2 1)
(225 37 46 1 1)
(225 61 60 3/4 1)
(903/4 49 53 1/4 1)
(226 61 60 2 0)
(226 64 62 1 1)
(226 73 67 1 1)
