(0 35 45 1/2 1)
(0 47 52 1/2 1)
(0 54 56 1/2 0)
(0 59 59 1/2 0)
(0 63 61 1/2 0)
(1 54 56 1/2 0)
(3/2 59 59 1/2 0)
(2 63 61 1/2 0)
(5/2 61 60 1/2 0)
(5/2 64 62 1/2 0)
(3 62 60 1/2 0)
(3 65 62 1/2 0)
(15/4 56 57 1/4 0)
(4 47 52 1 1)
(4 56 57 1 1)
(4 62 60 1 0)
(4 65 62 1 0)
(5 47 52 1 1)
(5 54 56 1 1)
(5 63 61 1 0)
(5 66 63 1 0)
(6 40 48 1 1)
(6 47 52 1 1)
(6 56 57 1/2 0)
(6 64 62 1/2 0)
(6 71 66 1/2 0)
(7 59 59 1/2 0)
(15/2 68 64 1/2 0)
(15/2 71 66 1/2 0)
(8 52 55 1 1)
(8 59 59 1 1)
(8 66 63 1/2 0)
(8 70 65 1/2 0)
(17/2 64 62 1/2 0)
(17/2 68 64 1/2 0)
(9 62 60 1/2 0)
(9 65 62 1/2 0)
(39/4 56 57 1/4 0)
(10 47 52 1 1)
(10 56 57 1 1)
(10 62 60 1 0)
(10 65 62 1 0)
(11 47 52 1 1)
(11 54 56 1 1)
(11 63 61 1 0)
(11 66 63 1 0)
(12 30 42 1/2 1)
(12 42 49 1/2 1)
(12 58 58 1/2 0)
(12 64 62 1/2 0)
(12 68 64 1/2 0)
(13 54 56 1/2 0)
(27/2 68 64 1/2 0)
(14 42 49 1 1)
(14 54 56 1 1)
(14 58 58 1 1)
(14 63 61 1/2 0)
(14 66 63 1/2 0)
(29/2 61 60 1/2 0)
(29/2 64 62 1/2 0)
(15 58 58 1/2 0)
(15 62 60 1/2 0)
(63/4 51 54 1/4 0)
(16 44 50 1 1)
(16 58 58 1 0)
(16 62 60 1 0)
(17 44 50 1 1)
(17 51 54 1 1)
(17 54 56 1 0)
(17 59 59 1 0)
(17 63 61 1 0)
(18 37 46 1/2 1)
(18 59 59 1/2 0)
(18 63 61 1/2 0)
(19 49 53 1 1)
(19 53 55 1/2 0)
(19 56 57 1 1)
(39/2 59 59 1/2 0)
(39/2 63 61 1/2 0)
(20 59 59 1/2 0)
(20 63 61 1/2 0)
(83/4 59 59 1/4 0)
(83/4 61 60 1/4 0)
(21 42 49 1 1)
(21 64 62 1/2 0)
(21 68 64 1/2 0)
(43/2 68 64 1/2 0)
(43/2 71 66 1/2 0)
(22 54 56 1 1)
(22 58 58 1 0)
(22 61 60 1 0)
(23 54 56 1 1)
(23 58 58 1 0)
(23 61 60 1 1)
(23 64 62 1 0)
(23 68 64 1 0)
(24 35 45 1 1)
(24 47 52 1 1)
(24 63 61 1 0)
(24 66 63 1 0)
(24 75 68 1 0)
(25 54 56 1 1)
(25 59 59 1 1)
(25 63 61 1 1)
(25 66 63 1/2 0)
(51/2 71 66 1/2 0)
(51/2 75 68 1/2 0)
(26 73 67 3/4 0)
(26 76 69 3/4 0)
(107/4 74 67 1/4 0)
(107/4 77 69 1/4 0)
(27 47 52 1 1)
(27 74 67 1/2 0)
(27 77 69 1/2 0)
(55/2 68 64 1/2 0)
(28 56 57 1 1)
(28 59 59 1 1)
(28 62 60 1 1)
(28 74 67 1 0)
(28 77 69 1 0)
(29 54 56 1 1)
(29 59 59 1 1)
(29 63 61 1 1)
(29 66 63 1 0)
(29 75 68 1 0)
(29 78 70 1 0)
(30 40 48 1 1)
(30 52 55 1 1)
(30 68 64 1 0)
(30 76 69 1 0)
(30 83 73 1 0)
(31 56 57 1 1)
(31 59 59 1 1)
(31 64 62 1 1)
(31 68 64 1 1)
(31 71 66 1/2 0)
(63/2 80 71 1/2 0)
(63/2 83 73 1/2 0)
(32 78 70 1/2 0)
(32 82 72 1/2 0)
(65/2 76 69 1/2 0)
(65/2 80 71 1/2 0)
(33 47 52 1 1)
(33 74 67 1/2 0)
(33 77 69 1/2 0)
(135/4 68 64 1/4 0)
(34 56 57 1 1)
(34 59 59 1 1)
(34 62 60 1 1)
(34 74 67 1 0)
(34 77 69 1 0)
(35 54 56 1 1)
(35 59 59 1 1)
(35 63 61 1 1)
(35 66 63 1 0)
(35 75 68 1 0)
(35 78 70 1 0)
(36 42 49 1 1)
(36 54 56 1 1)
(36 70 65 1 0)
(36 76 69 1 0)
(36 80 71 1 0)
(37 54 56 1 1)
(37 61 60 1 1)
(37 64 62 1 1)
(37 66 63 1/2 0)
(75/2 70 65 1/2 0)
(75/2 76 69 1/2 0)
(75/2 80 71 1/2 0)
(38 70 65 1/2 0)
(38 75 68 1/2 0)
(38 78 70 1/2 0)
(155/4 73 67 1/4 0)
(155/4 76 69 1/4 0)
(39 44 50 1 1)
(39 70 65 1/2 0)
(39 74 67 1/2 0)
(79/2 63 61 1/2 0)
(40 51 54 1 1)
(40 56 57 1 1)
(40 59 59 1 1)
(40 70 65 1 0)
(40 74 67 1 0)
(41 51 54 1 1)
(41 56 57 1 1)
(41 59 59 1 1)
(41 63 61 1 1)
(41 66 63 1 0)
(41 71 66 1 0)
(41 75 68 1 0)
(42 37 46 1 1)
(42 49 53 1 1)
(42 65 62 1 0)
(42 71 66 1 0)
(42 75 68 1 0)
(43 56 57 1 1)
(43 61 60 1 1)
(43 65 62 1/2 0)
(43 68 64 1 1)
(87/2 71 66 1/2 0)
(87/2 75 68 1/2 0)
(44 71 66 1 0)
(44 75 68 1/2 0)
(89/2 73 67 1/2 0)
(45 42 49 1 1)
(45 71 66 1/2 0)
(45 72 66 1/2 0)
(183/4 70 65 1/4 0)
(183/4 73 67 1/4 0)
(46 54 56 1 1)
(46 61 60 1 1)
(46 66 63 1/2 0)
(46 78 70 5/2 0)
(93/2 70 65 1/2 0)
(47 54 56 1 1)
(47 61 60 1 1)
(47 71 66 1/2 0)
(95/2 75 68 1/2 0)
(48 54 56 1 1)
(48 61 60 1 1)
(48 68 64 1 1)
(48 73 67 1 0)
(97/2 77 69 1/2 0)
(49 54 56 1 1)
(49 61 60 1 1)
(49 68 64 1 1)
(49 71 66 1 0)
(49 75 68 1/2 0)
(99/2 77 69 1/2 0)
(50 54 56 1 1)
(50 61 60 1 1)
(50 70 65 1 0)
(50 78 70 1/2 0)
(101/2 75 68 1/2 0)
(51 54 56 1 1)
(51 61 60 1 1)
(51 68 64 1 1)
(51 71 66 1 0)
(51 73 67 1/2 0)
(103/2 77 69 1/2 0)
(52 54 56 1 1)
(52 61 60 1 1)
(52 70 65 1 0)
(52 78 70 3/2 0)
(53 54 56 1 1)
(53 61 60 1 1)
(53 70 65 1 0)
(107/2 80 71 1/2 0)
(54 54 56 1 1)
(54 61 60 1 1)
(54 68 64 1 1)
(54 71 66 1 0)
(54 78 70 1/2 0)
(109/2 77 69 1/2 0)
(55 54 56 1 1)
(55 61 60 1 1)
(55 68 64 1 1)
(55 71 66 1 0)
(55 75 68 1/2 0)
(111/2 77 69 1/2 0)
(56 54 56 1 1)
(56 61 60 1 1)
(56 70 65 1 0)
(56 78 70 1/2 0)
(113/2 75 68 1/2 0)
(57 54 56 1 1)
(57 61 60 1 1)
(57 68 64 1 1)
(57 71 66 1 0)
(57 73 67 1/2 0)
(115/2 77 69 1/2 0)
(58 54 56 1 1)
(58 61 60 1 1)
(58 70 65 1 0)
(58 78 70 3/2 0)
(59 54 56 1 1)
(59 61 60 1 1)
(59 69 65 1 0)
(119/2 76 69 1/2 0)
(60 59 59 1 1)
(60 69 65 1 0)
(60 76 69 1/2 0)
(121/2 75 68 1/2 0)
(61 59 59 1 1)
(61 66 63 1 1)
(61 69 65 1 0)
(61 73 67 1/2 0)
(123/2 75 68 1/2 0)
(62 52 55 1 1)
(62 59 59 1 1)
(62 68 64 1 0)
(62 76 69 1/2 0)
(125/2 73 67 1/2 0)
(63 59 59 1 1)
(63 66 63 1 1)
(63 69 65 1 0)
(63 71 66 1/2 0)
(127/2 75 68 1/2 0)
(64 52 55 1 1)
(64 59 59 1 1)
(64 68 64 1 0)
(64 76 69 3/2 0)
(65 52 55 1 1)
(65 59 59 1 1)
(65 68 64 1 0)
(131/2 75 68 1/2 0)
(66 58 59 1 1)
(66 68 65 1 0)
(66 75 69 1/2 0)
(133/2 74 68 1/2 0)
(67 52 56 1 1)
(67 58 59 1 1)
(67 68 65 1 0)
(67 73 67 1/2 0)
(135/2 74 68 1/2 0)
(68 51 55 1 1)
(68 58 59 1 1)
(68 67 64 1 0)
(68 75 69 1/2 0)
(137/2 71 67 1/2 0)
(69 58 59 1 1)
(69 65 63 1 1)
(69 68 65 1 0)
(69 70 66 1/2 0)
(139/2 74 68 1/2 0)
(70 51 55 1 1)
(70 58 59 1 1)
(70 67 64 1 0)
(70 75 69 2 0)
(72 40 48 1 1)
(72 75 68 3/2 0)
(73 59 59 1 1)
(73 61 60 1 1)
(73 68 64 1 1)
(147/2 73 67 1/2 0)
(74 76 69 1/2 0)
(149/2 75 68 1/2 0)
(75 73 67 1/2 0)
(151/2 71 66 1/2 0)
(76 70 65 1/2 0)
(153/2 71 66 1/2 0)
(77 73 67 1/2 0)
(155/2 68 64 1/2 0)
(78 42 49 1 1)
(78 66 63 3/2 0)
(79 54 56 1 1)
(79 58 58 1 1)
(79 64 62 1 1)
(159/2 68 64 1/2 0)
(80 54 56 1 1)
(80 58 58 1 1)
(80 64 62 1 1)
(80 66 63 1/2 0)
(161/2 68 64 1/2 0)
(81 47 52 1 1)
(81 66 63 1/2 0)
(163/2 70 65 1/2 0)
(82 54 56 1 1)
(82 59 59 1 1)
(82 63 61 1 1)
(82 71 66 1/2 0)
(165/2 75 68 1/2 0)
(83 80 71 1/2 0)
(167/2 78 70 1/2 0)
(84 40 48 1 1)
(84 75 68 3/2 0)
(85 59 59 1 1)
(85 61 60 1 1)
(85 68 64 1 1)
(171/2 73 67 1/2 0)
(86 76 69 1/2 0)
(173/2 75 68 1/2 0)
(87 73 67 1/2 0)
(175/2 71 66 1/2 0)
(88 70 65 1/2 0)
(177/2 71 66 1/2 0)
(89 73 67 1/2 0)
(179/2 68 64 1/2 0)
(90 66 63 3/2 0)
(91 54 56 1 1)
(91 58 58 1 1)
(91 64 62 1 1)
(183/2 68 64 1/2 0)
(92 66 63 1/2 0)
(185/2 73 67 1/2 0)
(93 66 63 1/2 0)
(187/2 68 64 1/2 0)
(94 66 63 1/2 0)
(189/2 73 67 1/2 0)
(95 65 63 1/2 0)
(191/2 73 67 1/2 0)
(96 64 62 1/2 0)
(193/2 73 67 1/2 0)
(97 71 66 2 0)
(98 52 55 1 1)
(98 62 61 1 0)
(98 64 62 1 0)
(99 69 65 1/2 0)
(199/2 66 63 1/2 0)
(100 68 64 1 0)
(101 45 51 1 1)
(101 52 55 1 1)
(101 61 60 1 0)
(101 69 65 1 0)
(102 64 62 1/2 0)
(205/2 69 65 1/2 0)
(103 68 64 2 0)
(104 40 48 1 1)
(104 56 57 1 1)
(104 62 61 1 1)
(105 66 63 1/2 0)
(211/2 62 61 1/2 0)
(106 66 63 1 0)
(107 45 51 1 1)
(107 52 55 1 1)
(107 57 58 1 1)
(107 61 60 1 1)
(107 64 62 1 0)
(108 64 62 1/2 0)
(217/2 73 67 1/2 0)
(109 71 66 2 0)
(110 52 55 1 1)
(110 62 61 1 0)
(110 64 62 1 0)
(111 69 65 1/2 0)
(223/2 66 63 1/2 0)
(112 68 64 1 0)
(113 45 51 1 1)
(113 52 55 1 1)
(113 61 60 1 0)
(113 69 65 1 0)
(114 64 62 1/2 0)
(229/2 69 65 1/2 0)
(115 68 64 2 0)
(116 49 53 1 1)
(116 56 57 1 0)
(116 61 60 1 0)
(116 64 62 1 0)
(117 66 63 1/2 0)
(235/2 63 61 1/2 0)
(118 44 50 1 1)
(118 56 57 1 1)
(118 60 59 1 1)
(118 66 63 1 0)
(119 37 46 1 1)
(119 49 53 1 1)
(119 56 57 1 1)
(119 61 60 1 0)
(119 64 62 1 0)
(120 66 63 1/2 0)
(241/2 63 61 1/2 0)
(121 47 52 1 1)
(121 57 58 1 1)
(121 59 59 1 1)
(121 66 63 1 0)
(122 40 48 1 1)
(122 52 55 1 1)
(122 56 57 1 1)
(122 59 59 1 1)
(122 64 62 1 0)
(123 66 63 1/2 0)
(247/2 63 61 1/2 0)
(124 44 50 1 1)
(124 56 57 1 1)
(124 60 59 1 1)
(124 66 63 1 0)
(125 37 46 1 1)
(125 49 53 1 1)
(125 56 57 1 1)
(125 61 60 1 1)
(125 64 62 1 0)
(126 64 62 1/2 0)
(253/2 73 67 1/2 0)
(127 71 66 2 0)
(128 52 55 1 1)
(128 62 61 1 0)
(128 64 62 1 0)
(129 81 72 1/2 0)
(259/2 78 70 1/2 0)
(130 80 71 1 0)
(131 57 58 1 1)
(131 64 62 1 1)
(131 69 65 1 0)
(131 73 67 1 0)
(131 81 72 1 0)
(132 64 62 1/2 0)
(265/2 69 65 1/2 0)
(133 68 64 2 0)
(134 40 48 1 1)
(134 52 55 1 1)
(134 56 57 1 1)
(134 62 61 1 1)
(135 78 70 1/2 0)
(271/2 74 68 1/2 0)
(136 78 70 1 0)
(137 57 58 1 1)
(137 64 62 1 1)
(137 69 65 1 0)
(137 73 67 1 0)
(137 76 69 1 0)
(138 64 62 1/2 0)
(277/2 73 67 1/2 0)
(139 71 66 2 0)
(140 52 55 1 1)
(140 62 61 1 0)
(140 64 62 1 0)
(141 81 72 1/2 0)
(283/2 78 70 1/2 0)
(142 80 71 1 0)
(143 57 58 1 1)
(143 64 62 1 1)
(143 69 65 1 0)
(143 73 67 1 0)
(143 81 72 1 0)
(144 64 62 1/2 0)
(289/2 69 65 1/2 0)
(145 68 64 2 0)
(146 49 53 1 1)
(146 56 57 1 0)
(146 61 60 1 0)
(146 64 62 1 0)
(147 66 63 1/2 0)
(295/2 63 61 1/2 0)
(148 44 50 1 1)
(148 56 57 1 1)
(148 60 59 1 1)
(148 66 63 1 0)
(149 37 46 1 1)
(149 49 53 1 1)
(149 56 57 1 1)
(149 61 60 1 0)
(149 64 62 1 0)
(150 66 63 1/2 0)
(301/2 63 61 1/2 0)
(151 47 52 1 1)
(151 57 58 1 1)
(151 59 59 1 1)
(151 66 63 1 0)
(152 40 48 1 1)
(152 52 55 1 1)
(152 56 57 1 1)
(152 59 59 1 1)
(152 64 62 1 0)
(153 66 63 1/2 0)
(307/2 63 61 1/2 0)
(154 44 50 1 1)
(154 56 57 1 1)
(154 60 59 1 1)
(154 66 63 1 0)
(155 37 46 1 1)
(155 49 53 1 1)
(155 56 57 1 1)
(155 61 60 1 1)
(155 64 62 1 0)
(156 42 49 1 1)
(156 54 56 12 1)
(156 58 58 1 0)
(156 64 62 1 0)
(157 47 52 2 1)
(157 59 59 2 0)
(157 63 61 2 0)
(159 42 49 1/2 1)
(159 58 58 1 0)
(159 64 62 1 0)
(319/2 49 53 1/2 1)
(160 47 52 2 1)
(160 59 59 2 0)
(160 63 61 2 0)
(162 42 49 1/2 1)
(162 58 58 1 0)
(162 64 62 1 0)
(325/2 49 53 1/2 1)
(163 47 52 1/2 1)
(163 59 59 1 0)
(163 63 61 1 0)
(327/2 46 51 1/2 1)
(164 47 52 1/2 1)
(164 59 59 1 0)
(164 63 61 1 0)
(329/2 44 50 1/2 1)
(165 42 49 1/2 1)
(165 58 58 1 0)
(165 64 62 1 0)
(331/2 49 53 1/2 1)
(166 47 52 1 1)
(166 59 59 2 0)
(166 63 61 2 0)
(168 44 50 1 1)
(168 56 57 12 1)
(168 60 59 1 0)
(168 66 63 1 0)
(169 49 53 2 1)
(169 61 60 2 0)
(169 65 62 2 0)
(171 44 50 1/2 1)
(171 60 59 1 0)
(171 66 63 1 0)
(343/2 51 54 1/2 1)
(172 49 53 2 1)
(172 61 60 2 0)
(172 65 62 2 0)
(174 44 50 1/2 1)
(174 60 59 1 0)
(174 66 63 1/3 0)
(523/3 68 64 1/3 0)
(349/2 51 54 1/2 1)
(524/3 66 63 1/3 0)
(175 49 53 1/2 1)
(175 61 60 1 0)
(175 65 62 1 0)
(351/2 48 52 1/2 1)
(176 49 53 1/2 1)
(176 61 60 1 0)
(176 65 62 1 0)
(353/2 46 51 1/2 1)
(177 44 50 1/2 1)
(177 60 59 1 0)
(177 66 63 1 0)
(355/2 51 54 1/2 1)
(178 49 53 2 1)
(178 61 60 2 0)
(178 65 62 2 0)
(180 49 53 1 1)
(180 61 60 12 1)
(180 65 62 1 0)
(180 71 66 1 0)
(181 54 56 2 1)
(181 66 63 2 0)
(181 70 65 2 0)
(183 49 53 1/2 1)
(183 65 62 1 0)
(183 71 66 1 0)
(367/2 56 57 1/2 1)
(184 54 56 3/2 1)
(184 66 63 2 0)
(184 70 65 2 0)
(371/2 51 54 1/2 1)
(186 49 53 1/2 1)
(186 65 62 1 0)
(186 71 66 1/3 0)
(559/3 73 67 1/3 0)
(373/2 56 57 1/2 1)
(560/3 71 66 1/3 0)
(187 54 56 1/2 1)
(187 66 63 1 0)
(187 70 65 1 0)
(375/2 53 55 1/2 1)
(188 54 56 1/2 1)
(188 66 63 1 0)
(188 70 65 1 0)
(377/2 51 54 1/2 1)
(189 49 53 1/2 1)
(189 65 62 1 0)
(189 71 66 1/3 0)
(568/3 73 67 1/3 0)
(379/2 56 57 1/2 1)
(569/3 71 66 1/3 0)
(190 54 56 2 1)
(190 66 63 2 0)
(190 70 65 2 0)
(192 54 56 1 1)
(192 66 63 7 1)
(192 70 65 1 0)
(192 76 69 1 0)
(193 59 59 2 1)
(193 71 66 2 0)
(193 75 68 2 0)
(195 54 56 1/2 1)
(195 70 65 1 0)
(195 76 69 1/3 0)
(586/3 78 70 1/3 0)
(391/2 61 60 1/2 1)
(587/3 76 69 1/3 0)
(196 59 59 3/2 1)
(196 71 66 1 0)
(196 75 68 1 0)
(395/2 56 57 1/2 1)
(198 54 56 1/2 1)
(397/2 56 57 1/2 1)
(199 54 56 1/2 1)
(399/2 53 55 1/2 1)
(200 52 55 1/2 1)
(401/2 51 54 1/2 1)
(201 49 53 1/2 1)
(403/2 51 54 1/2 1)
(202 49 53 1/2 1)
(405/2 47 52 1/2 1)
(203 46 51 1/2 1)
(407/2 44 50 1/2 1)
(204 30 42 1 1)
(204 42 49 1 1)
(204 54 56 1 0)
(205 59 59 1/2 0)
(205 63 61 1/2 0)
(411/2 54 56 1/2 0)
(206 59 59 1/2 0)
(206 63 61 1/2 0)
(413/2 61 60 1/2 0)
(413/2 64 62 1/2 0)
(207 62 60 1/2 0)
(207 65 62 1/2 0)
(831/4 56 57 1/4 0)
(208 30 42 1 1)
(208 42 49 1 1)
(208 56 57 1 0)
(208 62 60 1 0)
(208 65 62 1 0)
(209 30 42 1 1)
(209 42 49 1 1)
(209 54 56 1 0)
(209 63 61 1 0)
(209 66 63 1 0)
(210 30 42 1 1)
(210 42 49 1 1)
(210 56 57 1 0)
(210 64 62 1 0)
(210 71 66 1 0)
(211 42 49 1 1)
(211 56 57 1 1)
(211 59 59 1/2 0)
(423/2 64 62 1/2 0)
(423/2 68 64 1/2 0)
(423/2 71 66 1/2 0)
(212 66 63 1/2 0)
(212 70 65 1/2 0)
(425/2 64 62 1/2 0)
(425/2 68 64 1/2 0)
(213 62 60 1/2 0)
(213 65 62 1/2 0)
(855/4 56 57 1/4 0)
(214 30 42 1 1)
(214 42 49 1 1)
(214 56 57 1 0)
(214 62 60 1 0)
(214 65 62 1 0)
(215 30 42 1 1)
(215 42 49 1 1)
(215 54 56 1 0)
(215 63 61 1 0)
(215 66 63 1 0)
(216 30 42 1 1)
(216 42 49 1 1)
(216 58 58 1 0)
(216 64 62 1 0)
(216 68 64 1 0)
(217 42 49 1 1)
(217 54 56 1/2 0)
(435/2 59 59 1/2 0)
(435/2 64 62 1/2 0)
(435/2 68 64 1/2 0)
(218 31 42 1 1)
(218 43 49 1 1)
(218 58 58 1/2 0)
(218 63 61 1/2 0)
(218 66 63 1/2 0)
(437/2 61 60 1/2 0)
(437/2 64 62 1/2 0)
(219 32 43 1 1)
(219 44 50 1 1)
(219 58 58 1/2 0)
(219 62 60 1/2 0)
(439/2 51 54 1/2 0)
(220 44 50 1 1)
(220 58 58 1 0)
(220 62 60 1 0)
(221 44 50 1 1)
(221 51 54 1 1)
(221 54 56 1 0)
(221 59 59 1 0)
(221 63 61 1 0)
(222 37 46 1 1)
(222 59 59 1 0)
(222 63 61 1 0)
(223 49 53 1 1)
(223 53 55 1/2 0)
(223 56 57 1 1)
(447/2 59 59 1/2 0)
(447/2 63 61 1/2 0)
(224 49 53 1 1)
(224 56 57 1 1)
(224 59 59 1/2 0)
(224 63 61 1/2 0)
(899/4 59 59 1/4 0)
(899/4 61 60 1/4 0)
(225 30 42 1 1)
(225 42 49 1 1)
(225 64 62 1/2 0)
(225 68 64 1/2 0)
(451/2 68 64 1/2 0)
(451/2 71 66 1/2 0)
(226 54 56 1 1)
(226 58 58 1 0)
(226 61 60 1 0)
(227 54 56 1 1)
(227 58 58 1 0)
(227 61 60 1 1)
(227 64 62 1 0)
(227 68 64 1 0)
(228 35 45 1 1)
(228 47 52 1 1)
(228 63 61 1 0)
(228 66 63 1 0)
(228 75 68 1 0)
(229 54 56 1 1)
(229 59 59 1 1)
(229 63 61 1 1)
(229 66 63 1/2 0)
(459/2 71 66 1/2 0)
(459/2 75 68 1/2 0)
(230 73 67 3/4 0)
(230 76 69 3/4 0)
(923/4 74 67 1/4 0)
(923/4 77 69 1/4 0)
(231 47 52 1 1)
(231 74 67 1/2 0)
(231 77 69 1/2 0)
(463/2 68 64 1/2 0)
(232 56 57 1 1)
(232 59 59 1 1)
(232 62 60 1 1)
(232 74 67 1 0)
(232 77 69 1 0)
(233 54 56 1 1)
(233 59 59 1 1)
(233 63 61 1 1)
(233 66 63 1 0)
(233 75 68 1 0)
(233 78 70 1 0)
(234 40 48 1 1)
(234 68 64 1 0)
(234 76 69 1 0)
(234 83 73 1 0)
(235 56 57 1 1)
(235 59 59 1 1)
(235 64 62 1 1)
(235 68 64 1 1)
(235 71 66 1/2 0)
(471/2 80 71 1/2 0)
(471/2 83 73 1/2 0)
(236 78 70 1/2 0)
(236 82 72 1/2 0)
(473/2 76 69 1/2 0)
(473/2 80 71 1/2 0)
(237 47 52 1 1)
(237 74 67 1/2 0)
(237 77 69 1/2 0)
(951/4 68 64 1/4 0)
(238 56 57 1 1)
(238 59 59 1 1)
(238 62 60 1 1)
(238 74 67 1 0)
(238 77 69 1 0)
(239 54 56 1 1)
(239 59 59 1 1)
(239 63 61 1 1)
(239 66 63 1 0)
(239 75 68 1 0)
(239 78 70 1 0)
(240 42 49 1 1)
(240 54 56 1 1)
(240 70 65 1 0)
(240 76 69 1 0)
(240 80 71 1 0)
(241 54 56 1 1)
(241 61 60 1 1)
(241 64 62 1 1)
(241 66 63 1/2 0)
(483/2 70 65 1/2 0)
(483/2 76 69 1/2 0)
(483/2 80 71 1/2 0)
(242 42 49 1 1)
(242 70 65 1/2 0)
(242 75 68 1/2 0)
(242 78 70 1/2 0)
(485/2 73 67 1/2 0)
(485/2 76 69 1/2 0)
(243 44 50 1 1)
(243 70 65 1/2 0)
(243 74 67 1/2 0)
(975/4 63 61 1/4 0)
(244 51 54 1 1)
(244 56 57 1 1)
(244 59 59 1 1)
(244 70 65 1 0)
(244 74 67 1 0)
(245 51 54 1 1)
(245 56 57 1 1)
(245 59 59 1 1)
(245 66 63 1 0)
(245 71 66 1 0)
(245 75 68 1 0)
(246 37 46 1 1)
(246 71 66 1 0)
(246 75 68 1 0)
(247 61 60 1 1)
(247 65 62 1/2 0)
(247 68 64 1 1)
(495/2 75 68 1/2 0)
(248 54 56 1 1)
(248 64 62 1 0)
(248 70 65 1 0)
(248 75 68 3/4 0)
(995/4 73 67 1/4 0)
(249 47 52 1 1)
(249 74 67 1/2 0)
(249 80 71 1/2 0)
(999/4 68 64 1/4 0)
(250 53 55 1 1)
(250 59 59 1 1)
(250 62 60 1 1)
(250 74 67 1 0)
(250 80 71 1 0)
(251 54 56 1 1)
(251 63 61 1 1)
(251 66 63 1 0)
(251 75 68 1 0)
(251 78 70 1 0)
(252 37 46 1 1)
(252 71 66 1 0)
(252 75 68 1 0)
(253 61 60 1 1)
(253 65 62 1/2 0)
(253 68 64 1 1)
(507/2 75 68 1/2 0)
(254 54 56 1 1)
(254 64 62 1 0)
(254 70 65 1 0)
(254 75 68 3/4 0)
(1019/4 73 67 1/4 0)
(255 47 52 1 1)
(255 74 67 1/2 0)
(255 80 71 1/2 0)
(1023/4 68 64 1/4 0)
(256 53 55 1 1)
(256 59 59 1 1)
(256 62 60 1 1)
(256 74 67 1 0)
(256 80 71 1 0)
(257 54 56 1 1)
(257 59 59 1 1)
(257 63 61 1 1)
(257 66 63 1 0)
(257 75 68 1 0)
(257 78 70 1 0)
(258 37 46 1 1)
(258 71 66 1 0)
(258 75 68 1 0)
(259 61 60 1 1)
(259 65 62 2 0)
(259 68 64 1 1)
(1039/4 75 68 1/4 0)
(260 75 68 1/2 0)
(521/2 73 67 1/2 0)
(261 71 66 1 0)
(261 75 68 1 0)
(262 65 62 2 0)
(1051/4 75 68 1/4 0)
(263 75 68 1/2 0)
(527/2 73 67 1/2 0)
(264 30 42 1 1)
(264 42 49 1 1)
(264 71 66 1 0)
(264 75 68 1 0)
(265 61 60 1 1)
(265 64 62 2 0)
(265 68 64 1 1)
(1063/4 75 68 1/4 0)
(266 75 68 1/2 0)
(533/2 73 67 1/2 0)
(267 71 66 1 0)
(267 75 68 1 0)
(268 64 62 2 0)
(1075/4 75 68 1/4 0)
(269 75 68 1/2 0)
(539/2 73 67 1/2 0)
(270 54 56 13 1)
(270 61 60 5 1)
(270 64 62 13 1)
(270 70 65 3/2 0)
(541/2 75 68 1/2 0)
(271 73 67 1/2 0)
(543/2 69 65 3/2 0)
(272 75 68 1/2 0)
(545/2 73 67 1/2 0)
(273 69 65 3/2 0)
(547/2 75 68 1/2 0)
(274 73 67 1/2 0)
(549/2 68 64 3/2 0)
(275 59 59 6 1)
(275 75 68 1/2 0)
(551/2 73 67 1/2 0)
(276 68 64 3/2 0)
(553/2 75 68 1/2 0)
(277 73 67 1/2 0)
(555/2 67 64 3/2 0)
(278 75 68 1/2 0)
(557/2 73 67 1/2 0)
(279 67 64 3/2 0)
(559/2 75 68 1/2 0)
(280 73 67 1/2 0)
(561/2 66 63 3/2 0)
(281 58 58 2 1)
(281 75 68 1/2 0)
(563/2 73 67 1/2 0)
(282 66 63 1/2 0)
(565/2 75 68 1/2 0)
(283 73 67 2 0)
(284 54 56 3 1)
(284 64 62 3 0)
(284 66 63 3 0)
(285 71 66 1/2 0)
(571/2 68 64 1/2 0)
(286 70 65 1 0)
(287 47 52 3 1)
(287 54 56 3 1)
(287 59 59 3 0)
(287 63 61 3 0)
(287 71 66 1 0)
(288 70 65 1/2 0)
(577/2 66 63 1/2 0)
(289 68 64 1 0)
(290 47 52 3 1)
(290 54 56 3 1)
(290 59 59 3 0)
(290 63 61 3 0)
(290 70 65 1 0)
(291 68 64 1/2 0)
(583/2 64 62 1/2 0)
(292 66 63 1 0)
(293 47 52 2 1)
(293 54 56 2 1)
(293 59 59 2 0)
(293 63 61 2 0)
(293 68 64 1 0)
(294 68 64 1/2 0)
(589/2 66 63 1/2 0)
(295 63 61 5 0)
(296 35 45 1 1)
(296 47 52 1 1)
(296 54 56 1 1)
(296 59 59 1 1)
(297 35 45 1 1)
(297 47 52 1 1)
(297 54 56 1 1)
(297 59 59 1 1)
(298 35 45 1 1)
(298 47 52 1 1)
(298 54 56 1 1)
(298 59 59 1 1)
(300 68 64 1/2 0)
(601/2 66 63 1/2 0)
(301 63 61 2 0)
(302 35 45 1 1)
(302 47 52 1 1)
(302 54 56 1 1)
(302 59 59 1 1)
(303 47 52 1 1)
(303 54 56 1 1)
(303 59 59 1 0)
(303 63 61 1 0)
(303 71 66 1 0)
(304 71 66 1 1)
(304 78 70 1 1)
(304 83 73 1 0)
(304 87 75 1 0)
(304 95 80 1 0)
