(0 43 50 1 1)
(0 50 54 1 1)
(0 59 59 1 0)
(0 62 61 1 0)
(1 43 50 1 1)
(1 50 54 1 1)
(1 59 59 1 0)
(1 62 61 1 0)
(2 43 50 1 1)
(2 50 54 1 1)
(2 59 59 1 0)
(2 62 61 1 0)
(3 43 50 1 1)
(3 50 54 1 1)
(3 60 60 1/2 0)
(3 64 62 1/2 0)
(15/4 59 59 1/4 0)
(15/4 62 61 1/4 0)
(4 43 50 1 1)
(4 50 54 1 1)
(4 58 58 1 0)
(4 61 60 1 0)
(5 43 50 1 1)
(5 50 54 1 1)
(5 59 59 1 0)
(5 62 61 1 0)
(6 43 50 1 1)
(6 50 54 1 1)
(6 60 60 1/2 0)
(6 64 62 1/2 0)
(27/4 59 59 1/4 0)
(27/4 62 61 1/4 0)
(7 43 50 1 1)
(7 50 54 1 1)
(7 58 58 1 0)
(7 61 60 1 0)
(8 43 50 1 1)
(8 50 54 1 1)
(8 59 59 1 0)
(8 62 61 1 0)
(9 43 50 1 1)
(9 50 54 1 1)
(9 60 60 1/2 0)
(9 64 62 1/2 0)
(39/4 59 59 1/4 0)
(39/4 62 61 1/4 0)
(10 43 50 1 1)
(10 50 54 1 1)
(10 58 58 1 0)
(10 61 60 1 0)
(11 43 50 1 1)
(11 50 54 1 1)
(11 59 59 1 0)
(11 62 61 1 0)
(12 31 43 1 1)
(12 43 50 1 1)
(12 62 61 1 0)
(13 55 57 1 1)
(13 62 61 1 1)
(13 67 64 1/2 0)
(13 71 66 1/2 0)
(27/2 66 63 1/2 0)
(27/2 69 65 1/2 0)
(14 55 57 1 1)
(14 62 61 1 1)
(14 67 64 1/2 0)
(14 71 66 1/2 0)
(29/2 69 65 1/2 0)
(29/2 72 67 1/2 0)
(15 55 57 1 1)
(15 62 61 1 1)
(15 71 66 1/2 0)
(15 74 68 1/2 0)
(31/2 70 65 1/2 0)
(31/2 73 67 1/2 0)
(16 55 57 1 1)
(16 62 61 1 1)
(16 71 66 1 0)
(16 74 68 1 0)
(17 55 57 1 1)
(17 62 61 1 1)
(17 71 66 1 0)
(17 79 71 1 0)
(18 38 47 1 1)
(18 62 61 1 0)
(19 50 54 1 1)
(19 54 56 1 1)
(19 60 60 1 1)
(19 69 65 1/2 0)
(19 72 67 1/2 0)
(39/2 68 64 1/2 0)
(39/2 71 66 1/2 0)
(20 69 65 1/2 0)
(20 72 67 1/2 0)
(41/2 72 67 1/2 0)
(41/2 76 69 1/2 0)
(21 43 50 1 1)
(21 72 67 1 0)
(21 76 69 1/3 0)
(64/3 78 70 1/3 0)
(65/3 76 69 1/3 0)
(22 50 54 1 1)
(22 55 57 1 1)
(22 59 59 1 1)
(22 71 66 3/2 0)
(22 74 68 3/2 0)
(23 50 54 1 1)
(23 55 57 1 1)
(23 59 59 1 1)
(47/2 67 64 1/2 0)
(47/2 71 66 1/2 0)
(24 43 50 1 1)
(24 62 61 1 0)
(25 55 57 1 1)
(25 62 61 1 1)
(25 67 64 1/2 0)
(25 71 66 1/2 0)
(51/2 66 63 1/2 0)
(51/2 69 65 1/2 0)
(26 55 57 1 1)
(26 62 61 1 1)
(26 67 64 1/2 0)
(26 71 66 1/2 0)
(53/2 69 65 1/2 0)
(53/2 72 67 1/2 0)
(27 55 57 1 1)
(27 62 61 1 1)
(27 71 66 1/2 0)
(27 74 68 1/2 0)
(55/2 70 65 1/2 0)
(55/2 73 67 1/2 0)
(28 55 57 1 1)
(28 62 61 1 1)
(28 71 66 1 0)
(28 74 68 1 0)
(29 52 55 1 1)
(29 59 59 1 1)
(29 64 62 1 1)
(29 68 64 1 0)
(29 74 68 1 0)
(29 83 73 1 0)
(30 57 58 1 1)
(30 64 62 1 1)
(30 67 64 1 0)
(30 69 65 1 0)
(31 57 58 1 1)
(31 64 62 1 1)
(31 67 64 1 0)
(31 72 67 1/2 0)
(63/2 71 66 1/2 0)
(32 50 54 1 1)
(32 57 58 1 1)
(32 60 60 1 1)
(32 66 63 1 0)
(32 72 67 1/2 0)
(65/2 76 69 1/2 0)
(33 55 57 3 1)
(33 60 60 1 1)
(33 66 63 1 0)
(33 76 69 1/3 0)
(100/3 78 70 1/3 0)
(101/3 76 69 1/3 0)
(34 59 59 1 1)
(34 67 64 2 0)
(34 74 68 3/2 0)
(35 62 61 1 1)
(71/2 71 66 1/2 0)
(36 33 44 1 1)
(36 69 65 3/2 0)
(37 45 51 2 1)
(37 52 55 1 1)
(37 61 60 1 0)
(75/2 67 64 1/2 0)
(38 57 58 1/2 1)
(38 61 60 1 0)
(38 66 63 1/2 0)
(77/2 55 57 1/2 1)
(77/2 64 62 1/2 0)
(39 50 54 1 1)
(39 57 58 1 1)
(39 60 60 1 0)
(39 66 63 1/2 0)
(79/2 62 61 1/2 0)
(40 43 50 1 1)
(40 50 54 1 1)
(40 59 59 1 0)
(40 67 64 1 0)
(41 31 43 1 1)
(41 71 66 1 0)
(42 36 46 1 1)
(42 72 67 1/2 0)
(171/4 76 69 1/4 0)
(43 55 57 1 1)
(43 60 60 1 1)
(43 64 62 1 1)
(43 79 71 1/3 0)
(130/3 81 72 1/3 0)
(131/3 79 71 1/3 0)
(44 55 57 1 1)
(44 60 60 1 1)
(44 64 62 1 1)
(44 78 70 1/2 0)
(89/2 76 69 1/2 0)
(45 43 50 1 1)
(45 83 73 1/2 0)
(183/4 81 72 1/4 0)
(46 50 54 1 1)
(46 55 57 1 1)
(46 59 59 1 1)
(46 79 71 1/2 0)
(187/4 76 69 1/4 0)
(47 74 68 1/2 0)
(191/4 71 66 1/4 0)
(48 33 44 1 1)
(48 69 65 3/2 0)
(49 45 51 1/2 1)
(49 61 60 1 0)
(99/2 52 55 1/2 1)
(99/2 67 64 1/2 0)
(50 57 58 1/2 1)
(50 61 60 1 0)
(50 66 63 1/2 0)
(101/2 55 57 1/2 1)
(101/2 64 62 1/2 0)
(51 50 54 1 1)
(51 57 58 1 1)
(51 60 60 1 0)
(51 66 63 1/2 0)
(103/2 62 61 1/2 0)
(52 43 50 1 1)
(52 50 54 1 1)
(52 59 59 1 0)
(52 67 64 1 0)
(53 31 43 1 1)
(53 71 66 1 0)
(54 38 47 1 1)
(54 69 65 1/2 0)
(219/4 72 67 1/4 0)
(55 50 54 1 1)
(55 54 56 1 1)
(55 60 60 1 1)
(55 76 69 1/3 0)
(166/3 78 70 1/3 0)
(167/3 76 69 1/3 0)
(56 50 54 1 1)
(56 54 56 1 1)
(56 60 60 1 1)
(56 74 68 1/2 0)
(113/2 72 67 1/2 0)
(57 43 50 1 1)
(57 71 66 1/2 0)
(231/4 69 65 1/4 0)
(58 50 54 1 1)
(58 59 59 1 1)
(58 67 64 1/2 0)
(235/4 64 62 1/4 0)
(59 62 61 1/2 0)
(239/4 59 59 1/4 0)
(60 33 44 1 1)
(60 69 65 3/2 0)
(61 45 51 2 1)
(61 52 55 1 1)
(61 61 60 1 0)
(123/2 67 64 1/2 0)
(62 57 58 1/2 1)
(62 61 60 1 0)
(62 66 63 1/2 0)
(125/2 55 57 1/2 1)
(125/2 64 62 1/2 0)
(63 50 54 1 1)
(63 57 58 1 1)
(63 60 60 1 0)
(63 66 63 1/2 0)
(127/2 62 61 1/2 0)
(64 43 50 1 1)
(64 50 54 1 1)
(64 59 59 1 0)
(64 67 64 1 0)
(65 31 43 1 1)
(65 71 66 1 0)
(66 36 46 1 1)
(66 72 67 1/2 0)
(267/4 76 69 1/4 0)
(67 55 57 1 1)
(67 60 60 1 1)
(67 64 62 1 1)
(67 79 71 1/3 0)
(202/3 81 72 1/3 0)
(203/3 79 71 1/3 0)
(68 55 57 1 1)
(68 60 60 1 1)
(68 64 62 1 1)
(68 78 70 1/2 0)
(137/2 76 69 1/2 0)
(69 43 50 1 1)
(69 83 73 1/2 0)
(279/4 81 72 1/4 0)
(70 50 54 1 1)
(70 55 57 1 1)
(70 59 59 1 1)
(70 79 71 1/2 0)
(283/4 76 69 1/4 0)
(71 74 68 1/2 0)
(287/4 71 66 1/4 0)
(72 33 44 1 1)
(72 69 65 3/2 0)
(73 45 51 1/2 1)
(73 61 60 1 0)
(147/2 52 55 1/2 1)
(147/2 67 64 1/2 0)
(74 57 58 1/2 1)
(74 61 60 1 0)
(74 66 63 1/2 0)
(149/2 55 57 1/2 1)
(149/2 64 62 1/2 0)
(75 50 54 1 1)
(75 57 58 1 1)
(75 60 60 1 0)
(75 66 63 1/2 0)
(151/2 62 61 1/2 0)
(76 43 50 1 1)
(76 50 54 1 1)
(76 59 59 1 0)
(76 67 64 1 0)
(77 31 43 1 1)
(77 71 66 1 0)
(78 38 47 1 1)
(78 69 65 1/2 0)
(315/4 72 67 1/4 0)
(79 50 54 1 1)
(79 54 56 1 1)
(79 60 60 1 1)
(79 76 69 1/3 0)
(238/3 78 70 1/3 0)
(239/3 76 69 1/3 0)
(80 50 54 1 1)
(80 54 56 1 1)
(80 60 60 1 1)
(80 74 68 1/2 0)
(161/2 72 67 1/2 0)
(81 43 50 1 1)
(81 71 66 1/2 0)
(327/4 69 65 1/4 0)
(82 50 54 1 1)
(82 59 59 1 1)
(82 67 64 1/2 0)
(331/4 64 62 1/4 0)
(83 62 61 1/2 0)
(335/4 59 59 1/4 0)
(84 31 43 1 1)
(84 43 50 1 1)
(84 55 57 1 0)
(85 55 57 2 1)
(85 62 61 2 1)
(85 65 63 2 1)
(85 67 64 2 0)
(85 79 71 2 0)
(87 48 53 1 1)
(87 67 64 3/4 0)
(87 76 69 3/4 0)
(351/4 66 63 1/4 0)
(351/4 75 68 1/4 0)
(88 55 57 1 1)
(88 60 60 1 1)
(88 64 62 1 1)
(88 67 64 1 0)
(88 76 69 1 0)
(89 55 57 1 1)
(89 60 60 1 1)
(89 64 62 1 1)
(89 69 65 1 0)
(89 77 70 1 0)
(90 43 50 1 1)
(90 65 63 3/4 0)
(90 74 68 3/4 0)
(363/4 64 62 1/4 0)
(363/4 73 67 1/4 0)
(91 50 54 1 1)
(91 55 57 1 1)
(91 59 59 1 1)
(91 65 63 1 0)
(91 74 68 1 0)
(92 50 54 1 1)
(92 55 57 1 1)
(92 59 59 1 1)
(92 67 64 1 0)
(92 76 69 1 0)
(93 48 53 2 1)
(93 64 62 3/4 0)
(93 72 67 3/4 0)
(375/4 63 61 1/4 0)
(375/4 71 66 1/4 0)
(94 55 57 1 1)
(94 60 60 1 1)
(94 64 62 1 0)
(94 72 67 1 0)
(95 54 56 1 1)
(95 60 60 1 1)
(95 63 61 1 0)
(95 69 65 1 0)
(96 43 50 1 1)
(96 55 57 1 1)
(96 59 59 1 0)
(96 62 61 1 0)
(96 65 63 1 0)
(96 67 64 1 0)
(97 55 57 2 1)
(97 62 61 2 1)
(97 65 63 2 1)
(97 67 64 2 0)
(97 71 66 2 0)
(97 79 71 2 0)
(99 60 60 1 1)
(99 64 62 1 1)
(99 67 64 1 0)
(99 72 67 1 0)
(99 76 69 1/2 0)
(199/2 75 68 1/2 0)
(100 60 60 1 1)
(100 64 62 1 1)
(100 67 64 1 0)
(100 72 67 1 0)
(100 76 69 1 0)
(101 53 56 1 1)
(101 60 60 1 1)
(101 65 63 1 1)
(101 69 65 1 0)
(101 72 67 1 0)
(101 77 70 1 0)
(102 59 59 1 1)
(102 65 63 1 1)
(102 69 65 1 0)
(102 74 68 1/2 0)
(205/2 73 67 1/2 0)
(103 59 59 1 1)
(103 65 63 1 1)
(103 69 65 1 0)
(103 74 68 1 0)
(104 52 55 1 1)
(104 59 59 1 1)
(104 68 64 1 0)
(104 76 69 1 0)
(105 57 58 1 1)
(105 64 62 1 1)
(105 67 64 1 0)
(105 72 67 1/2 0)
(211/2 71 66 1/2 0)
(106 57 58 1 1)
(106 64 62 1 1)
(106 67 64 1 0)
(106 72 67 1 0)
(107 50 54 1 1)
(107 57 58 1 1)
(107 65 63 1 0)
(107 69 65 1 0)
(108 43 50 1 1)
(108 55 57 1 1)
(108 59 59 1 0)
(108 62 61 1 0)
(108 65 63 1 0)
(108 67 64 1 0)
(109 55 57 2 1)
(109 62 61 2 1)
(109 65 63 2 1)
(109 67 64 2 0)
(109 71 66 2 0)
(109 79 71 2 0)
(111 48 53 1 1)
(111 55 57 1 1)
(111 67 64 1/2 0)
(111 76 69 1/2 0)
(447/4 66 63 1/4 0)
(447/4 75 68 1/4 0)
(112 55 57 2 1)
(112 67 64 1 0)
(112 76 69 1 0)
(113 69 65 1 0)
(113 77 70 1 0)
(114 48 53 3 1)
(114 55 57 1 1)
(114 65 63 1/2 0)
(114 74 68 1/2 0)
(459/4 64 62 1/4 0)
(459/4 73 67 1/4 0)
(115 55 57 2 1)
(115 65 63 1 0)
(115 74 68 1 0)
(116 67 64 1 0)
(116 76 69 1 0)
(117 48 53 3 1)
(117 55 57 1 1)
(117 64 62 1/2 0)
(117 72 67 1/2 0)
(471/4 63 61 1/4 0)
(471/4 71 66 1/4 0)
(118 55 57 2 1)
(118 64 62 1 0)
(118 72 67 1 0)
(119 60 60 1 0)
(119 69 65 1 0)
(120 43 50 1 1)
(120 55 57 1 1)
(120 59 59 1 0)
(120 65 63 1 0)
(120 67 64 1 0)
(121 55 57 2 1)
(121 62 61 2 1)
(121 65 63 2 1)
(121 67 64 2 0)
(121 71 66 2 0)
(121 79 71 2 0)
(123 48 53 1 1)
(123 60 60 1 1)
(123 67 64 1 0)
(123 70 66 1 0)
(123 76 69 1/2 0)
(247/2 74 68 1/2 0)
(124 48 53 1 1)
(124 60 60 1 1)
(124 67 64 1 0)
(124 70 66 1 0)
(124 76 69 1 0)
(125 53 56 1 1)
(125 60 60 1 1)
(125 65 63 1 0)
(125 69 65 1 0)
(125 77 70 1 0)
(126 53 56 1 1)
(126 60 60 1 1)
(126 65 63 1 0)
(126 68 65 1 0)
(126 74 68 1/2 0)
(253/2 73 67 1/2 0)
(127 53 56 1 1)
(127 60 60 1 1)
(127 65 63 1 0)
(127 68 65 1 0)
(127 74 68 1 0)
(128 55 57 1 1)
(128 59 59 1 1)
(128 65 63 1 0)
(128 67 64 1 0)
(128 76 69 1 0)
(129 48 53 1 1)
(129 55 57 1 1)
(129 60 60 1 1)
(129 64 62 1 0)
(129 67 64 1 0)
(129 72 67 1/2 0)
(259/2 71 66 1/2 0)
(130 57 58 1 1)
(130 60 60 1 1)
(130 64 62 1 0)
(130 69 65 1 0)
(130 72 67 1 0)
(131 50 54 1 1)
(131 57 58 1 1)
(131 60 60 1 1)
(131 62 61 1 0)
(131 66 63 1 0)
(131 74 68 1 0)
(132 31 43 1 1)
(132 43 50 1 1)
(132 62 61 1 0)
(133 55 57 1 1)
(133 62 61 1 1)
(133 67 64 1/2 0)
(133 71 66 1/2 0)
(267/2 66 63 1/2 0)
(267/2 69 65 1/2 0)
(134 55 57 1 1)
(134 62 61 1 1)
(134 67 64 1/2 0)
(134 71 66 1/2 0)
(269/2 69 65 1/2 0)
(269/2 72 67 1/2 0)
(135 55 57 1 1)
(135 62 61 1 1)
(135 71 66 1/2 0)
(135 74 68 1/2 0)
(271/2 70 65 1/2 0)
(271/2 73 67 1/2 0)
(136 55 57 1 1)
(136 62 61 1 1)
(136 71 66 1 0)
(136 74 68 1 0)
(137 55 57 1 1)
(137 62 61 1 1)
(137 71 66 1 0)
(137 79 71 1 0)
(138 38 47 1 1)
(138 62 61 1 0)
(139 50 54 1 1)
(139 54 56 1 1)
(139 60 60 1 1)
(139 69 65 1/2 0)
(139 72 67 1/2 0)
(279/2 68 64 1/2 0)
(279/2 71 66 1/2 0)
(140 69 65 1/2 0)
(140 72 67 1/2 0)
(281/2 72 67 1/2 0)
(281/2 76 69 1/2 0)
(141 43 50 1 1)
(141 72 67 1 0)
(141 76 69 1/3 0)
(424/3 78 70 1/3 0)
(425/3 76 69 1/3 0)
(142 50 54 1 1)
(142 55 57 1 1)
(142 59 59 1 1)
(142 71 66 3/2 0)
(142 74 68 2 0)
(143 50 54 1 1)
(143 55 57 1 1)
(143 59 59 1 1)
(287/2 67 64 1/2 0)
(287/2 71 66 1/2 0)
(144 43 50 1 1)
(144 62 61 1 0)
(145 55 57 1 1)
(145 62 61 1 1)
(145 67 64 1/2 0)
(145 71 66 1/2 0)
(291/2 66 63 1/2 0)
(291/2 69 65 1/2 0)
(146 55 57 1 1)
(146 62 61 1 1)
(146 67 64 1/2 0)
(146 71 66 1/2 0)
(293/2 69 65 1/2 0)
(293/2 72 67 1/2 0)
(147 55 57 1 1)
(147 62 61 1 1)
(147 71 66 1/2 0)
(147 74 68 1/2 0)
(295/2 70 65 1/2 0)
(295/2 73 67 1/2 0)
(148 55 57 1 1)
(148 62 61 1 1)
(148 71 66 1 0)
(148 74 68 1 0)
(149 52 55 1 1)
(149 59 59 1 1)
(149 64 62 1 1)
(149 68 64 1 0)
(149 74 68 1 0)
(149 83 73 1 0)
(150 57 58 1 1)
(150 64 62 1 1)
(150 67 64 1 0)
(150 69 65 1 0)
(151 57 58 1 1)
(151 64 62 1 1)
(151 67 64 1 0)
(151 72 67 1/2 0)
(303/2 71 66 1/2 0)
(152 50 54 1 1)
(152 57 58 1 1)
(152 60 60 1 1)
(152 66 63 1 0)
(152 72 67 1/2 0)
(305/2 76 69 1/2 0)
(153 55 57 3 1)
(153 60 60 1 1)
(153 66 63 1 0)
(153 76 69 1/3 0)
(460/3 78 70 1/3 0)
(461/3 76 69 1/3 0)
(154 59 59 1 1)
(154 67 64 2 0)
(154 74 68 3/2 0)
(155 62 61 1 1)
(311/2 71 66 1/2 0)
(156 33 44 1 1)
(156 69 65 3/2 0)
(157 45 51 2 1)
(157 52 55 1 1)
(157 61 60 1 0)
(315/2 67 64 1/2 0)
(158 57 58 1/2 1)
(158 61 60 1 0)
(158 66 63 1/2 0)
(317/2 55 57 1/2 1)
(317/2 64 62 1/2 0)
(159 50 54 1 1)
(159 57 58 1 1)
(159 60 60 1 0)
(159 66 63 1/2 0)
(319/2 62 61 1/2 0)
(160 43 50 1 1)
(160 50 54 1 1)
(160 59 59 1 0)
(160 67 64 1 0)
(161 31 43 1 1)
(161 71 66 1 0)
(162 36 46 1 1)
(162 72 67 1/2 0)
(651/4 76 69 1/4 0)
(163 55 57 1 1)
(163 60 60 1 1)
(163 64 62 1 1)
(163 79 71 1/3 0)
(490/3 81 72 1/3 0)
(491/3 79 71 1/3 0)
(164 55 57 1 1)
(164 60 60 1 1)
(164 64 62 1 1)
(164 78 70 1/2 0)
(329/2 76 69 1/2 0)
(165 43 50 1 1)
(165 83 73 1/2 0)
(663/4 81 72 1/4 0)
(166 50 54 1 1)
(166 55 57 1 1)
(166 59 59 1 1)
(166 79 71 1/2 0)
(667/4 76 69 1/4 0)
(167 74 68 1/2 0)
(671/4 71 66 1/4 0)
(168 33 44 1 1)
(168 69 65 3/2 0)
(169 45 51 1/2 1)
(169 61 60 1 0)
(339/2 52 55 1/2 1)
(339/2 67 64 1/2 0)
(170 57 58 1/2 1)
(170 61 60 1 0)
(170 66 63 1/2 0)
(341/2 55 57 1/2 1)
(341/2 64 62 1/2 0)
(171 50 54 1 1)
(171 57 58 1 1)
(171 60 60 1 0)
(171 66 63 1/2 0)
(343/2 62 61 1/2 0)
(172 43 50 1 1)
(172 50 54 1 1)
(172 59 59 1 0)
(172 67 64 1 0)
(173 31 43 1 1)
(173 71 66 1 0)
(174 38 47 1 1)
(174 69 65 1/2 0)
(699/4 72 67 1/4 0)
(175 50 54 1 1)
(175 57 58 1 1)
(175 60 60 1 1)
(175 76 69 1/3 0)
(526/3 78 70 1/3 0)
(527/3 76 69 1/3 0)
(176 50 54 1 1)
(176 57 58 1 1)
(176 60 60 1 1)
(176 74 68 3/4 0)
(707/4 66 63 1/4 0)
(177 55 57 1 1)
(177 59 59 1 1)
(177 67 64 1 0)
(178 31 43 1 1)
(178 43 50 1 1)
(178 79 71 1 0)
(178 83 73 1 0)
(178 91 78 1 0)
