(-1 76 69 5/2 0)
(0 45 51 1 1)
(1 52 55 1 1)
(1 57 58 1 1)
(1 64 62 1 1)
(3/2 77 70 1/2 0)
(2 52 55 1 1)
(2 57 58 1 1)
(2 64 62 1 1)
(2 76 69 1/2 0)
(5/2 75 68 1/2 0)
(3 76 69 1/2 0)
(7/2 71 66 1/2 0)
(4 52 55 1 1)
(4 56 57 1 1)
(4 62 61 1 1)
(4 64 62 1 1)
(4 72 67 1 0)
(5 52 55 1 1)
(5 56 57 1 1)
(5 62 61 1 1)
(5 64 62 1 1)
(5 74 68 1 0)
(6 45 51 1 1)
(6 72 67 3/2 0)
(7 52 55 1 1)
(7 57 58 1 1)
(7 64 62 1 1)
(15/2 74 68 1/2 0)
(8 52 55 1 1)
(8 57 58 1 1)
(8 64 62 1 1)
(8 72 67 1/2 0)
(17/2 71 66 1/2 0)
(9 72 67 1/2 0)
(19/2 68 64 1/2 0)
(10 51 55 1 1)
(10 57 58 1 1)
(10 60 60 1 1)
(10 65 63 1 1)
(10 69 65 1 0)
(11 51 55 1 1)
(11 57 58 1 1)
(11 60 60 1 1)
(11 65 63 1 1)
(11 71 66 1 0)
(12 45 51 1 1)
(12 69 65 3/2 0)
(13 52 55 1 1)
(13 57 58 1 1)
(13 64 62 1 1)
(27/2 71 66 1/2 0)
(14 72 67 1/2 0)
(29/2 68 64 1/2 0)
(15 69 65 1/2 0)
(31/2 63 61 1/2 0)
(16 64 62 1 0)
(17 67 64 1/2 0)
(35/2 65 63 1/2 0)
(18 40 48 1 1)
(18 64 62 1/2 0)
(37/2 62 61 1/2 0)
(19 50 54 1 1)
(19 52 55 1 1)
(19 56 57 1 1)
(19 59 59 1 0)
(20 50 54 1 1)
(20 52 55 1 1)
(20 56 57 1 1)
(20 60 60 1 0)
(21 45 51 1 1)
(21 57 58 1 0)
(22 52 55 1 1)
(22 60 60 1 1)
(23 64 62 1 0)
(24 33 44 1 1)
(24 76 69 3/2 0)
(25 52 55 1 1)
(25 57 58 1 1)
(25 60 60 1 1)
(25 64 62 1 1)
(51/2 81 72 1/2 0)
(26 52 55 1 1)
(26 57 58 1 1)
(26 60 60 1 1)
(26 64 62 1 1)
(26 79 71 1/2 0)
(53/2 77 70 1/2 0)
(27 76 69 1/2 0)
(55/2 71 66 1/2 0)
(28 52 55 1 1)
(28 56 57 1 1)
(28 62 61 1 1)
(28 64 62 1 1)
(28 72 67 1 0)
(29 52 55 1 1)
(29 56 57 1 1)
(29 62 61 1 1)
(29 64 62 1 1)
(29 74 68 1 0)
(30 45 51 1 1)
(30 72 67 3/2 0)
(31 52 55 1 1)
(31 57 58 1 1)
(31 60 60 1 1)
(63/2 77 70 1/2 0)
(32 52 55 1 1)
(32 57 58 1 1)
(32 60 60 1 1)
(32 76 69 1/2 0)
(65/2 74 68 1/2 0)
(33 72 67 1/2 0)
(67/2 68 64 1/2 0)
(34 51 55 1 1)
(34 53 56 1 1)
(34 60 60 1 1)
(34 69 65 1 0)
(35 51 55 1 1)
(35 53 56 1 1)
(35 60 60 1 1)
(35 71 66 1 0)
(36 45 51 1 1)
(36 69 65 3/2 0)
(37 52 55 1 1)
(37 60 60 1 1)
(75/2 71 66 1/2 0)
(38 72 67 1/2 0)
(77/2 68 64 1/2 0)
(39 71 66 1/2 0)
(79/2 69 65 1/2 0)
(40 63 61 1/2 0)
(81/2 64 62 1/2 0)
(41 67 64 1/2 0)
(83/2 66 63 1/2 0)
(42 40 48 1 1)
(42 65 63 1/2 0)
(85/2 64 62 1/2 0)
(43 50 54 1 1)
(43 52 55 1 1)
(43 56 57 1 1)
(43 63 61 1/2 0)
(87/2 62 61 1/2 0)
(44 50 54 1 1)
(44 52 55 1 1)
(44 56 57 1 1)
(44 59 59 1/2 0)
(89/2 60 60 1/2 0)
(45 45 51 1 1)
(45 57 58 1 0)
(46 52 55 1 1)
(46 60 60 1 1)
(47 64 62 1 0)
(48 45 51 1 1)
(48 66 63 3/2 0)
(49 54 56 1 1)
(49 59 59 1 1)
(49 63 61 1 1)
(99/2 68 64 1/2 0)
(50 54 56 1 1)
(50 59 59 1 1)
(50 63 61 1 1)
(50 69 65 1/2 0)
(101/2 71 66 1/2 0)
(51 72 67 1/3 0)
(154/3 74 68 1/3 0)
(155/3 72 67 1/3 0)
(52 53 56 1 1)
(52 57 58 1 1)
(52 62 61 1 1)
(52 71 66 1 0)
(53 52 55 1 1)
(53 56 57 1 1)
(53 62 61 1 1)
(53 76 69 1 0)
(54 45 51 1 1)
(54 71 66 3/2 0)
(55 52 55 1 1)
(55 56 57 1 1)
(55 62 61 1 1)
(111/2 72 67 1/2 0)
(56 52 55 1 1)
(56 56 57 1 1)
(56 62 61 1 1)
(56 74 68 1/2 0)
(113/2 76 69 1/2 0)
(57 45 51 1 1)
(57 77 70 1/3 0)
(172/3 79 71 1/3 0)
(173/3 77 70 1/3 0)
(58 52 55 1 1)
(58 60 60 1 1)
(58 76 69 1 0)
(59 52 55 1 1)
(59 60 60 1 1)
(59 81 72 1 0)
(60 47 52 1 1)
(60 81 72 3/2 0)
(61 55 57 1 1)
(61 62 61 1 1)
(61 65 63 1 1)
(123/2 79 71 1/2 0)
(62 79 71 1/2 0)
(125/2 77 70 1/2 0)
(63 48 53 1 1)
(63 77 70 1/2 0)
(127/2 76 69 1/2 0)
(64 55 57 1 1)
(64 64 62 1 1)
(64 76 69 1/2 0)
(129/2 71 66 1/2 0)
(65 55 57 1 1)
(65 64 62 1 1)
(65 71 66 1/2 0)
(131/2 72 67 1/2 0)
(66 41 49 1 1)
(66 79 71 3/2 0)
(67 53 56 1 1)
(67 57 58 1 1)
(67 64 62 1 1)
(135/2 77 70 1/2 0)
(68 53 56 1 1)
(68 57 58 1 1)
(68 64 62 1 1)
(68 77 70 1/2 0)
(137/2 76 69 1/2 0)
(69 47 52 1 1)
(69 76 69 1/2 0)
(139/2 74 68 1/2 0)
(70 53 56 1 1)
(70 57 58 1 1)
(70 62 61 1 1)
(70 74 68 1/2 0)
(141/2 69 65 1/2 0)
(71 72 67 1/2 0)
(143/2 71 66 1/2 0)
(72 52 55 1 1)
(72 66 63 3/2 0)
(73 57 58 1 1)
(73 59 59 1 1)
(73 63 61 1 1)
(147/2 68 64 1/2 0)
(74 57 58 1 1)
(74 59 59 1 1)
(74 63 61 1 1)
(74 69 65 1/2 0)
(149/2 71 66 1/2 0)
(75 52 55 1 1)
(75 72 67 1/3 0)
(226/3 74 68 1/3 0)
(227/3 72 67 1/3 0)
(76 57 58 1 1)
(76 62 61 1 1)
(76 71 66 1 0)
(77 52 55 1 1)
(77 56 57 1 1)
(77 62 61 1 1)
(77 76 69 1 0)
(78 71 66 3/2 0)
(79 52 55 1 1)
(79 56 57 1 1)
(79 62 61 1 1)
(159/2 72 67 1/2 0)
(80 52 55 1 1)
(80 56 57 1 1)
(80 62 61 1 1)
(80 74 68 1/2 0)
(161/2 76 69 1/2 0)
(81 45 51 1 1)
(81 77 70 1/3 0)
(244/3 79 71 1/3 0)
(245/3 77 70 1/3 0)
(82 52 55 1 1)
(82 57 58 1 1)
(82 60 60 1 1)
(82 64 62 1 1)
(82 76 69 1 0)
(83 84 74 3/2 0)
(84 40 48 1 1)
(169/2 83 73 1/2 0)
(85 60 60 1 1)
(85 64 62 1 1)
(85 69 65 1 1)
(85 82 73 1/2 0)
(171/2 72 67 1/2 0)
(86 81 72 1/2 0)
(173/2 80 71 1/2 0)
(87 80 71 1/2 0)
(175/2 79 71 1/2 0)
(88 78 70 1/2 0)
(177/2 69 65 1/2 0)
(89 77 70 1/2 0)
(179/2 76 69 1/2 0)
(90 40 48 1 1)
(90 76 69 1/2 0)
(181/2 75 68 1/2 0)
(91 52 55 1 1)
(91 56 57 1 1)
(91 62 61 1 1)
(91 74 68 1/2 0)
(183/2 64 62 1/2 0)
(92 52 55 1 1)
(92 56 57 1 1)
(92 62 61 1 1)
(92 72 67 1/2 0)
(185/2 71 66 1/2 0)
(93 45 51 1 1)
(93 71 66 1/2 0)
(187/2 72 67 1/2 0)
(94 52 55 1 1)
(94 60 60 1 1)
(94 69 65 2 0)
(95 52 55 1 1)
(95 60 60 1 1)
(96 45 51 1 1)
(96 66 63 3/2 0)
(97 54 56 1 1)
(97 59 59 1 1)
(97 63 61 1 1)
(195/2 68 64 1/2 0)
(98 54 56 1 1)
(98 59 59 1 1)
(98 63 61 1 1)
(98 69 65 1/2 0)
(197/2 71 66 1/2 0)
(99 72 67 1/3 0)
(298/3 74 68 1/3 0)
(299/3 72 67 1/3 0)
(100 53 56 1 1)
(100 57 58 1 1)
(100 62 61 1 1)
(100 71 66 1 0)
(101 52 55 1 1)
(101 56 57 1 1)
(101 62 61 1 1)
(101 76 69 1 0)
(102 45 51 1 1)
(102 71 66 1 0)
(103 52 55 1 1)
(103 56 57 1 1)
(103 62 61 1 1)
(207/2 72 67 1/2 0)
(104 52 55 1 1)
(104 56 57 1 1)
(104 62 61 1 1)
(104 74 68 1/2 0)
(209/2 76 69 1/2 0)
(105 45 51 1 1)
(105 77 70 1/3 0)
(316/3 79 71 1/3 0)
(317/3 77 70 1/3 0)
(106 52 55 1 1)
(106 60 60 1 1)
(106 76 69 1 0)
(107 52 55 1 1)
(107 60 60 1 1)
(107 81 72 1 0)
(108 47 52 1 1)
(108 81 72 3/2 0)
(109 55 57 1 1)
(109 62 61 1 1)
(109 65 63 1 1)
(219/2 79 71 1/2 0)
(110 79 71 1/2 0)
(221/2 77 70 1/2 0)
(111 48 53 1 1)
(111 77 70 1/2 0)
(223/2 76 69 1/2 0)
(112 55 57 1 1)
(112 64 62 1 1)
(112 76 69 1/2 0)
(225/2 71 66 1/2 0)
(113 55 57 1 1)
(113 64 62 1 1)
(113 71 66 1/2 0)
(227/2 72 67 1/2 0)
(114 41 49 1 1)
(114 79 71 3/2 0)
(115 53 56 1 1)
(115 57 58 1 1)
(115 64 62 1 1)
(231/2 77 70 1/2 0)
(116 53 56 1 1)
(116 57 58 1 1)
(116 64 62 1 1)
(116 77 70 1/2 0)
(233/2 76 69 1/2 0)
(117 47 52 1 1)
(117 76 69 1/2 0)
(235/2 74 68 1/2 0)
(118 53 56 1 1)
(118 57 58 1 1)
(118 62 61 1 1)
(118 74 68 1/2 0)
(237/2 69 65 1/2 0)
(119 72 67 1/2 0)
(239/2 71 66 1/2 0)
(120 52 55 1 1)
(120 66 63 3/2 0)
(121 57 58 1 1)
(121 59 59 1 1)
(121 63 61 1 1)
(243/2 68 64 1/2 0)
(122 57 58 1 1)
(122 59 59 1 1)
(122 63 61 1 1)
(122 69 65 1/2 0)
(245/2 71 66 1/2 0)
(123 52 55 1 1)
(123 72 67 1/3 0)
(370/3 74 68 1/3 0)
(371/3 72 67 1/3 0)
(124 57 58 1 1)
(124 62 61 1 1)
(124 71 66 1 0)
(125 52 55 1 1)
(125 56 57 1 1)
(125 62 61 1 1)
(125 76 69 1 0)
(126 71 66 3/2 0)
(127 52 55 1 1)
(127 56 57 1 1)
(127 62 61 1 1)
(255/2 72 67 1/2 0)
(128 52 55 1 1)
(128 56 57 1 1)
(128 62 61 1 1)
(128 74 68 1/2 0)
(257/2 76 69 1/2 0)
(129 45 51 1 1)
(129 77 70 1/3 0)
(388/3 79 71 1/3 0)
(389/3 77 70 1/3 0)
(130 52 55 1 1)
(130 57 58 1 1)
(130 60 60 1 1)
(130 64 62 1 1)
(130 76 69 1 0)
(131 84 74 3/2 0)
(132 40 48 1 1)
(265/2 83 73 1/2 0)
(133 60 60 1 1)
(133 64 62 1 1)
(133 69 65 1 1)
(133 82 73 1/2 0)
(267/2 72 67 1/2 0)
(134 81 72 1/2 0)
(269/2 80 71 1/2 0)
(135 80 71 1/2 0)
(271/2 79 71 1/2 0)
(136 78 70 1/2 0)
(273/2 69 65 1/2 0)
(137 77 70 1/2 0)
(275/2 76 69 1/2 0)
(138 40 48 1 1)
(138 76 69 1/2 0)
(277/2 75 68 1/2 0)
(139 52 55 1 1)
(139 56 57 1 1)
(139 62 61 1 1)
(139 74 68 1/2 0)
(279/2 64 62 1/2 0)
(140 52 55 1 1)
(140 56 57 1 1)
(140 62 61 1 1)
(140 72 67 1/2 0)
(281/2 71 66 1/2 0)
(141 45 51 1 1)
(141 71 66 1/2 0)
(283/2 72 67 1/2 0)
(142 52 55 1 1)
(142 60 60 1 1)
(142 69 65 1 0)
(143 52 55 1 1)
(143 57 58 1 1)
(143 64 62 1 1)
(144 73 67 2 0)
(145 52 55 1 1)
(145 57 58 1 1)
(145 64 62 1 1)
(146 52 55 1 1)
(146 57 58 1 1)
(146 64 62 1 1)
(146 74 68 1 0)
(147 73 67 1/2 0)
(295/2 70 65 1/2 0)
(148 52 55 1 1)
(148 56 57 1 1)
(148 62 61 1 1)
(148 64 62 1 1)
(148 71 66 1/2 0)
(297/2 74 68 1/2 0)
(149 52 55 1 1)
(149 56 57 1 1)
(149 62 61 1 1)
(149 64 62 1 1)
(149 78 70 1/2 0)
(299/2 76 69 1/2 0)
(150 71 66 2 0)
(151 52 55 1 1)
(151 56 57 1 1)
(151 62 61 1 1)
(151 64 62 1 1)
(152 52 55 1 1)
(152 56 57 1 1)
(152 62 61 1 1)
(152 64 62 1 1)
(152 73 67 1 0)
(153 45 51 1 1)
(153 71 66 1/2 0)
(307/2 68 64 1/2 0)
(154 52 55 1 1)
(154 61 60 1 1)
(154 69 65 1/2 0)
(309/2 71 66 1/2 0)
(155 52 55 1 1)
(155 61 60 1 1)
(155 73 67 1/2 0)
(311/2 64 62 1/2 0)
(156 44 50 1 1)
(156 76 69 2 0)
(157 56 57 1 1)
(157 61 60 1 1)
(157 68 64 1 1)
(158 56 57 1 1)
(158 61 60 1 1)
(158 68 64 1 1)
(158 78 70 1 0)
(159 76 69 1/2 0)
(319/2 74 67 1/2 0)
(160 56 57 1 1)
(160 60 59 1 1)
(160 66 63 1 1)
(160 68 64 1 1)
(160 75 68 1/2 0)
(321/2 78 70 1/2 0)
(161 56 57 1 1)
(161 60 59 1 1)
(161 66 63 1 1)
(161 68 64 1 1)
(161 81 72 1/2 0)
(323/2 80 71 1/2 0)
(162 75 68 2 0)
(163 56 57 1 1)
(163 60 59 1 1)
(163 66 63 1 1)
(163 68 64 1 1)
(164 56 57 1 1)
(164 60 59 1 1)
(164 66 63 1 1)
(164 68 64 1 1)
(164 76 69 1 0)
(165 49 53 1 1)
(165 75 68 1/2 0)
(331/2 73 67 1/2 0)
(166 56 57 1 1)
(166 61 60 1 1)
(166 64 62 1 1)
(166 78 70 1/2 0)
(333/2 76 69 1/2 0)
(167 52 55 1 1)
(167 59 59 1 1)
(167 62 61 1 1)
(167 64 62 1 1)
(167 68 64 1 0)
(167 75 68 1/2 0)
(335/2 74 68 1/2 0)
(168 45 51 1 1)
(168 73 67 2 0)
(169 57 58 1 1)
(169 64 62 1 1)
(169 67 64 1 0)
(170 57 58 1 1)
(170 64 62 1 1)
(170 67 64 1 0)
(170 74 68 1 0)
(171 50 54 1 1)
(171 73 67 1/2 0)
(343/2 70 65 1/2 0)
(172 57 58 1 1)
(172 59 59 1 1)
(172 62 61 1 1)
(172 66 63 1 0)
(172 71 66 1/2 0)
(345/2 74 68 1/2 0)
(173 57 58 1 1)
(173 59 59 1 1)
(173 62 61 1 1)
(173 66 63 1 0)
(173 80 71 1/2 0)
(347/2 78 70 1/2 0)
(174 71 66 2 0)
(175 52 55 1 1)
(175 57 58 1 1)
(175 62 61 1 1)
(175 65 63 1 0)
(176 52 55 1 1)
(176 56 57 1 1)
(176 62 61 1 1)
(176 64 62 1 0)
(176 73 67 1 0)
(177 45 51 1 1)
(177 71 66 1/2 0)
(355/2 68 64 1/2 0)
(178 52 55 1 1)
(178 61 60 1 1)
(178 69 65 1/2 0)
(357/2 71 66 1/2 0)
(179 73 67 1/2 0)
(359/2 64 62 1/2 0)
(180 38 47 1 1)
(180 66 63 1/2 0)
(361/2 68 64 1/2 0)
(181 69 65 1/2 0)
(363/2 71 66 1/2 0)
(182 57 58 1 1)
(182 59 59 1 1)
(182 66 63 1 1)
(182 73 67 1/2 0)
(365/2 74 68 1/2 0)
(183 40 48 1 1)
(183 75 68 1/2 0)
(367/2 78 70 1/2 0)
(184 61 60 1 1)
(184 64 62 1 1)
(184 69 65 1 1)
(184 76 69 1/2 0)
(369/2 80 71 1/2 0)
(185 81 72 1/2 0)
(371/2 85 74 1/4 0)
(186 40 48 1 1)
(186 78 70 1/2 0)
(373/2 78 70 1/2 0)
(187 52 55 1 1)
(187 62 61 1 1)
(187 76 69 1/2 0)
(375/2 68 64 1/2 0)
(188 52 55 1 1)
(188 62 61 1 1)
(188 73 67 1/2 0)
(377/2 64 62 1/2 0)
(189 45 51 1 1)
(189 64 62 1/2 0)
(379/2 69 65 1/2 0)
(190 52 55 1 1)
(190 61 60 1 1)
(190 69 65 2 0)
(191 52 55 1 1)
(191 61 60 1 1)
(192 73 67 2 0)
(193 52 55 1 1)
(193 57 58 1 1)
(193 64 62 1 1)
(194 52 55 1 1)
(194 57 58 1 1)
(194 64 62 1 1)
(194 74 68 1 0)
(195 73 67 1/2 0)
(391/2 70 65 1/2 0)
(196 52 55 1 1)
(196 56 57 1 1)
(196 62 61 1 1)
(196 64 62 1 1)
(196 71 66 1/2 0)
(393/2 74 68 1/2 0)
(197 52 55 1 1)
(197 56 57 1 1)
(197 62 61 1 1)
(197 64 62 1 1)
(197 78 70 1/2 0)
(395/2 76 69 1/2 0)
(198 71 66 2 0)
(199 52 55 1 1)
(199 56 57 1 1)
(199 62 61 1 1)
(199 64 62 1 1)
(200 52 55 1 1)
(200 56 57 1 1)
(200 62 61 1 1)
(200 64 62 1 1)
(200 73 67 1 0)
(201 45 51 1 1)
(201 71 66 1/2 0)
(403/2 68 64 1/2 0)
(202 52 55 1 1)
(202 61 60 1 1)
(202 69 65 1/2 0)
(405/2 71 66 1/2 0)
(203 52 55 1 1)
(203 61 60 1 1)
(203 73 67 1/2 0)
(407/2 64 62 1/2 0)
(204 44 50 1 1)
(204 76 69 2 0)
(205 56 57 1 1)
(205 61 60 1 1)
(205 68 64 1 1)
(206 56 57 1 1)
(206 61 60 1 1)
(206 68 64 1 1)
(206 78 70 1 0)
(207 76 69 1/2 0)
(415/2 74 67 1/2 0)
(208 56 57 1 1)
(208 60 59 1 1)
(208 66 63 1 1)
(208 68 64 1 1)
(208 75 68 1/2 0)
(417/2 78 70 1/2 0)
(209 56 57 1 1)
(209 60 59 1 1)
(209 66 63 1 1)
(209 68 64 1 1)
(209 81 72 1/2 0)
(419/2 80 71 1/2 0)
(210 75 68 2 0)
(211 56 57 1 1)
(211 60 59 1 1)
(211 66 63 1 1)
(211 68 64 1 1)
(212 56 57 1 1)
(212 60 59 1 1)
(212 66 63 1 1)
(212 68 64 1 1)
(212 76 69 1 0)
(213 49 53 1 1)
(213 75 68 1/2 0)
(427/2 73 67 1/2 0)
(214 56 57 1 1)
(214 61 60 1 1)
(214 64 62 1 1)
(214 78 70 1/2 0)
(429/2 76 69 1/2 0)
(215 52 55 1 1)
(215 59 59 1 1)
(215 62 61 1 1)
(215 64 62 1 1)
(215 68 64 1 0)
(215 75 68 1/2 0)
(431/2 74 68 1/2 0)
(216 45 51 1 1)
(216 73 67 2 0)
(217 57 58 1 1)
(217 64 62 1 1)
(217 67 64 1 0)
(218 57 58 1 1)
(218 64 62 1 1)
(218 67 64 1 0)
(218 74 68 1 0)
(219 50 54 1 1)
(219 73 67 1/2 0)
(439/2 70 65 1/2 0)
(220 57 58 1 1)
(220 59 59 1 1)
(220 62 61 1 1)
(220 66 63 1 0)
(220 71 66 1/2 0)
(441/2 74 68 1/2 0)
(221 57 58 1 1)
(221 59 59 1 1)
(221 62 61 1 1)
(221 66 63 1 0)
(221 80 71 1/2 0)
(443/2 78 70 1/2 0)
(222 71 66 2 0)
(223 52 55 1 1)
(223 57 58 1 1)
(223 62 61 1 1)
(223 65 63 1 0)
(224 52 55 1 1)
(224 56 57 1 1)
(224 62 61 1 1)
(224 64 62 1 0)
(224 73 67 1 0)
(225 45 51 1 1)
(225 71 66 1/2 0)
(451/2 68 64 1/2 0)
(226 52 55 1 1)
(226 61 60 1 1)
(226 69 65 1/2 0)
(453/2 71 66 1/2 0)
(227 73 67 1/2 0)
(455/2 64 62 1/2 0)
(228 38 47 1 1)
(228 66 63 1/2 0)
(457/2 68 64 1/2 0)
(229 69 65 1/2 0)
(459/2 71 66 1/2 0)
(230 57 58 1 1)
(230 59 59 1 1)
(230 66 63 1 1)
(230 73 67 1/2 0)
(461/2 74 68 1/2 0)
(231 40 48 1 1)
(231 75 68 1/2 0)
(463/2 78 70 1/2 0)
(232 61 60 1 1)
(232 64 62 1 1)
(232 69 65 1 1)
(232 76 69 1/2 0)
(465/2 80 71 1/2 0)
(233 81 72 1/2 0)
(467/2 85 74 1/4 0)
(234 40 48 1 1)
(234 78 70 1/2 0)
(469/2 78 70 1/2 0)
(235 52 55 1 1)
(235 62 61 1 1)
(235 76 69 1/2 0)
(471/2 68 64 1/2 0)
(236 52 55 1 1)
(236 62 61 1 1)
(236 73 67 1/2 0)
(473/2 64 62 1/2 0)
(237 45 51 1 1)
(237 64 62 1/2 0)
(475/2 69 65 1/2 0)
(238 52 55 1 1)
(238 61 60 1 1)
(238 69 65 1 0)
(239 76 69 5/2 0)
(240 45 51 1 1)
(241 52 55 1 1)
(241 57 58 1 1)
(241 64 62 1 1)
(483/2 77 70 1/2 0)
(242 52 55 1 1)
(242 57 58 1 1)
(242 64 62 1 1)
(242 76 69 1/2 0)
(485/2 75 68 1/2 0)
(243 76 69 1/2 0)
(487/2 71 66 1/2 0)
(244 52 55 1 1)
(244 56 57 1 1)
(244 62 61 1 1)
(244 64 62 1 1)
(244 72 67 1 0)
(245 52 55 1 1)
(245 56 57 1 1)
(245 62 61 1 1)
(245 64 62 1 1)
(245 74 68 1 0)
(246 45 51 1 1)
(246 72 67 3/2 0)
(247 52 55 1 1)
(247 57 58 1 1)
(247 64 62 1 1)
(495/2 74 68 1/2 0)
(248 52 55 1 1)
(248 57 58 1 1)
(248 64 62 1 1)
(248 72 67 1/2 0)
(497/2 71 66 1/2 0)
(249 72 67 1/2 0)
(499/2 68 64 1/2 0)
(250 51 55 1 1)
(250 57 58 1 1)
(250 60 60 1 1)
(250 65 63 1 1)
(250 69 65 1 0)
(251 51 55 1 1)
(251 57 58 1 1)
(251 60 60 1 1)
(251 65 63 1 1)
(251 71 66 1 0)
(252 45 51 1 1)
(252 69 65 3/2 0)
(253 52 55 1 1)
(253 57 58 1 1)
(253 64 62 1 1)
(507/2 71 66 1/2 0)
(254 72 67 1/2 0)
(509/2 68 64 1/2 0)
(255 69 65 1/2 0)
(511/2 63 61 1/2 0)
(256 64 62 1 0)
(257 67 64 1/2 0)
(515/2 65 63 1/2 0)
(258 40 48 1 1)
(258 64 62 1/2 0)
(517/2 62 61 1/2 0)
(259 50 54 1 1)
(259 52 55 1 1)
(259 56 57 1 1)
(259 59 59 1 0)
(260 50 54 1 1)
(260 52 55 1 1)
(260 56 57 1 1)
(260 60 60 1 0)
(261 45 51 1 1)
(261 57 58 1 0)
(262 52 55 1 1)
(262 60 60 1 1)
(263 64 62 1 0)
(264 33 44 1 1)
(264 76 69 3/2 0)
(265 52 55 1 1)
(265 57 58 1 1)
(265 60 60 1 1)
(265 64 62 1 1)
(531/2 81 72 1/2 0)
(266 52 55 1 1)
(266 57 58 1 1)
(266 60 60 1 1)
(266 64 62 1 1)
(266 79 71 1/2 0)
(533/2 77 70 1/2 0)
(267 76 69 1/2 0)
(535/2 71 66 1/2 0)
(268 52 55 1 1)
(268 56 57 1 1)
(268 62 61 1 1)
(268 64 62 1 1)
(268 72 67 1 0)
(269 52 55 1 1)
(269 56 57 1 1)
(269 62 61 1 1)
(269 64 62 1 1)
(269 74 68 1 0)
(270 45 51 1 1)
(270 72 67 3/2 0)
(271 52 55 1 1)
(271 57 58 1 1)
(271 60 60 1 1)
(543/2 77 70 1/2 0)
(272 52 55 1 1)
(272 57 58 1 1)
(272 60 60 1 1)
(272 76 69 1/2 0)
(545/2 74 68 1/2 0)
(273 72 67 1/2 0)
(547/2 68 64 1/2 0)
(274 51 55 1 1)
(274 53 56 1 1)
(274 60 60 1 1)
(274 69 65 1 0)
(275 51 55 1 1)
(275 53 56 1 1)
(275 60 60 1 1)
(275 71 66 1 0)
(276 45 51 1 1)
(276 69 65 3/2 0)
(277 52 55 1 1)
(277 60 60 1 1)
(555/2 71 66 1/2 0)
(278 72 67 1/2 0)
(557/2 68 64 1/2 0)
(279 71 66 1/2 0)
(559/2 69 65 1/2 0)
(280 63 61 1/2 0)
(561/2 64 62 1/2 0)
(281 67 64 1/2 0)
(563/2 66 63 1/2 0)
(282 40 48 1 1)
(282 65 63 1/2 0)
(565/2 64 62 1/2 0)
(283 50 54 1 1)
(283 52 55 1 1)
(283 56 57 1 1)
(283 63 61 1/2 0)
(567/2 62 61 1/2 0)
(284 50 54 1 1)
(284 52 55 1 1)
(284 56 57 1 1)
(284 59 59 1/2 0)
(569/2 60 60 1/2 0)
(285 45 51 1 1)
(285 57 58 1 0)
(286 52 55 1 1)
(286 60 60 1 1)
(287 64 62 1 0)
(288 45 51 1 1)
(288 66 63 3/2 0)
(289 54 56 1 1)
(289 59 59 1 1)
(289 63 61 1 1)
(579/2 68 64 1/2 0)
(290 54 56 1 1)
(290 59 59 1 1)
(290 63 61 1 1)
(290 69 65 1/2 0)
(581/2 71 66 1/2 0)
(291 72 67 1/3 0)
(874/3 74 68 1/3 0)
(875/3 72 67 1/3 0)
(292 53 56 1 1)
(292 57 58 1 1)
(292 62 61 1 1)
(292 71 66 1 0)
(293 52 55 1 1)
(293 56 57 1 1)
(293 62 61 1 1)
(293 76 69 1 0)
(294 45 51 1 1)
(294 71 66 3/2 0)
(295 52 55 1 1)
(295 56 57 1 1)
(295 62 61 1 1)
(591/2 72 67 1/2 0)
(296 52 55 1 1)
(296 56 57 1 1)
(296 62 61 1 1)
(296 74 68 1/2 0)
(593/2 76 69 1/2 0)
(297 45 51 1 1)
(297 77 70 1/3 0)
(892/3 79 71 1/3 0)
(893/3 77 70 1/3 0)
(298 52 55 1 1)
(298 60 60 1 1)
(298 76 69 1 0)
(299 52 55 1 1)
(299 60 60 1 1)
(299 81 72 1 0)
(300 47 52 1 1)
(300 81 72 3/2 0)
(301 55 57 1 1)
(301 62 61 1 1)
(301 65 63 1 1)
(603/2 79 71 1/2 0)
(302 79 71 1/2 0)
(605/2 77 70 1/2 0)
(303 48 53 1 1)
(303 77 70 1/2 0)
(607/2 76 69 1/2 0)
(304 55 57 1 1)
(304 64 62 1 1)
(304 76 69 1/2 0)
(609/2 71 66 1/2 0)
(305 55 57 1 1)
(305 64 62 1 1)
(305 71 66 1/2 0)
(611/2 72 67 1/2 0)
(306 41 49 1 1)
(306 79 71 3/2 0)
(307 53 56 1 1)
(307 57 58 1 1)
(307 64 62 1 1)
(615/2 77 70 1/2 0)
(308 53 56 1 1)
(308 57 58 1 1)
(308 64 62 1 1)
(308 77 70 1/2 0)
(617/2 76 69 1/2 0)
(309 47 52 1 1)
(309 76 69 1/2 0)
(619/2 74 68 1/2 0)
(310 53 56 1 1)
(310 57 58 1 1)
(310 62 61 1 1)
(310 74 68 1/2 0)
(621/2 69 65 1/2 0)
(311 72 67 1/2 0)
(623/2 71 66 1/2 0)
(312 52 55 1 1)
(312 66 63 3/2 0)
(313 57 58 1 1)
(313 59 59 1 1)
(313 63 61 1 1)
(627/2 68 64 1/2 0)
(314 57 58 1 1)
(314 59 59 1 1)
(314 63 61 1 1)
(314 69 65 1/2 0)
(629/2 71 66 1/2 0)
(315 52 55 1 1)
(315 72 67 1/3 0)
(946/3 74 68 1/3 0)
(947/3 72 67 1/3 0)
(316 57 58 1 1)
(316 62 61 1 1)
(316 71 66 1 0)
(317 52 55 1 1)
(317 56 57 1 1)
(317 62 61 1 1)
(317 76 69 1 0)
(318 71 66 3/2 0)
(319 52 55 1 1)
(319 56 57 1 1)
(319 62 61 1 1)
(639/2 72 67 1/2 0)
(320 52 55 1 1)
(320 56 57 1 1)
(320 62 61 1 1)
(320 74 68 1/2 0)
(641/2 76 69 1/2 0)
(321 45 51 1 1)
(321 77 70 1/3 0)
(964/3 79 71 1/3 0)
(965/3 77 70 1/3 0)
(322 52 55 1 1)
(322 57 58 1 1)
(322 60 60 1 1)
(322 64 62 1 1)
(322 76 69 1 0)
(323 84 74 3/2 0)
(324 40 48 1 1)
(649/2 83 73 1/2 0)
(325 60 60 1 1)
(325 64 62 1 1)
(325 69 65 1 1)
(325 82 73 1/2 0)
(651/2 72 67 1/2 0)
(326 81 72 1/2 0)
(653/2 80 71 1/2 0)
(327 80 71 1/2 0)
(655/2 79 71 1/2 0)
(328 78 70 1/2 0)
(657/2 69 65 1/2 0)
(329 77 70 1/2 0)
(659/2 76 69 1/2 0)
(330 40 48 1 1)
(330 76 69 1/2 0)
(661/2 75 68 1/2 0)
(331 52 55 1 1)
(331 56 57 1 1)
(331 62 61 1 1)
(331 74 68 1/2 0)
(663/2 64 62 1/2 0)
(332 52 55 1 1)
(332 56 57 1 1)
(332 62 61 1 1)
(332 72 67 1/2 0)
(665/2 71 66 1/2 0)
(333 45 51 1 1)
(333 71 66 1/2 0)
(667/2 72 67 1/2 0)
(334 52 55 1 1)
(334 60 60 1 1)
(334 69 65 1 0)
