(-1 67 64 1 0)
(0 48 53 3 1)
(0 76 69 3/2 0)
(1 55 57 1 1)
(1 64 62 1 1)
(3/2 75 68 1/2 0)
(2 55 57 1 1)
(2 64 62 1 1)
(2 77 70 1/2 0)
(5/2 76 69 1/2 0)
(3 48 53 3 1)
(3 74 68 1/2 0)
(7/2 73 67 1/2 0)
(4 54 56 1 1)
(4 57 58 1 1)
(4 62 61 1 1)
(4 76 69 1 0)
(5 54 56 1 1)
(5 57 58 1 1)
(5 62 61 1 1)
(5 74 68 1 0)
(6 48 53 3 1)
(6 74 68 3/2 0)
(7 53 56 1 1)
(7 56 58 1 1)
(7 59 59 1 1)
(7 62 61 1 1)
(15/2 73 67 1/2 0)
(8 53 56 1 1)
(8 56 58 1 1)
(8 59 59 1 1)
(8 62 61 1 1)
(8 76 69 1/2 0)
(17/2 74 68 1/2 0)
(9 48 53 3 1)
(9 72 67 1/2 0)
(39/4 71 66 1/4 0)
(10 52 55 1 1)
(10 55 57 1 1)
(10 60 60 1 1)
(10 74 68 1 0)
(11 52 55 1 1)
(11 55 57 1 1)
(11 60 60 1 1)
(11 72 67 1 0)
(12 42 49 1 1)
(12 69 65 3/2 0)
(13 50 54 1 1)
(13 57 58 1 1)
(13 60 60 1 1)
(27/2 68 64 1/2 0)
(14 71 66 1/2 0)
(29/2 69 65 1/2 0)
(15 43 50 1 1)
(15 67 64 1/2 0)
(63/4 72 67 1/4 0)
(16 52 55 1 1)
(16 55 57 1 1)
(16 60 60 1 1)
(16 76 69 5/2 0)
(17 52 55 1 1)
(17 55 57 1 1)
(17 60 60 1 1)
(18 43 50 1 1)
(37/2 74 68 1/2 0)
(19 53 56 1 1)
(19 55 57 1 1)
(19 59 59 1 1)
(19 73 67 1/2 0)
(39/2 74 68 1/2 0)
(20 53 56 1 1)
(20 55 57 1 1)
(20 59 59 1 1)
(20 76 69 1/2 0)
(41/2 77 70 1/2 0)
(21 48 53 3 1)
(21 81 72 2 0)
(22 54 56 1 1)
(22 63 61 1 1)
(23 55 57 1 1)
(23 64 62 1 1)
(23 79 71 1 0)
(24 48 53 3 1)
(24 67 64 3/2 0)
(24 76 69 3/2 0)
(25 55 57 1 1)
(25 64 62 1 1)
(51/2 66 63 1/2 0)
(51/2 75 68 1/2 0)
(26 55 57 1 1)
(26 64 62 1 1)
(26 69 65 1/2 0)
(26 77 70 1/2 0)
(53/2 67 64 1/2 0)
(53/2 76 69 1/2 0)
(27 48 53 3 1)
(27 66 63 1/2 0)
(27 74 68 1/2 0)
(55/2 65 62 1/2 0)
(55/2 73 67 1/2 0)
(28 54 56 1 1)
(28 57 58 1 1)
(28 62 61 1 1)
(28 67 64 1 0)
(28 76 69 1 0)
(29 54 56 1 1)
(29 57 58 1 1)
(29 62 61 1 1)
(29 66 63 1 0)
(29 74 68 1 0)
(30 48 53 3 1)
(30 65 63 3/2 0)
(30 74 68 3/2 0)
(31 53 56 1 1)
(31 56 58 1 1)
(31 59 59 1 1)
(31 62 61 1 1)
(63/2 64 62 1/2 0)
(63/2 73 67 1/2 0)
(32 53 56 1 1)
(32 56 58 1 1)
(32 59 59 1 1)
(32 62 61 1 1)
(32 67 64 1/2 0)
(32 76 69 1/2 0)
(65/2 65 63 1/2 0)
(65/2 74 68 1/2 0)
(33 48 53 3 1)
(33 64 62 1/2 0)
(33 72 67 1/2 0)
(67/2 63 61 1/2 0)
(67/2 71 66 1/2 0)
(34 52 55 1 1)
(34 55 57 1 1)
(34 60 60 1 1)
(34 65 63 1 0)
(34 74 68 1 0)
(35 52 55 1 1)
(35 55 57 1 1)
(35 60 60 1 1)
(35 64 62 1 0)
(35 72 67 1 0)
(36 41 49 1 1)
(36 65 63 3/2 0)
(36 69 65 3/2 0)
(37 53 56 1 1)
(37 57 58 1 1)
(37 60 60 1 1)
(75/2 64 62 1/2 0)
(75/2 68 64 1/2 0)
(38 67 64 1/2 0)
(38 71 66 1/2 0)
(77/2 65 63 1/2 0)
(77/2 69 65 1/2 0)
(39 43 50 1 1)
(39 64 62 1/2 0)
(39 67 64 1/2 0)
(159/4 64 62 1/4 0)
(159/4 72 67 1/4 0)
(40 52 55 1 1)
(40 60 60 1 1)
(40 67 64 5/2 0)
(40 76 69 5/2 0)
(41 52 55 1 1)
(41 60 60 1 1)
(42 43 50 1 1)
(85/2 65 63 1/2 0)
(85/2 74 68 1/2 0)
(43 50 54 1 1)
(43 55 57 1 1)
(43 59 59 1 1)
(43 64 62 1/2 0)
(43 73 67 1/2 0)
(87/2 65 63 1/2 0)
(87/2 74 68 1/2 0)
(44 50 54 1 1)
(44 55 57 1 1)
(44 59 59 1 1)
(44 69 65 1/2 0)
(44 77 70 1/2 0)
(179/4 67 64 1/4 0)
(179/4 76 69 1/4 0)
(45 36 46 1 1)
(45 48 53 1 1)
(45 65 63 1/2 0)
(45 74 68 1/2 0)
(183/4 67 64 1/4 0)
(183/4 76 69 1/4 0)
(46 48 53 2 1)
(46 55 57 2 1)
(46 60 60 2 1)
(46 64 62 1 0)
(46 72 67 1 0)
(47 67 64 1 0)
(48 48 53 3 1)
(48 76 69 3/2 0)
(49 55 57 1 1)
(49 64 62 1 1)
(99/2 75 68 1/2 0)
(50 55 57 1 1)
(50 64 62 1 1)
(50 77 70 1/2 0)
(101/2 76 69 1/2 0)
(51 48 53 3 1)
(51 74 68 1/2 0)
(103/2 73 67 1/2 0)
(52 54 56 1 1)
(52 57 58 1 1)
(52 62 61 1 1)
(52 76 69 1 0)
(53 54 56 1 1)
(53 57 58 1 1)
(53 62 61 1 1)
(53 74 68 1 0)
(54 48 53 3 1)
(54 74 68 3/2 0)
(55 53 56 1 1)
(55 56 58 1 1)
(55 59 59 1 1)
(55 62 61 1 1)
(111/2 73 67 1/2 0)
(56 53 56 1 1)
(56 56 58 1 1)
(56 59 59 1 1)
(56 62 61 1 1)
(56 76 69 1/2 0)
(113/2 74 68 1/2 0)
(57 48 53 3 1)
(57 72 67 1/2 0)
(231/4 71 66 1/4 0)
(58 52 55 1 1)
(58 55 57 1 1)
(58 60 60 1 1)
(58 74 68 1 0)
(59 52 55 1 1)
(59 55 57 1 1)
(59 60 60 1 1)
(59 72 67 1 0)
(60 42 49 1 1)
(60 69 65 3/2 0)
(61 50 54 1 1)
(61 57 58 1 1)
(61 60 60 1 1)
(123/2 68 64 1/2 0)
(62 71 66 1/2 0)
(125/2 69 65 1/2 0)
(63 43 50 1 1)
(63 67 64 1/2 0)
(255/4 72 67 1/4 0)
(64 52 55 1 1)
(64 55 57 1 1)
(64 60 60 1 1)
(64 76 69 5/2 0)
(65 52 55 1 1)
(65 55 57 1 1)
(65 60 60 1 1)
(66 43 50 1 1)
(133/2 74 68 1/2 0)
(67 53 56 1 1)
(67 55 57 1 1)
(67 59 59 1 1)
(67 73 67 1/2 0)
(135/2 74 68 1/2 0)
(68 53 56 1 1)
(68 55 57 1 1)
(68 59 59 1 1)
(68 76 69 1/2 0)
(137/2 77 70 1/2 0)
(69 48 53 3 1)
(69 81 72 2 0)
(70 54 56 1 1)
(70 63 61 1 1)
(71 55 57 1 1)
(71 64 62 1 1)
(71 79 71 1 0)
(72 48 53 3 1)
(72 67 64 3/2 0)
(72 76 69 3/2 0)
(73 55 57 1 1)
(73 64 62 1 1)
(147/2 66 63 1/2 0)
(147/2 75 68 1/2 0)
(74 55 57 1 1)
(74 64 62 1 1)
(74 69 65 1/2 0)
(74 77 70 1/2 0)
(149/2 67 64 1/2 0)
(149/2 76 69 1/2 0)
(75 48 53 3 1)
(75 66 63 1/2 0)
(75 74 68 1/2 0)
(151/2 65 62 1/2 0)
(151/2 73 67 1/2 0)
(76 54 56 1 1)
(76 57 58 1 1)
(76 62 61 1 1)
(76 67 64 1 0)
(76 76 69 1 0)
(77 54 56 1 1)
(77 57 58 1 1)
(77 62 61 1 1)
(77 66 63 1 0)
(77 74 68 1 0)
(78 48 53 3 1)
(78 65 63 3/2 0)
(78 74 68 3/2 0)
(79 53 56 1 1)
(79 56 58 1 1)
(79 59 59 1 1)
(79 62 61 1 1)
(159/2 64 62 1/2 0)
(159/2 73 67 1/2 0)
(80 53 56 1 1)
(80 56 58 1 1)
(80 59 59 1 1)
(80 62 61 1 1)
(80 67 64 1/2 0)
(80 76 69 1/2 0)
(161/2 65 63 1/2 0)
(161/2 74 68 1/2 0)
(81 48 53 3 1)
(81 64 62 1/2 0)
(81 72 67 1/2 0)
(163/2 63 61 1/2 0)
(163/2 71 66 1/2 0)
(82 52 55 1 1)
(82 55 57 1 1)
(82 60 60 1 1)
(82 65 63 1 0)
(82 74 68 1 0)
(83 52 55 1 1)
(83 55 57 1 1)
(83 60 60 1 1)
(83 64 62 1 0)
(83 72 67 1 0)
(84 41 49 1 1)
(84 65 63 3/2 0)
(84 69 65 3/2 0)
(85 53 56 1 1)
(85 57 58 1 1)
(85 60 60 1 1)
(171/2 64 62 1/2 0)
(171/2 68 64 1/2 0)
(86 67 64 1/2 0)
(86 71 66 1/2 0)
(173/2 65 63 1/2 0)
(173/2 69 65 1/2 0)
(87 43 50 1 1)
(87 64 62 1/2 0)
(87 67 64 1/2 0)
(351/4 64 62 1/4 0)
(351/4 72 67 1/4 0)
(88 52 55 1 1)
(88 60 60 1 1)
(88 67 64 5/2 0)
(88 76 69 5/2 0)
(89 52 55 1 1)
(89 60 60 1 1)
(90 43 50 1 1)
(181/2 65 63 1/2 0)
(181/2 74 68 1/2 0)
(91 50 54 1 1)
(91 55 57 1 1)
(91 59 59 1 1)
(91 64 62 1/2 0)
(91 73 67 1/2 0)
(183/2 65 63 1/2 0)
(183/2 74 68 1/2 0)
(92 50 54 1 1)
(92 55 57 1 1)
(92 59 59 1 1)
(92 69 65 1/2 0)
(92 77 70 1/2 0)
(371/4 67 64 1/4 0)
(371/4 76 69 1/4 0)
(93 36 46 1 1)
(93 48 53 1 1)
(93 65 63 1/2 0)
(93 74 68 1/2 0)
(375/4 67 64 1/4 0)
(375/4 76 69 1/4 0)
(94 48 53 2 1)
(94 55 57 2 1)
(94 60 60 2 1)
(94 64 62 2 0)
(94 72 67 2 0)
(96 50 54 6 1)
(96 62 61 6 0)
(195/2 60 60 1/2 1)
(195/2 66 63 1/2 0)
(195/2 69 65 1/2 0)
(98 59 59 1/2 1)
(98 67 64 1/2 0)
(98 71 66 1/2 0)
(197/2 57 58 1/2 1)
(197/2 69 65 1/2 0)
(197/2 72 67 1/2 0)
(99 59 59 1/2 1)
(99 67 64 1/2 0)
(99 71 66 1/2 0)
(199/2 57 58 1/2 1)
(199/2 69 65 1/2 0)
(199/2 72 67 1/2 0)
(100 55 57 1 1)
(100 71 66 1 0)
(100 74 68 1 0)
(101 61 60 1 1)
(101 67 64 1 0)
(101 70 66 1 0)
(101 76 69 1 0)
(102 50 54 6 1)
(102 62 61 6 0)
(207/2 60 60 1/2 1)
(207/2 66 63 1/2 0)
(207/2 69 65 1/2 0)
(104 59 59 1/2 1)
(104 67 64 1/2 0)
(104 71 66 1/2 0)
(209/2 57 58 1/2 1)
(209/2 69 65 1/2 0)
(209/2 72 67 1/2 0)
(105 55 57 1/2 1)
(105 67 64 1/2 0)
(105 71 66 1/2 0)
(211/2 57 58 1/2 1)
(211/2 66 63 1/2 0)
(211/2 69 65 1/2 0)
(106 58 59 1 1)
(106 64 62 2 0)
(106 67 64 2 0)
(107 55 57 1 1)
(108 50 54 6 1)
(108 61 60 1 0)
(109 62 61 6 0)
(219/2 60 60 1/2 1)
(219/2 66 63 1/2 0)
(219/2 69 65 1/2 0)
(110 59 59 1/2 1)
(110 67 64 1/2 0)
(110 71 66 1/2 0)
(221/2 57 58 1/2 1)
(221/2 69 65 1/2 0)
(221/2 72 67 1/2 0)
(111 59 59 1/2 1)
(111 67 64 1/2 0)
(111 71 66 1/2 0)
(223/2 57 58 1/2 1)
(223/2 69 65 1/2 0)
(223/2 72 67 1/2 0)
(112 55 57 1 1)
(112 71 66 1 0)
(112 74 68 1 0)
(113 61 60 1 1)
(113 67 64 1 0)
(113 70 66 1 0)
(113 76 69 1 0)
(114 50 54 3 1)
(115 62 61 3 0)
(231/2 60 60 1/2 1)
(231/2 66 63 1/2 0)
(231/2 69 65 1/2 0)
(116 59 59 1/2 1)
(116 67 64 1/2 0)
(116 71 66 1/2 0)
(233/2 57 58 1/2 1)
(233/2 69 65 1/2 0)
(233/2 72 67 1/2 0)
(117 62 61 1/2 1)
(117 71 66 1/2 0)
(235/2 57 58 1/2 1)
(235/2 72 67 1/2 0)
(118 59 59 1 1)
(118 65 63 3 0)
(118 74 68 1 0)
(119 57 58 1/2 1)
(119 67 64 1 0)
(239/2 55 57 1/2 1)
(120 48 53 3 1)
(120 76 69 3/2 0)
(121 55 57 1 1)
(121 64 62 1 1)
(243/2 75 68 1/2 0)
(122 55 57 1 1)
(122 64 62 1 1)
(122 77 70 1/2 0)
(245/2 76 69 1/2 0)
(123 48 53 3 1)
(123 74 68 1/2 0)
(247/2 73 67 1/2 0)
(124 54 56 1 1)
(124 57 58 1 1)
(124 62 61 1 1)
(124 76 69 1 0)
(125 54 56 1 1)
(125 57 58 1 1)
(125 62 61 1 1)
(125 74 68 1 0)
(126 48 53 3 1)
(126 74 68 3/2 0)
(127 53 56 1 1)
(127 56 58 1 1)
(127 59 59 1 1)
(127 62 61 1 1)
(255/2 73 67 1/2 0)
(128 53 56 1 1)
(128 56 58 1 1)
(128 59 59 1 1)
(128 62 61 1 1)
(128 76 69 1/2 0)
(257/2 74 68 1/2 0)
(129 48 53 3 1)
(129 72 67 1/2 0)
(519/4 71 66 1/4 0)
(130 52 55 1 1)
(130 55 57 1 1)
(130 60 60 1 1)
(130 74 68 1 0)
(131 52 55 1 1)
(131 55 57 1 1)
(131 60 60 1 1)
(131 72 67 1 0)
(132 42 49 1 1)
(132 69 65 3/2 0)
(133 50 54 1 1)
(133 57 58 1 1)
(133 60 60 1 1)
(267/2 68 64 1/2 0)
(134 71 66 1/2 0)
(269/2 69 65 1/2 0)
(135 43 50 1 1)
(135 67 64 1/2 0)
(543/4 72 67 1/4 0)
(136 52 55 1 1)
(136 55 57 1 1)
(136 60 60 1 1)
(136 76 69 5/2 0)
(137 52 55 1 1)
(137 55 57 1 1)
(137 60 60 1 1)
(138 43 50 1 1)
(277/2 74 68 1/2 0)
(139 53 56 1 1)
(139 55 57 1 1)
(139 59 59 1 1)
(139 73 67 1/2 0)
(279/2 74 68 1/2 0)
(140 53 56 1 1)
(140 55 57 1 1)
(140 59 59 1 1)
(140 76 69 1/2 0)
(281/2 77 70 1/2 0)
(141 48 53 3 1)
(141 81 72 2 0)
(142 54 56 1 1)
(142 63 61 1 1)
(143 55 57 1 1)
(143 64 62 1 1)
(143 79 71 1 0)
(144 48 53 3 1)
(144 67 64 3/2 0)
(144 76 69 3/2 0)
(145 55 57 1 1)
(145 64 62 1 1)
(291/2 66 63 1/2 0)
(291/2 75 68 1/2 0)
(146 55 57 1 1)
(146 64 62 1 1)
(146 69 65 1/2 0)
(146 77 70 1/2 0)
(293/2 67 64 1/2 0)
(293/2 76 69 1/2 0)
(147 48 53 3 1)
(147 66 63 1/2 0)
(147 74 68 1/2 0)
(295/2 65 62 1/2 0)
(295/2 73 67 1/2 0)
(148 54 56 1 1)
(148 57 58 1 1)
(148 62 61 1 1)
(148 67 64 1 0)
(148 76 69 1 0)
(149 54 56 1 1)
(149 57 58 1 1)
(149 62 61 1 1)
(149 66 63 1 0)
(149 74 68 1 0)
(150 48 53 3 1)
(150 65 63 3/2 0)
(150 74 68 3/2 0)
(151 53 56 1 1)
(151 56 58 1 1)
(151 59 59 1 1)
(151 62 61 1 1)
(303/2 64 62 1/2 0)
(303/2 73 67 1/2 0)
(152 53 56 1 1)
(152 56 58 1 1)
(152 59 59 1 1)
(152 62 61 1 1)
(152 67 64 1/2 0)
(152 76 69 1/2 0)
(305/2 65 63 1/2 0)
(305/2 74 68 1/2 0)
(153 48 53 3 1)
(153 64 62 1/2 0)
(153 72 67 1/2 0)
(307/2 63 61 1/2 0)
(307/2 71 66 1/2 0)
(154 52 55 1 1)
(154 55 57 1 1)
(154 60 60 1 1)
(154 65 63 1 0)
(154 74 68 1 0)
(155 52 55 1 1)
(155 55 57 1 1)
(155 60 60 1 1)
(155 64 62 1 0)
(155 72 67 1 0)
(156 41 49 1 1)
(156 65 63 3/2 0)
(156 69 65 3/2 0)
(157 53 56 1 1)
(157 57 58 1 1)
(157 60 60 1 1)
(315/2 64 62 1/2 0)
(315/2 68 64 1/2 0)
(158 53 56 1 1)
(158 57 58 1 1)
(158 60 60 1 1)
(158 67 64 1/2 0)
(158 71 66 1/2 0)
(317/2 65 63 1/2 0)
(317/2 69 65 1/2 0)
(159 43 50 1 1)
(159 64 62 1/2 0)
(159 67 64 1/2 0)
(639/4 64 62 1/4 0)
(639/4 72 67 1/4 0)
(160 52 55 1 1)
(160 60 60 1 1)
(160 67 64 5/2 0)
(160 76 69 5/2 0)
(161 52 55 1 1)
(161 60 60 1 1)
(162 43 50 1 1)
(325/2 65 63 1/2 0)
(325/2 74 68 1/2 0)
(163 50 54 1 1)
(163 55 57 1 1)
(163 59 59 1 1)
(163 64 62 1/2 0)
(163 73 67 1/2 0)
(327/2 65 63 1/2 0)
(327/2 74 68 1/2 0)
(164 50 54 1 1)
(164 55 57 1 1)
(164 59 59 1 1)
(164 69 65 1/2 0)
(164 77 70 1/2 0)
(659/4 67 64 1/4 0)
(659/4 76 69 1/4 0)
(165 36 46 1 1)
(165 48 53 1 1)
(165 65 63 1/2 0)
(165 74 68 1/2 0)
(663/4 67 64 1/4 0)
(663/4 76 69 1/4 0)
(166 48 53 2 1)
(166 55 57 2 1)
(166 60 60 2 1)
(166 64 62 2 0)
(166 72 67 2 0)
