(-1 62 61 1 0)
(0 38 47 1 1)
(0 74 68 1/2 0)
(1/2 75 69 1/2 0)
(1 54 56 1 1)
(1 60 60 1 1)
(1 62 61 1 1)
(1 74 68 1 0)
(2 54 56 1 1)
(2 60 60 1 1)
(2 62 61 1 1)
(2 69 65 1 0)
(3 43 50 1 1)
(3 70 66 3/2 0)
(4 55 57 1 1)
(4 58 59 1 1)
(4 62 61 1 1)
(9/2 67 64 1/2 0)
(5 55 57 1 1)
(5 58 59 1 1)
(5 63 62 1 1)
(5 74 68 1/2 0)
(11/2 75 69 1/2 0)
(6 45 51 1 1)
(6 77 70 1/2 0)
(13/2 79 71 1/2 0)
(7 53 56 1 1)
(7 60 60 1 1)
(7 63 62 1 1)
(7 77 70 1 0)
(8 53 56 1 1)
(8 57 58 1 1)
(8 63 62 1 1)
(8 72 67 1 0)
(9 46 52 1 1)
(9 74 68 1 0)
(10 53 56 1 1)
(10 58 59 1 1)
(10 62 61 1 1)
(11 53 56 1 1)
(11 58 59 1 1)
(11 62 61 1 1)
(11 74 68 1/2 0)
(23/2 74 68 1/2 0)
(12 74 68 1/2 0)
(25/2 75 69 1/2 0)
(13 50 54 1 1)
(13 54 56 1 1)
(13 60 60 1 1)
(13 74 68 1 0)
(14 50 54 1 1)
(14 54 56 1 1)
(14 60 60 1 1)
(14 69 65 1 0)
(15 43 50 1 1)
(15 70 66 1/2 0)
(31/2 69 65 1/2 0)
(16 50 54 1 1)
(16 58 59 1 1)
(16 67 64 1 0)
(17 48 53 2 1)
(17 55 57 2 1)
(17 63 62 2 0)
(17 72 67 1 0)
(18 67 64 1/2 0)
(37/2 69 65 1/2 0)
(19 43 50 1 1)
(19 55 57 1 1)
(19 62 61 1 0)
(19 70 66 1 0)
(20 48 53 2 1)
(20 55 57 2 1)
(20 63 62 2 0)
(20 72 67 1 0)
(21 67 64 1/2 0)
(43/2 69 65 1/2 0)
(22 43 50 1 1)
(22 55 57 1 1)
(22 62 61 1 0)
(22 70 66 1 0)
(23 48 53 1 1)
(23 55 57 1 1)
(23 63 62 1 0)
(23 72 67 1 0)
(24 42 49 1 1)
(24 62 61 1 0)
(24 74 68 1/2 0)
(49/2 75 69 1/2 0)
(25 50 54 1 1)
(25 60 60 1 1)
(25 74 68 1 0)
(26 50 54 1 1)
(26 60 60 1 1)
(26 69 65 1 0)
(27 43 50 1 1)
(27 70 66 3/2 0)
(28 55 57 1 1)
(28 58 59 1 1)
(28 62 61 1 1)
(57/2 67 64 1/2 0)
(29 55 57 1 1)
(29 58 59 1 1)
(29 63 62 1 1)
(29 74 68 1/2 0)
(59/2 75 69 1/2 0)
(30 45 51 1 1)
(30 77 70 1/2 0)
(61/2 79 71 1/2 0)
(31 53 56 1 1)
(31 60 60 1 1)
(31 63 62 1 1)
(31 77 70 1 0)
(32 53 56 1 1)
(32 57 58 1 1)
(32 63 62 1 1)
(32 72 67 1 0)
(33 46 52 1 1)
(33 74 68 1 0)
(34 53 56 1 1)
(34 58 59 1 1)
(34 62 61 1 1)
(35 53 56 1 1)
(35 58 59 1 1)
(35 62 61 1 1)
(35 74 68 1/2 0)
(71/2 74 68 1/2 0)
(36 74 68 1/2 0)
(73/2 75 69 1/2 0)
(37 50 54 1 1)
(37 54 56 1 1)
(37 60 60 1 1)
(37 74 68 1 0)
(38 50 54 1 1)
(38 54 56 1 1)
(38 60 60 1 1)
(38 69 65 1 0)
(39 43 50 1 1)
(39 70 66 1 0)
(40 55 57 1 1)
(40 58 59 1 1)
(40 62 61 1 1)
(40 67 64 1/2 0)
(81/2 82 73 1/2 0)
(41 48 53 1 1)
(41 55 57 1 1)
(41 63 62 1 1)
(41 81 72 1/2 0)
(83/2 79 71 1/2 0)
(42 50 54 3 1)
(42 79 71 1/2 0)
(85/2 77 70 1/2 0)
(43 55 57 1 1)
(43 60 60 1 1)
(43 75 69 1/2 0)
(87/2 75 69 1/2 0)
(44 54 56 1 1)
(44 60 60 1 1)
(44 74 68 1/2 0)
(89/2 72 67 1/2 0)
(45 43 50 1 1)
(45 70 66 1/2 0)
(91/2 69 65 1/2 0)
(46 50 54 1 1)
(46 58 59 1 1)
(46 67 64 2 0)
(47 50 54 1 1)
(47 58 59 1 1)
(48 41 49 1 1)
(48 67 64 3 0)
(49 53 56 1 1)
(49 58 59 1 1)
(49 63 62 1 1)
(50 53 56 1 1)
(50 58 59 1 1)
(50 63 62 1 1)
(51 53 56 1 1)
(51 60 60 1/3 1)
(51 63 62 1 1)
(51 69 65 1/3 0)
(154/3 58 59 1/3 1)
(154/3 67 64 1/3 0)
(155/3 57 58 1/3 1)
(155/3 65 63 1/3 0)
(52 58 59 1 1)
(52 62 61 1 1)
(52 70 66 1 0)
(53 46 52 1 1)
(53 74 68 1 0)
(54 41 49 1 1)
(54 67 64 3 0)
(55 53 56 1 1)
(55 58 59 1 1)
(55 63 62 1 1)
(56 53 56 1 1)
(56 58 59 1 1)
(56 63 62 1 1)
(57 50 54 1 1)
(57 60 60 1/3 1)
(57 63 62 1 1)
(57 69 65 1/3 0)
(172/3 58 59 1/3 1)
(172/3 67 64 1/3 0)
(173/3 57 58 1/3 1)
(173/3 65 63 1/3 0)
(58 58 59 1 1)
(58 62 61 1 1)
(58 70 66 1 0)
(59 46 52 1 1)
(59 74 68 1/2 0)
(119/2 75 69 1/2 0)
(60 55 57 1 1)
(60 62 61 1 1)
(60 67 64 1 1)
(60 71 66 1 0)
(60 77 70 1/3 0)
(181/3 79 71 1/3 0)
(182/3 77 70 1/3 0)
(61 60 60 1 1)
(61 67 64 1 1)
(61 70 66 1 0)
(61 76 69 1 0)
(62 60 60 1 1)
(62 67 64 1 1)
(62 70 66 1 0)
(62 72 67 1/2 0)
(125/2 74 68 1/2 0)
(63 53 56 1 1)
(63 60 60 1 1)
(63 69 65 1 0)
(63 75 69 1/3 0)
(190/3 77 70 1/3 0)
(191/3 75 69 1/3 0)
(64 58 59 1 1)
(64 65 63 1 1)
(64 68 65 1 0)
(64 74 68 1 0)
(65 58 59 1 1)
(65 65 63 1 1)
(65 68 65 1 0)
(65 70 66 1 0)
(66 51 55 1 1)
(66 58 59 1 1)
(66 67 64 1 0)
(66 73 68 1/3 0)
(199/3 75 69 1/3 0)
(200/3 73 68 1/3 0)
(67 56 58 1 1)
(67 63 62 1 1)
(67 66 64 1 0)
(67 72 67 1 0)
(68 56 58 1 1)
(68 63 62 1 1)
(68 66 64 1 0)
(68 68 65 1/2 0)
(137/2 70 66 1/2 0)
(69 49 54 1 1)
(69 56 58 1 1)
(69 65 63 1 0)
(69 71 67 1/3 0)
(208/3 73 68 1/3 0)
(209/3 71 67 1/3 0)
(70 54 57 1 1)
(70 61 61 1 1)
(70 64 63 1 0)
(70 70 66 1 0)
(71 54 57 1 1)
(71 61 61 1 1)
(71 64 63 1 0)
(71 66 64 1 0)
(72 48 53 1 1)
(72 67 64 3 0)
(73 58 59 1 1)
(73 64 62 1 1)
(74 58 59 1 1)
(74 64 62 1 1)
(75 53 56 1 1)
(75 60 60 1/3 1)
(75 63 62 1 1)
(75 69 65 1/3 0)
(226/3 58 59 1/3 1)
(226/3 67 64 1/3 0)
(227/3 57 58 1/3 1)
(227/3 65 63 1/3 0)
(76 58 59 1 1)
(76 62 61 1 1)
(76 70 66 1 0)
(77 46 52 1 1)
(77 74 68 1 0)
(78 48 53 1 1)
(78 67 64 3 0)
(79 58 59 1 1)
(79 64 62 1 1)
(80 58 59 1 1)
(80 64 62 1 1)
(81 53 56 1 1)
(81 60 60 1/3 1)
(81 63 62 1 1)
(81 69 65 1/3 0)
(244/3 58 59 1/3 1)
(244/3 67 64 1/3 0)
(245/3 57 58 1/3 1)
(245/3 65 63 1/3 0)
(82 58 59 1 1)
(82 62 61 1 1)
(82 70 66 1 0)
(83 46 52 1 1)
(83 74 68 1/2 0)
(167/2 75 69 1/2 0)
(84 55 57 1 1)
(84 62 61 1 1)
(84 67 64 1 1)
(84 71 66 1 0)
(84 77 70 1/3 0)
(253/3 79 71 1/3 0)
(254/3 77 70 1/3 0)
(85 60 60 1 1)
(85 67 64 1 1)
(85 70 66 1 0)
(85 76 69 1 0)
(86 60 60 1 1)
(86 67 64 1 1)
(86 70 66 1 0)
(86 72 67 1/2 0)
(173/2 74 68 1/2 0)
(87 53 56 1 1)
(87 60 60 1 1)
(87 69 65 1 0)
(87 75 69 1/3 0)
(262/3 77 70 1/3 0)
(263/3 75 69 1/3 0)
(88 58 59 1 1)
(88 65 63 1 1)
(88 68 65 1 0)
(88 74 68 1 0)
(89 58 59 1 1)
(89 65 63 1 1)
(89 68 65 1 0)
(89 70 66 1/2 0)
(179/2 72 67 1/2 0)
(90 52 55 1 1)
(90 58 59 1 1)
(90 64 62 1 1)
(90 67 64 1 0)
(90 73 68 1/3 0)
(271/3 75 69 1/3 0)
(272/3 73 68 1/3 0)
(91 53 56 1 1)
(91 58 59 1 1)
(91 63 62 1 1)
(91 67 64 1 0)
(91 72 67 1 0)
(92 53 56 1 1)
(92 57 58 1 1)
(92 63 62 1 1)
(92 65 63 1 0)
(92 74 68 1/2 0)
(185/2 72 67 1/2 0)
(93 58 59 1 1)
(93 62 61 1 1)
(93 70 66 1 0)
(94 46 52 1 1)
(94 82 73 1 0)
(95 34 45 1 1)
(95 94 80 1 0)
(96 41 49 1 1)
(96 67 64 3 0)
(97 53 56 1 1)
(97 58 59 1 1)
(97 63 62 1 1)
(98 53 56 1 1)
(98 58 59 1 1)
(98 63 62 1 1)
(99 53 56 1 1)
(99 60 60 1/3 1)
(99 63 62 1 1)
(99 69 65 1/3 0)
(298/3 58 59 1/3 1)
(298/3 67 64 1/3 0)
(299/3 57 58 1/3 1)
(299/3 65 63 1/3 0)
(100 58 59 1 1)
(100 62 61 1 1)
(100 70 66 1 0)
(101 46 52 1 1)
(101 74 68 1 0)
(102 41 49 1 1)
(102 67 64 3 0)
(103 53 56 1 1)
(103 58 59 1 1)
(103 63 62 1 1)
(104 53 56 1 1)
(104 58 59 1 1)
(104 63 62 1 1)
(105 50 54 1 1)
(105 60 60 1/3 1)
(105 63 62 1 1)
(105 69 65 1/3 0)
(316/3 58 59 1/3 1)
(316/3 67 64 1/3 0)
(317/3 57 58 1/3 1)
(317/3 65 63 1/3 0)
(106 58 59 1 1)
(106 62 61 1 1)
(106 70 66 1 0)
(107 46 52 1 1)
(107 74 68 1/2 0)
(215/2 75 69 1/2 0)
(108 55 57 1 1)
(108 62 61 1 1)
(108 67 64 1 1)
(108 71 66 1 0)
(108 77 70 1/3 0)
(325/3 79 71 1/3 0)
(326/3 77 70 1/3 0)
(109 60 60 1 1)
(109 67 64 1 1)
(109 70 66 1 0)
(109 76 69 1 0)
(110 60 60 1 1)
(110 67 64 1 1)
(110 70 66 1 0)
(110 72 67 1/2 0)
(221/2 74 68 1/2 0)
(111 53 56 1 1)
(111 60 60 1 1)
(111 69 65 1 0)
(111 75 69 1/3 0)
(334/3 77 70 1/3 0)
(335/3 75 69 1/3 0)
(112 58 59 1 1)
(112 65 63 1 1)
(112 68 65 1 0)
(112 74 68 1 0)
(113 58 59 1 1)
(113 65 63 1 1)
(113 68 65 1 0)
(113 70 66 1 0)
(114 51 55 1 1)
(114 58 59 1 1)
(114 67 64 1 0)
(114 73 68 1/3 0)
(343/3 75 69 1/3 0)
(344/3 73 68 1/3 0)
(115 56 58 1 1)
(115 63 62 1 1)
(115 66 64 1 0)
(115 72 67 1 0)
(116 56 58 1 1)
(116 63 62 1 1)
(116 66 64 1 0)
(116 68 65 1/2 0)
(233/2 70 66 1/2 0)
(117 49 54 1 1)
(117 56 58 1 1)
(117 65 63 1 0)
(117 71 67 1/3 0)
(352/3 73 68 1/3 0)
(353/3 71 67 1/3 0)
(118 54 57 1 1)
(118 61 61 1 1)
(118 64 63 1 0)
(118 70 66 1 0)
(119 54 57 1 1)
(119 61 61 1 1)
(119 64 63 1 0)
(119 66 64 1 0)
(120 48 53 1 1)
(120 67 64 3 0)
(121 58 59 1 1)
(121 64 62 1 1)
(122 58 59 1 1)
(122 64 62 1 1)
(123 53 56 1 1)
(123 60 60 1/3 1)
(123 63 62 1 1)
(123 69 65 1/3 0)
(370/3 58 59 1/3 1)
(370/3 67 64 1/3 0)
(371/3 57 58 1/3 1)
(371/3 65 63 1/3 0)
(124 58 59 1 1)
(124 62 61 1 1)
(124 70 66 1 0)
(125 46 52 1 1)
(125 74 68 1 0)
(126 48 53 1 1)
(126 67 64 3 0)
(127 58 59 1 1)
(127 64 62 1 1)
(128 58 59 1 1)
(128 64 62 1 1)
(129 53 56 1 1)
(129 60 60 1/3 1)
(129 63 62 1 1)
(129 69 65 1/3 0)
(388/3 58 59 1/3 1)
(388/3 67 64 1/3 0)
(389/3 57 58 1/3 1)
(389/3 65 63 1/3 0)
(130 58 59 1 1)
(130 62 61 1 1)
(130 70 66 1 0)
(131 46 52 1 1)
(131 74 68 1/2 0)
(263/2 75 69 1/2 0)
(132 55 57 1 1)
(132 62 61 1 1)
(132 67 64 1 1)
(132 71 66 1 0)
(132 77 70 1/3 0)
(397/3 79 71 1/3 0)
(398/3 77 70 1/3 0)
(133 60 60 1 1)
(133 67 64 1 1)
(133 70 66 1 0)
(133 76 69 1 0)
(134 60 60 1 1)
(134 67 64 1 1)
(134 70 66 1 0)
(134 72 67 1/2 0)
(269/2 74 68 1/2 0)
(135 53 56 1 1)
(135 60 60 1 1)
(135 69 65 1 0)
(135 75 69 1/3 0)
(406/3 77 70 1/3 0)
(407/3 75 69 1/3 0)
(136 58 59 1 1)
(136 65 63 1 1)
(136 68 65 1 0)
(136 74 68 1 0)
(137 58 59 1 1)
(137 65 63 1 1)
(137 68 65 1 0)
(137 70 66 1/2 0)
(275/2 72 67 1/2 0)
(138 52 55 1 1)
(138 58 59 1 1)
(138 64 62 1 1)
(138 67 64 1 0)
(138 73 68 1/3 0)
(415/3 75 69 1/3 0)
(416/3 73 68 1/3 0)
(139 53 56 1 1)
(139 58 59 1 1)
(139 63 62 1 1)
(139 67 64 1 0)
(139 72 67 1 0)
(140 53 56 1 1)
(140 57 58 1 1)
(140 63 62 1 1)
(140 65 63 1 0)
(140 74 68 1/2 0)
(281/2 72 67 1/2 0)
(141 58 59 1 1)
(141 62 61 1 1)
(141 70 66 1 0)
(142 46 52 1 1)
(142 82 73 1 0)
(143 34 45 1 1)
(143 94 80 1 0)
(144 62 61 1/2 0)
(289/2 63 62 1/2 0)
(145 62 61 1 0)
(146 69 65 1 0)
(147 67 64 1 0)
(148 66 63 3/2 0)
(299/2 63 62 1/2 0)
(150 62 61 1/2 0)
(301/2 63 62 1/2 0)
(151 62 61 1 0)
(152 69 65 1 0)
(153 67 64 1/3 0)
(460/3 69 65 1/3 0)
(461/3 67 64 1/3 0)
(154 66 63 1 0)
(155 63 62 1 0)
(156 62 61 1/2 0)
(313/2 63 62 1/2 0)
(157 62 61 1 0)
(158 72 67 1 0)
(159 71 66 1/2 0)
(319/2 70 66 1/2 0)
(160 69 65 1 0)
(161 68 65 1/2 0)
(323/2 67 64 1/2 0)
(162 66 63 1/2 0)
(325/2 73 67 1/2 0)
(163 74 68 3/2 0)
(329/2 75 69 1/2 0)
(165 74 68 1/2 0)
(331/2 75 69 1/2 0)
(166 74 68 1/2 0)
(333/2 75 69 1/2 0)
(167 74 68 1/2 0)
(335/2 75 69 1/2 0)
(168 38 47 1 1)
(168 74 68 1/2 0)
(337/2 75 69 1/2 0)
(169 54 56 1 1)
(169 60 60 1 1)
(169 62 61 1 1)
(169 74 68 1 0)
(170 54 56 1 1)
(170 60 60 1 1)
(170 62 61 1 1)
(170 69 65 1 0)
(171 43 50 1 1)
(171 70 66 3/2 0)
(172 55 57 1 1)
(172 58 59 1 1)
(172 62 61 1 1)
(345/2 67 64 1/2 0)
(173 55 57 1 1)
(173 58 59 1 1)
(173 63 62 1 1)
(173 74 68 1/2 0)
(347/2 75 69 1/2 0)
(174 45 51 1 1)
(174 77 70 1/2 0)
(349/2 79 71 1/2 0)
(175 53 56 1 1)
(175 60 60 1 1)
(175 63 62 1 1)
(175 77 70 1 0)
(176 53 56 1 1)
(176 57 58 1 1)
(176 63 62 1 1)
(176 72 67 1 0)
(177 46 52 1 1)
(177 74 68 1 0)
(178 53 56 1 1)
(178 58 59 1 1)
(178 62 61 1 1)
(179 53 56 1 1)
(179 58 59 1 1)
(179 62 61 1 1)
(179 74 68 1/2 0)
(359/2 74 68 1/2 0)
(180 74 68 1/2 0)
(361/2 75 69 1/2 0)
(181 50 54 1 1)
(181 54 56 1 1)
(181 60 60 1 1)
(181 74 68 1 0)
(182 50 54 1 1)
(182 54 56 1 1)
(182 60 60 1 1)
(182 69 65 1 0)
(183 43 50 1 1)
(183 70 66 1/2 0)
(367/2 69 65 1/2 0)
(184 50 54 1 1)
(184 58 59 1 1)
(184 67 64 1 0)
(185 48 53 2 1)
(185 55 57 2 1)
(185 63 62 2 0)
(185 72 67 1 0)
(186 67 64 1/2 0)
(373/2 69 65 1/2 0)
(187 43 50 1 1)
(187 55 57 1 1)
(187 62 61 1 0)
(187 70 66 1 0)
(188 48 53 2 1)
(188 55 57 2 1)
(188 63 62 2 0)
(188 72 67 1 0)
(189 67 64 1/2 0)
(379/2 69 65 1/2 0)
(190 43 50 1 1)
(190 55 57 1 1)
(190 62 61 1 0)
(190 70 66 1 0)
(191 48 53 1 1)
(191 55 57 1 1)
(191 63 62 1 0)
(191 72 67 1 0)
(192 42 49 1 1)
(192 62 61 1 0)
(192 74 68 1/2 0)
(385/2 75 69 1/2 0)
(193 50 54 1 1)
(193 60 60 1 1)
(193 74 68 1 0)
(194 50 54 1 1)
(194 60 60 1 1)
(194 69 65 1 0)
(195 43 50 1 1)
(195 70 66 3/2 0)
(196 55 57 1 1)
(196 58 59 1 1)
(196 62 61 1 1)
(393/2 67 64 1/2 0)
(197 55 57 1 1)
(197 58 59 1 1)
(197 63 62 1 1)
(197 74 68 1/2 0)
(395/2 75 69 1/2 0)
(198 45 51 1 1)
(198 77 70 1/2 0)
(397/2 79 71 1/2 0)
(199 53 56 1 1)
(199 60 60 1 1)
(199 63 62 1 1)
(199 77 70 1 0)
(200 53 56 1 1)
(200 57 58 1 1)
(200 63 62 1 1)
(200 72 67 1 0)
(201 46 52 1 1)
(201 74 68 1 0)
(202 53 56 1 1)
(202 58 59 1 1)
(202 62 61 1 1)
(203 53 56 1 1)
(203 58 59 1 1)
(203 62 61 1 1)
(203 74 68 1/2 0)
(407/2 74 68 1/2 0)
(204 74 68 1/2 0)
(409/2 75 69 1/2 0)
(205 50 54 1 1)
(205 54 56 1 1)
(205 60 60 1 1)
(205 74 68 1 0)
(206 50 54 1 1)
(206 54 56 1 1)
(206 60 60 1 1)
(206 69 65 1 0)
(207 43 50 1 1)
(207 70 66 1 0)
(208 55 57 1 1)
(208 58 59 1 1)
(208 62 61 1 1)
(208 67 64 1/2 0)
(417/2 82 73 1/2 0)
(209 48 53 1 1)
(209 55 57 1 1)
(209 63 62 1 1)
(209 81 72 1/2 0)
(419/2 79 71 1/2 0)
(210 50 54 3 1)
(210 79 71 1/2 0)
(421/2 77 70 1/2 0)
(211 55 57 1 1)
(211 60 60 1 1)
(211 75 69 1/2 0)
(423/2 75 69 1/2 0)
(212 54 56 1 1)
(212 60 60 1 1)
(212 74 68 1/2 0)
(425/2 72 67 1/2 0)
(213 43 50 3 1)
(213 70 66 1/2 0)
(427/2 69 65 1/2 0)
(214 50 54 2 1)
(214 58 59 2 1)
(214 67 64 2 0)
