(0 53 56 3/4 1)
(0 60 60 3/4 1)
(0 69 65 3/4 0)
(0 72 67 3/4 0)
(3/4 53 56 1/4 1)
(3/4 60 60 1/4 1)
(3/4 69 65 1/4 0)
(3/4 72 67 1/4 0)
(1 53 56 1 1)
(1 60 60 1 1)
(1 69 65 1 0)
(1 72 67 1 0)
(2 53 56 1 1)
(2 60 60 1 1)
(2 69 65 1 0)
(2 77 70 1 0)
(3 48 53 3 1)
(3 55 57 3/4 1)
(3 60 60 3/4 1)
(3 67 64 3/4 0)
(3 76 69 3/4 0)
(15/4 59 59 1/4 1)
(15/4 65 63 1/4 0)
(15/4 74 68 1/4 0)
(4 60 60 2 1)
(4 64 62 2 0)
(4 72 67 2 0)
(6 50 54 3/4 1)
(6 57 58 3/4 1)
(6 65 63 3/4 0)
(6 69 65 3/4 0)
(27/4 50 54 1/4 1)
(27/4 57 58 1/4 1)
(27/4 65 63 1/4 0)
(27/4 69 65 1/4 0)
(7 50 54 1 1)
(7 57 58 1 1)
(7 65 63 1 0)
(7 69 65 1 0)
(8 50 54 1 1)
(8 57 58 1 1)
(8 65 63 1 0)
(8 74 68 1 0)
(9 45 51 3 1)
(9 52 55 3/4 1)
(9 64 62 3/4 0)
(9 72 67 3/4 0)
(39/4 56 57 1/4 1)
(39/4 62 61 1/4 0)
(39/4 70 66 1/4 0)
(10 57 58 2 1)
(10 60 60 2 0)
(10 69 65 2 0)
(12 46 52 3/4 1)
(12 53 56 3/4 1)
(12 62 61 3/4 0)
(12 65 63 3/4 0)
(51/4 46 52 1/4 1)
(51/4 53 56 1/4 1)
(51/4 62 61 1/4 0)
(51/4 65 63 1/4 0)
(13 46 52 1 1)
(13 53 56 1 1)
(13 62 61 1 0)
(13 65 63 1 0)
(14 46 52 1 1)
(14 53 56 1 1)
(14 62 61 1 0)
(14 70 66 1 0)
(15 41 49 3/4 1)
(15 53 56 3/4 1)
(15 60 60 3/4 0)
(15 69 65 3/4 0)
(63/4 41 49 1/4 1)
(63/4 53 56 1/4 1)
(63/4 58 59 1/4 0)
(63/4 67 64 1/4 0)
(16 41 49 1 1)
(16 53 56 1 1)
(16 57 58 1 0)
(16 65 63 1 0)
(17 46 52 1 1)
(17 53 56 1 1)
(17 62 61 1 0)
(17 70 66 1 0)
(18 41 49 2 1)
(18 53 56 3/4 1)
(18 60 60 3/4 0)
(18 69 65 3/4 0)
(75/4 53 56 1/4 1)
(75/4 58 59 1/4 0)
(75/4 67 64 1/4 0)
(19 53 56 1 1)
(19 57 58 1 0)
(19 65 63 1 0)
(20 43 50 1 1)
(20 50 54 1/2 1)
(20 59 59 1 0)
(20 67 64 1 0)
(41/2 55 57 1/2 1)
(21 48 53 3 1)
(21 55 57 3/4 1)
(21 60 60 3/4 0)
(21 64 62 3/4 0)
(87/4 53 56 1/4 1)
(87/4 62 61 1/4 0)
(22 52 55 2 1)
(22 60 60 2 0)
(24 53 56 3/4 1)
(24 60 60 3/4 1)
(24 69 65 3/4 0)
(24 72 67 3/4 0)
(99/4 53 56 1/4 1)
(99/4 60 60 1/4 1)
(99/4 69 65 1/4 0)
(99/4 72 67 1/4 0)
(25 53 56 1 1)
(25 60 60 1 1)
(25 69 65 1 0)
(25 72 67 1 0)
(26 53 56 1 1)
(26 60 60 1 1)
(26 69 65 1 0)
(26 77 70 1 0)
(27 48 53 3 1)
(27 55 57 3/4 1)
(27 60 60 3/4 1)
(27 67 64 3/4 0)
(27 76 69 3/4 0)
(111/4 59 59 1/4 1)
(111/4 65 63 1/4 0)
(111/4 74 68 1/4 0)
(28 60 60 2 1)
(28 64 62 2 0)
(28 72 67 2 0)
(30 50 54 3/4 1)
(30 57 58 3/4 1)
(30 65 63 3/4 0)
(30 69 65 3/4 0)
(123/4 50 54 1/4 1)
(123/4 57 58 1/4 1)
(123/4 65 63 1/4 0)
(123/4 69 65 1/4 0)
(31 50 54 1 1)
(31 57 58 1 1)
(31 65 63 1 0)
(31 69 65 1 0)
(32 50 54 1 1)
(32 57 58 1 1)
(32 65 63 1 0)
(32 74 68 1 0)
(33 45 51 2 1)
(33 52 55 3/4 1)
(33 64 62 3/4 0)
(33 72 67 3/4 0)
(135/4 56 57 1/4 1)
(135/4 62 61 1/4 0)
(135/4 70 66 1/4 0)
(34 57 58 2 1)
(34 60 60 2 0)
(34 69 65 2 0)
(36 46 52 3/4 1)
(36 53 56 3/4 1)
(36 62 61 3/4 0)
(36 65 63 3/4 0)
(147/4 46 52 1/4 1)
(147/4 53 56 1/4 1)
(147/4 62 61 1/4 0)
(147/4 65 63 1/4 0)
(37 46 52 1 1)
(37 53 56 1 1)
(37 62 61 1 0)
(37 65 63 1 0)
(38 46 52 1 1)
(38 53 56 1 1)
(38 62 61 1 0)
(38 70 66 1 0)
(39 41 49 3/4 1)
(39 53 56 3/4 1)
(39 60 60 3/4 0)
(39 69 65 3/4 0)
(159/4 41 49 1/4 1)
(159/4 53 56 1/4 1)
(159/4 58 59 1/4 0)
(159/4 67 64 1/4 0)
(40 41 49 1 1)
(40 53 56 1 1)
(40 57 58 1 0)
(40 65 63 1 0)
(41 46 52 1 1)
(41 53 56 1 1)
(41 62 61 1 0)
(41 70 66 1 0)
(42 41 49 2 1)
(42 53 56 3/4 1)
(42 60 60 3/4 0)
(42 69 65 3/4 0)
(171/4 53 56 1/4 1)
(171/4 58 59 1/4 0)
(171/4 67 64 1/4 0)
(43 53 56 1 1)
(43 57 58 1 0)
(43 65 63 1 0)
(44 46 52 1 1)
(44 55 57 1 1)
(44 62 61 1 0)
(44 67 64 1 0)
(45 48 53 1 1)
(45 55 57 1/2 0)
(45 62 61 1/2 0)
(91/2 60 60 1/2 0)
(91/2 64 62 1/2 0)
(46 41 49 2 1)
(46 53 56 2 1)
(46 57 58 2 0)
(46 65 63 2 0)
(48 45 51 1 1)
(48 57 58 3/4 1)
(48 69 65 3/4 0)
(48 81 72 3/4 0)
(195/4 57 58 1/4 1)
(195/4 69 65 1/4 0)
(195/4 81 72 1/4 0)
(49 57 58 2 1)
(49 69 65 1 0)
(49 81 72 1 0)
(50 62 61 1 1)
(50 65 63 1 1)
(50 74 68 1 0)
(50 77 70 1 0)
(51 61 60 3/4 1)
(51 64 62 3/4 1)
(51 73 67 3/4 0)
(51 76 69 3/4 0)
(207/4 59 59 1/4 1)
(207/4 62 61 1/4 1)
(207/4 71 66 1/4 0)
(207/4 74 68 1/4 0)
(52 61 60 1 1)
(52 64 62 1 1)
(52 73 67 1 0)
(52 76 69 1 0)
(53 52 55 1 1)
(53 61 60 1 1)
(53 69 65 1 0)
(53 73 67 1 0)
(54 45 51 1 1)
(54 57 58 3/4 1)
(54 69 65 3/4 0)
(54 81 72 3/4 0)
(219/4 57 58 1/4 1)
(219/4 69 65 1/4 0)
(219/4 81 72 1/4 0)
(55 57 58 2 1)
(55 69 65 1 0)
(55 81 72 1 0)
(56 62 61 1 1)
(56 65 63 1 1)
(56 74 68 1 0)
(56 77 70 1 0)
(57 61 60 3/4 1)
(57 64 62 3/4 1)
(57 73 67 3/4 0)
(57 76 69 3/4 0)
(231/4 59 59 1/4 1)
(231/4 62 61 1/4 1)
(231/4 71 66 1/4 0)
(231/4 74 68 1/4 0)
(58 52 55 2 1)
(58 59 59 2 1)
(58 64 62 2 0)
(58 71 66 2 0)
(60 45 51 1 1)
(60 57 58 3/4 1)
(60 69 65 3/4 0)
(60 81 72 3/4 0)
(243/4 57 58 1/4 1)
(243/4 69 65 1/4 0)
(243/4 81 72 1/4 0)
(61 57 58 2 1)
(61 69 65 1 0)
(61 81 72 1 0)
(62 62 61 1 1)
(62 65 63 1 1)
(62 74 68 1 0)
(62 77 70 1 0)
(63 61 60 3/4 1)
(63 64 62 3/4 1)
(63 73 67 3/4 0)
(63 76 69 3/4 0)
(255/4 59 59 1/4 1)
(255/4 62 61 1/4 1)
(255/4 71 66 1/4 0)
(255/4 74 68 1/4 0)
(64 61 60 1 1)
(64 64 62 1 1)
(64 73 67 1 0)
(64 76 69 1 0)
(65 52 55 1 1)
(65 61 60 1 1)
(65 69 65 1 0)
(65 73 67 1 0)
(66 45 51 1 1)
(66 57 58 3/4 1)
(66 69 65 3/4 0)
(66 81 72 3/4 0)
(267/4 57 58 1/4 1)
(267/4 69 65 1/4 0)
(267/4 81 72 1/4 0)
(67 57 58 2 1)
(67 69 65 1 0)
(67 81 72 1 0)
(68 62 61 1 1)
(68 65 63 1 1)
(68 74 68 1 0)
(68 77 70 1 0)
(69 61 60 3/4 1)
(69 64 62 3/4 1)
(69 73 67 3/4 0)
(69 76 69 3/4 0)
(279/4 57 58 1/4 1)
(279/4 61 60 1/4 1)
(279/4 69 65 1/4 0)
(279/4 73 67 1/4 0)
(70 45 51 2 1)
(70 57 58 2 1)
(70 61 60 2 0)
(70 69 65 2 0)
(72 48 53 1 1)
(72 55 57 1 1)
(72 60 60 1 1)
(72 64 62 1 0)
(72 70 66 1 0)
(72 72 67 3/4 0)
(291/4 72 67 1/4 0)
(73 53 56 1 1)
(73 60 60 1 1)
(73 69 65 1 0)
(73 72 67 1 0)
(74 53 56 1 1)
(74 60 60 1 1)
(74 69 65 1 0)
(74 77 70 1 0)
(75 48 53 3 1)
(75 55 57 3/4 1)
(75 60 60 3/4 1)
(75 67 64 3/4 0)
(75 76 69 3/4 0)
(303/4 59 59 1/4 1)
(303/4 65 63 1/4 0)
(303/4 74 68 1/4 0)
(76 60 60 2 1)
(76 64 62 2 0)
(76 72 67 2 0)
(78 50 54 3/4 1)
(78 57 58 3/4 1)
(78 65 63 3/4 0)
(78 69 65 3/4 0)
(315/4 50 54 1/4 1)
(315/4 57 58 1/4 1)
(315/4 65 63 1/4 0)
(315/4 69 65 1/4 0)
(79 50 54 1 1)
(79 57 58 1 1)
(79 65 63 1 0)
(79 69 65 1 0)
(80 50 54 1 1)
(80 57 58 1 1)
(80 65 63 1 0)
(80 74 68 1 0)
(81 45 51 3 1)
(81 52 55 3/4 1)
(81 64 62 3/4 0)
(81 72 67 3/4 0)
(327/4 56 57 1/4 1)
(327/4 62 61 1/4 0)
(327/4 70 66 1/4 0)
(82 57 58 2 1)
(82 60 60 2 0)
(82 69 65 2 0)
(84 46 52 3/4 1)
(84 53 56 3/4 1)
(84 62 61 3/4 0)
(84 65 63 3/4 0)
(339/4 46 52 1/4 1)
(339/4 53 56 1/4 1)
(339/4 62 61 1/4 0)
(339/4 65 63 1/4 0)
(85 46 52 1 1)
(85 53 56 1 1)
(85 62 61 1 0)
(85 65 63 1 0)
(86 46 52 1 1)
(86 53 56 1 1)
(86 62 61 1 0)
(86 70 66 1 0)
(87 41 49 3/4 1)
(87 53 56 3/4 1)
(87 60 60 3/4 0)
(87 69 65 3/4 0)
(351/4 41 49 1/4 1)
(351/4 53 56 1/4 1)
(351/4 58 59 1/4 0)
(351/4 67 64 1/4 0)
(88 41 49 1 1)
(88 53 56 1 1)
(88 57 58 1 0)
(88 65 63 1 0)
(89 46 52 1 1)
(89 53 56 1 1)
(89 62 61 1 0)
(89 70 66 1 0)
(90 41 49 2 1)
(90 53 56 3/4 1)
(90 60 60 3/4 0)
(90 69 65 3/4 0)
(363/4 53 56 1/4 1)
(363/4 58 59 1/4 0)
(363/4 67 64 1/4 0)
(91 53 56 1 1)
(91 57 58 1 0)
(91 65 63 1 0)
(92 46 52 1 1)
(92 55 57 1 1)
(92 62 61 1 0)
(92 67 64 1 0)
(93 48 53 1 1)
(93 55 57 1/2 0)
(93 62 61 1/2 0)
(187/2 60 60 1/2 0)
(187/2 64 62 1/2 0)
(94 41 49 2 1)
(94 53 56 2 1)
(94 57 58 2 0)
(94 65 63 2 0)
(96 58 59 1 1)
(96 65 63 1 1)
(97 58 59 1 1)
(97 65 63 1 1)
(98 58 59 1 1)
(98 65 63 1 1)
(99 58 59 1 1)
(99 65 63 1 1)
(100 58 59 1 1)
(100 65 63 1 1)
(101 58 59 1 1)
(101 65 63 1 1)
(102 58 59 1 1)
(102 65 63 1 1)
(103 58 59 1 1)
(103 65 63 1 1)
(104 58 59 1 1)
(104 65 63 1 1)
(105 58 59 1 1)
(105 65 63 1 1)
(106 58 59 1 1)
(106 65 63 1 1)
(107 58 59 1 1)
(107 65 63 1 1)
(108 58 59 1 1)
(108 65 63 1 1)
(108 89 77 3/2 0)
(109 58 59 1 1)
(109 65 63 1 1)
(219/2 88 76 1/2 0)
(110 58 59 1 1)
(110 65 63 1 1)
(110 89 77 1/2 0)
(221/2 86 75 1/2 0)
(111 58 59 1 1)
(111 65 63 1 1)
(111 82 73 1/2 0)
(223/2 86 75 1/2 0)
(112 58 59 1 1)
(112 65 63 1 1)
(112 84 74 1/2 0)
(225/2 88 76 1/2 0)
(113 58 59 1 1)
(113 65 63 1 1)
(113 89 77 1 0)
(114 58 59 1 1)
(114 65 63 1 1)
(114 82 73 1/2 0)
(229/2 86 75 1/2 0)
(115 58 59 1 1)
(115 65 63 1 1)
(115 84 74 1/2 0)
(231/2 88 76 1/2 0)
(116 58 59 1 1)
(116 65 63 1 1)
(116 89 77 1/2 0)
(233/2 86 75 1/2 0)
(117 58 59 1 1)
(117 65 63 1 1)
(117 82 73 1/2 0)
(235/2 86 75 1/2 0)
(118 58 59 1 1)
(118 65 63 1 1)
(118 84 74 1/2 0)
(237/2 81 72 1/2 0)
(119 58 59 1 1)
(119 65 63 1 1)
(119 77 70 1 0)
(120 58 59 1 1)
(120 65 63 1 1)
(120 89 77 3/2 0)
(121 58 59 1 1)
(121 65 63 1 1)
(243/2 88 76 1/2 0)
(122 58 59 1 1)
(122 65 63 1 1)
(122 89 77 1/2 0)
(245/2 86 75 1/2 0)
(123 58 59 1 1)
(123 65 63 1 1)
(123 82 73 1/2 0)
(247/2 86 75 1/2 0)
(124 58 59 1 1)
(124 65 63 1 1)
(124 84 74 1/2 0)
(249/2 88 76 1/2 0)
(125 58 59 1 1)
(125 65 63 1 1)
(125 89 77 1 0)
(126 58 59 1 1)
(126 65 63 1 1)
(126 82 73 1/2 0)
(253/2 86 75 1/2 0)
(127 58 59 1 1)
(127 65 63 1 1)
(127 84 74 1/2 0)
(255/2 88 76 1/2 0)
(128 58 59 1 1)
(128 65 63 1 1)
(128 89 77 1/2 0)
(257/2 86 75 1/2 0)
(129 58 59 1 1)
(129 65 63 1 1)
(129 82 73 1/2 0)
(259/2 86 75 1/2 0)
(130 60 60 1 1)
(130 64 62 1 1)
(130 70 66 1 1)
(130 84 74 1/2 0)
(261/2 82 73 1/2 0)
(131 60 60 1 1)
(131 64 62 1 1)
(131 70 66 1 1)
(131 79 71 1 0)
(132 65 63 3/4 1)
(132 69 65 3/4 1)
(132 77 70 3/4 0)
(531/4 53 56 1/4 1)
(531/4 60 60 1/4 1)
(531/4 65 63 1/4 1)
(531/4 69 65 1/4 0)
(531/4 72 67 1/4 0)
(133 53 56 1 1)
(133 60 60 1 1)
(133 65 63 1 1)
(133 69 65 1 0)
(133 72 67 1 0)
(134 53 56 1 1)
(134 60 60 1 1)
(134 69 65 1 0)
(134 77 70 1 0)
(135 48 53 3 1)
(135 55 57 3/4 1)
(135 60 60 3/4 1)
(135 67 64 3/4 0)
(135 76 69 3/4 0)
(543/4 59 59 1/4 1)
(543/4 65 63 1/4 0)
(543/4 74 68 1/4 0)
(136 60 60 2 1)
(136 64 62 2 0)
(136 72 67 2 0)
(138 50 54 3/4 1)
(138 57 58 3/4 1)
(138 65 63 3/4 0)
(138 69 65 3/4 0)
(555/4 50 54 1/4 1)
(555/4 57 58 1/4 1)
(555/4 65 63 1/4 0)
(555/4 69 65 1/4 0)
(139 50 54 1 1)
(139 57 58 1 1)
(139 65 63 1 0)
(139 69 65 1 0)
(140 50 54 1 1)
(140 57 58 1 1)
(140 65 63 1 0)
(140 74 68 1 0)
(141 45 51 3 1)
(141 52 55 3/4 1)
(141 64 62 3/4 0)
(141 72 67 3/4 0)
(567/4 56 57 1/4 1)
(567/4 62 61 1/4 0)
(567/4 70 66 1/4 0)
(142 57 58 2 1)
(142 60 60 2 0)
(142 69 65 2 0)
(144 46 52 3/4 1)
(144 53 56 3/4 1)
(144 62 61 3/4 0)
(144 65 63 3/4 0)
(579/4 46 52 1/4 1)
(579/4 53 56 1/4 1)
(579/4 62 61 1/4 0)
(579/4 65 63 1/4 0)
(145 46 52 1 1)
(145 53 56 1 1)
(145 62 61 1 0)
(145 65 63 1 0)
(146 46 52 1 1)
(146 53 56 1 1)
(146 62 61 1 0)
(146 70 66 1 0)
(147 41 49 3/4 1)
(147 53 56 3/4 1)
(147 60 60 3/4 0)
(147 69 65 3/4 0)
(591/4 41 49 1/4 1)
(591/4 53 56 1/4 1)
(591/4 58 59 1/4 0)
(591/4 67 64 1/4 0)
(148 41 49 1 1)
(148 53 56 1 1)
(148 57 58 1 0)
(148 65 63 1 0)
(149 46 52 1 1)
(149 53 56 1 1)
(149 62 61 1 0)
(149 70 66 1 0)
(150 41 49 2 1)
(150 53 56 3/4 1)
(150 60 60 3/4 0)
(150 69 65 3/4 0)
(603/4 53 56 1/4 1)
(603/4 58 59 1/4 0)
(603/4 67 64 1/4 0)
(151 53 56 1 1)
(151 57 58 1 0)
(151 65 63 1 0)
(152 43 50 1 1)
(152 50 54 1/2 1)
(152 59 59 1 0)
(152 67 64 1 0)
(305/2 55 57 1/2 1)
(153 48 53 3 1)
(153 55 57 3/4 1)
(153 60 60 3/4 0)
(153 64 62 3/4 0)
(615/4 53 56 1/4 1)
(615/4 62 61 1/4 0)
(154 52 55 2 1)
(154 60 60 2 0)
(156 53 56 3/4 1)
(156 60 60 3/4 1)
(156 69 65 3/4 0)
(156 72 67 3/4 0)
(627/4 53 56 1/4 1)
(627/4 60 60 1/4 1)
(627/4 69 65 1/4 0)
(627/4 72 67 1/4 0)
(157 53 56 1 1)
(157 60 60 1 1)
(157 69 65 1 0)
(157 72 67 1 0)
(158 53 56 1 1)
(158 60 60 1 1)
(158 69 65 1 0)
(158 77 70 1 0)
(159 48 53 3 1)
(159 55 57 3/4 1)
(159 60 60 3/4 1)
(159 67 64 3/4 0)
(159 76 69 3/4 0)
(639/4 59 59 1/4 1)
(639/4 65 63 1/4 0)
(639/4 74 68 1/4 0)
(160 60 60 2 1)
(160 64 62 2 0)
(160 72 67 2 0)
(162 50 54 3/4 1)
(162 57 58 3/4 1)
(162 65 63 3/4 0)
(162 69 65 3/4 0)
(651/4 50 54 1/4 1)
(651/4 57 58 1/4 1)
(651/4 65 63 1/4 0)
(651/4 69 65 1/4 0)
(163 50 54 1 1)
(163 57 58 1 1)
(163 65 63 1 0)
(163 69 65 1 0)
(164 50 54 1 1)
(164 57 58 1 1)
(164 65 63 1 0)
(164 74 68 1 0)
(165 45 51 3 1)
(165 52 55 3/4 1)
(165 64 62 3/4 0)
(165 72 67 3/4 0)
(663/4 56 57 1/4 1)
(663/4 62 61 1/4 0)
(663/4 70 66 1/4 0)
(166 57 58 2 1)
(166 60 60 2 0)
(166 69 65 2 0)
(168 46 52 3/4 1)
(168 53 56 3/4 1)
(168 62 61 3/4 0)
(168 65 63 3/4 0)
(675/4 46 52 1/4 1)
(675/4 53 56 1/4 1)
(675/4 62 61 1/4 0)
(675/4 65 63 1/4 0)
(169 46 52 1 1)
(169 53 56 1 1)
(169 62 61 1 0)
(169 65 63 1 0)
(170 46 52 1 1)
(170 53 56 1 1)
(170 62 61 1 0)
(170 70 66 1 0)
(171 41 49 3/4 1)
(171 53 56 3/4 1)
(171 60 60 3/4 0)
(171 69 65 3/4 0)
(687/4 41 49 1/4 1)
(687/4 53 56 1/4 1)
(687/4 58 59 1/4 0)
(687/4 67 64 1/4 0)
(172 41 49 1 1)
(172 53 56 1 1)
(172 57 58 1 0)
(172 65 63 1 0)
(173 46 52 1 1)
(173 53 56 1 1)
(173 62 61 1 0)
(173 70 66 1 0)
(174 41 49 2 1)
(174 53 56 3/4 1)
(174 60 60 3/4 0)
(174 69 65 3/4 0)
(699/4 53 56 1/4 1)
(699/4 58 59 1/4 0)
(699/4 67 64 1/4 0)
(175 53 56 1 1)
(175 57 58 1 0)
(175 65 63 1 0)
(176 46 52 1 1)
(176 55 57 1 1)
(176 62 61 1 0)
(176 67 64 1 0)
(177 48 53 1 1)
(177 55 57 1/2 0)
(177 62 61 1/2 0)
(355/2 60 60 1/2 0)
(355/2 64 62 1/2 0)
(178 41 49 2 1)
(178 53 56 2 1)
(178 57 58 2 0)
(178 65 63 2 0)
