(0 36 46 1/2 1)
(0 48 53 1/2 1)
(0 55 57 1/2 0)
(0 60 60 1/2 0)
(0 64 62 1/2 0)
(1/2 36 46 1/2 1)
(1/2 48 53 1/2 1)
(1/2 55 57 1/2 0)
(1/2 62 61 1/2 0)
(1/2 65 63 1/2 0)
(1 36 46 1 1)
(1 48 53 1 1)
(1 55 57 1 0)
(1 64 62 1 0)
(1 67 64 1 0)
(2 36 46 1 1)
(2 48 53 1 1)
(2 55 57 1 0)
(2 65 63 1 0)
(2 69 65 1 0)
(3 36 46 1/2 1)
(3 48 53 1/2 1)
(3 55 57 1/2 0)
(3 64 62 1/2 0)
(3 67 64 1/2 0)
(7/2 36 46 1/2 1)
(7/2 48 53 1/2 1)
(7/2 55 57 1/2 0)
(7/2 60 60 1/2 0)
(7/2 64 62 1/2 0)
(4 36 46 1 1)
(4 48 53 1 1)
(4 55 57 1 0)
(4 60 60 1 0)
(5 36 46 1 1)
(5 48 53 1 1)
(5 55 57 1 0)
(5 62 61 1 0)
(6 36 46 1/2 1)
(6 48 53 1/2 1)
(6 55 57 1/2 0)
(6 60 60 1/2 0)
(6 64 62 1/2 0)
(13/2 36 46 1/2 1)
(13/2 48 53 1/2 1)
(13/2 55 57 1/2 0)
(13/2 62 61 1/2 0)
(13/2 65 63 1/2 0)
(7 36 46 1 1)
(7 48 53 1 1)
(7 55 57 1 0)
(7 64 62 1 0)
(7 67 64 1 0)
(8 41 49 1 1)
(8 48 53 1 1)
(8 57 58 1 0)
(8 60 60 1 0)
(8 65 63 1 0)
(8 69 65 1 0)
(9 36 46 1/2 1)
(9 48 53 1/2 1)
(9 55 57 1/2 0)
(9 60 60 1/2 0)
(9 64 62 1/2 0)
(9 67 64 1/2 0)
(19/2 36 46 1/2 1)
(19/2 48 53 1/2 1)
(19/2 55 57 1/2 0)
(19/2 60 60 1/2 0)
(19/2 64 62 1/2 0)
(10 36 46 1 1)
(10 48 53 1 1)
(10 55 57 1 0)
(10 64 62 1 0)
(10 67 64 1 0)
(11 71 66 1/2 0)
(23/2 72 67 1/2 0)
(12 54 56 1 1)
(12 57 58 1 1)
(12 60 60 1 1)
(12 62 61 1 1)
(12 74 68 1/2 0)
(25/2 74 68 1/2 0)
(13 53 56 1 1)
(13 55 57 1 1)
(13 59 59 1 1)
(13 62 61 1 1)
(13 74 68 1 0)
(14 53 56 1 1)
(14 55 57 1 1)
(14 59 59 1 1)
(14 62 61 1 1)
(14 67 64 1/2 0)
(29/2 71 66 1/2 0)
(15 52 55 1 1)
(15 55 57 1 1)
(15 60 60 1 1)
(15 72 67 1/2 0)
(31/2 74 68 1/2 0)
(16 48 53 1 1)
(16 55 57 1 1)
(16 64 62 1 1)
(16 76 69 1/2 0)
(33/2 77 70 1/2 0)
(17 79 71 1/2 0)
(35/2 80 71 1/2 0)
(18 43 50 1 1)
(18 81 72 1/2 0)
(37/2 81 72 1/2 0)
(19 55 57 1 1)
(19 59 59 1 1)
(19 65 63 1 1)
(19 81 72 1 0)
(20 55 57 1 1)
(20 59 59 1 1)
(20 65 63 1 1)
(20 79 71 1/2 0)
(41/2 74 68 1/2 0)
(21 48 53 2 1)
(21 77 70 1/2 0)
(43/2 77 70 1/2 0)
(22 57 58 1 1)
(22 65 63 1 1)
(22 77 70 1 0)
(23 55 57 1 1)
(23 64 62 1 1)
(23 76 69 1 0)
(24 54 56 1 1)
(24 57 58 1 1)
(24 60 60 1 1)
(24 62 61 1 1)
(24 74 68 1/2 0)
(49/2 74 68 1/2 0)
(25 53 56 1 1)
(25 55 57 1 1)
(25 59 59 1 1)
(25 62 61 1 1)
(25 74 68 1 0)
(26 53 56 1 1)
(26 55 57 1 1)
(26 59 59 1 1)
(26 62 61 1 1)
(26 67 64 1/2 0)
(53/2 71 66 1/2 0)
(27 52 55 1 1)
(27 55 57 1 1)
(27 60 60 1 1)
(27 72 67 1/2 0)
(55/2 74 68 1/2 0)
(28 48 53 1 1)
(28 55 57 1 1)
(28 64 62 1 1)
(28 76 69 1/2 0)
(57/2 77 70 1/2 0)
(29 79 71 1/2 0)
(59/2 84 74 1/2 0)
(30 43 50 1 1)
(30 83 73 3/4 0)
(123/4 81 72 1/4 0)
(31 55 57 1 1)
(31 62 61 1 1)
(31 65 63 1 1)
(31 77 70 1/2 0)
(63/2 74 68 1/2 0)
(32 55 57 1 1)
(32 62 61 1 1)
(32 65 63 1 1)
(32 71 66 1/2 0)
(65/2 67 64 1/2 0)
(33 48 53 1 1)
(33 64 62 1/2 0)
(33 72 67 1/3 0)
(100/3 74 68 1/3 0)
(67/2 67 64 1/2 0)
(101/3 76 69 1/3 0)
(34 48 53 1 1)
(34 55 57 1 1)
(34 60 60 1 1)
(34 64 62 1 0)
(34 72 67 1 0)
(35 71 66 1/2 0)
(71/2 72 67 1/2 0)
(36 54 56 1 1)
(36 57 58 1 1)
(36 60 60 1 1)
(36 62 61 1 1)
(36 74 68 1/2 0)
(73/2 74 68 1/2 0)
(37 53 56 1 1)
(37 55 57 1 1)
(37 59 59 1 1)
(37 62 61 1 1)
(37 74 68 1 0)
(38 53 56 1 1)
(38 55 57 1 1)
(38 59 59 1 1)
(38 62 61 1 1)
(38 67 64 1/2 0)
(77/2 71 66 1/2 0)
(39 52 55 1 1)
(39 55 57 1 1)
(39 60 60 1 1)
(39 72 67 1/2 0)
(79/2 74 68 1/2 0)
(40 48 53 1 1)
(40 55 57 1 1)
(40 64 62 1 1)
(40 76 69 1/2 0)
(81/2 77 70 1/2 0)
(41 79 71 1/2 0)
(83/2 80 71 1/2 0)
(42 43 50 1 1)
(42 81 72 1/2 0)
(85/2 81 72 3/2 0)
(43 55 57 1 1)
(43 59 59 1 1)
(43 65 63 1 1)
(44 55 57 1 1)
(44 59 59 1 1)
(44 65 63 1 1)
(44 79 71 1/2 0)
(89/2 74 68 1/2 0)
(45 48 53 2 1)
(45 77 70 1/2 0)
(91/2 77 70 1/2 0)
(46 57 58 1 1)
(46 65 63 1 1)
(46 77 70 1 0)
(47 55 57 1 1)
(47 64 62 1 1)
(47 76 69 1 0)
(48 54 56 1 1)
(48 57 58 1 1)
(48 60 60 1 1)
(48 62 61 1 1)
(48 74 68 1/2 0)
(97/2 74 68 1/2 0)
(49 53 56 1 1)
(49 55 57 1 1)
(49 59 59 1 1)
(49 62 61 1 1)
(49 74 68 1 0)
(50 53 56 1 1)
(50 55 57 1 1)
(50 59 59 1 1)
(50 62 61 1 1)
(50 67 64 1/2 0)
(101/2 71 66 1/2 0)
(51 52 55 1 1)
(51 55 57 1 1)
(51 60 60 1 1)
(51 72 67 1/2 0)
(103/2 74 68 1/2 0)
(52 48 53 1 1)
(52 55 57 1 1)
(52 64 62 1 1)
(52 76 69 1/2 0)
(105/2 77 70 1/2 0)
(53 79 71 1/2 0)
(107/2 84 74 1/2 0)
(54 43 50 1 1)
(54 83 73 3/4 0)
(219/4 81 72 1/4 0)
(55 55 57 1 1)
(55 62 61 1 1)
(55 65 63 1 1)
(55 77 70 1/2 0)
(111/2 74 68 1/2 0)
(56 55 57 1 1)
(56 62 61 1 1)
(56 65 63 1 1)
(56 71 66 1/2 0)
(113/2 67 64 1/2 0)
(57 48 53 1 1)
(57 64 62 1/2 0)
(57 72 67 1/3 0)
(172/3 74 68 1/3 0)
(115/2 67 64 1/2 0)
(173/3 76 69 1/3 0)
(58 48 53 1 1)
(58 55 57 1 1)
(58 60 60 1 1)
(58 64 62 1 0)
(58 72 67 1 0)
(59 71 66 1/2 0)
(119/2 72 67 1/2 0)
(60 50 54 3/4 1)
(60 57 58 3/4 1)
(60 60 60 3/4 1)
(60 62 61 3/4 0)
(60 66 63 3/4 0)
(60 74 68 3/4 0)
(243/4 50 54 1/4 1)
(243/4 57 58 1/4 1)
(243/4 60 60 1/4 1)
(243/4 62 61 1/4 0)
(243/4 66 63 1/4 0)
(243/4 74 68 1/4 0)
(61 55 57 1 1)
(61 59 59 1 1)
(61 67 64 1 0)
(61 71 66 1 0)
(62 31 43 1 1)
(62 43 50 1 1)
(62 67 64 1 0)
(62 71 66 1 0)
(62 74 68 1 0)
(62 79 71 1 0)
(63 50 54 3/4 1)
(63 57 58 3/4 1)
(63 60 60 3/4 1)
(63 62 61 3/4 0)
(63 66 63 3/4 0)
(63 69 65 3/4 0)
(63 74 68 3/4 0)
(255/4 50 54 1/4 1)
(255/4 57 58 1/4 1)
(255/4 60 60 1/4 1)
(255/4 62 61 1/4 0)
(255/4 66 63 1/4 0)
(255/4 69 65 1/4 0)
(255/4 74 68 1/4 0)
(64 55 57 1 1)
(64 59 59 1 1)
(64 67 64 1 0)
(65 31 43 1 1)
(65 43 50 1 1)
(65 62 61 1 0)
(65 67 64 1/2 0)
(65 71 66 1/2 0)
(131/2 69 65 1/2 0)
(131/2 72 67 1/2 0)
(66 50 54 3/4 1)
(66 57 58 3/4 1)
(66 60 60 3/4 1)
(66 62 61 3/4 0)
(66 66 63 3/4 0)
(66 74 68 3/4 0)
(267/4 50 54 1/4 1)
(267/4 57 58 1/4 1)
(267/4 60 60 1/4 1)
(267/4 62 61 1/4 0)
(267/4 66 63 1/4 0)
(267/4 74 68 1/4 0)
(67 55 57 1 1)
(67 59 59 1 1)
(67 67 64 1 0)
(67 71 66 1 0)
(68 31 43 1 1)
(68 43 50 1 1)
(68 67 64 1 0)
(68 71 66 1 0)
(68 74 68 1 0)
(68 79 71 1 0)
(69 50 54 3/4 1)
(69 57 58 3/4 1)
(69 60 60 3/4 1)
(69 62 61 3/4 0)
(69 66 63 3/4 0)
(69 74 68 3/4 0)
(279/4 50 54 1/4 1)
(279/4 57 58 1/4 1)
(279/4 60 60 1/4 1)
(279/4 62 61 1/4 0)
(279/4 66 63 1/4 0)
(279/4 74 68 1/4 0)
(70 55 57 1 1)
(70 59 59 1 1)
(70 62 61 1 0)
(70 67 64 1 0)
(70 71 66 1 0)
(70 74 68 1 0)
(71 54 56 1 1)
(71 60 60 1 1)
(71 62 61 1 1)
(71 69 65 1 0)
(71 74 68 1/2 0)
(143/2 73 67 1/2 0)
(72 53 56 1 1)
(72 59 59 1 1)
(72 62 61 1 1)
(72 68 65 1 0)
(72 76 69 1/2 0)
(145/2 74 68 1/2 0)
(73 53 56 1 1)
(73 59 59 1 1)
(73 62 61 1 1)
(73 67 64 1 0)
(74 53 56 1 1)
(74 55 57 1 1)
(74 59 59 1 1)
(74 62 61 1 1)
(74 69 65 1/2 0)
(149/2 71 66 1/2 0)
(75 52 55 1 1)
(75 55 57 1 1)
(75 60 60 1 1)
(75 72 67 1/2 0)
(151/2 74 68 1/2 0)
(76 48 53 1 1)
(76 55 57 1 1)
(76 64 62 1 1)
(76 76 69 1/2 0)
(153/2 77 70 1/2 0)
(77 79 71 1/2 0)
(155/2 80 71 1/2 0)
(78 43 50 1 1)
(78 81 72 1/2 0)
(157/2 81 72 1/2 0)
(79 55 57 1 1)
(79 59 59 1 1)
(79 65 63 1 1)
(79 81 72 1 0)
(80 55 57 1 1)
(80 59 59 1 1)
(80 65 63 1 1)
(80 79 71 1/2 0)
(161/2 74 68 1/2 0)
(81 48 53 2 1)
(81 77 70 1/2 0)
(163/2 77 70 1/2 0)
(82 57 58 1 1)
(82 65 63 1 1)
(82 77 70 1 0)
(83 55 57 1 1)
(83 64 62 1 1)
(83 76 69 1 0)
(84 54 56 1 1)
(84 57 58 1 1)
(84 60 60 1 1)
(84 62 61 1 1)
(84 74 68 1/2 0)
(169/2 74 68 1/2 0)
(85 53 56 1 1)
(85 55 57 1 1)
(85 59 59 1 1)
(85 62 61 1 1)
(85 74 68 1 0)
(86 53 56 1 1)
(86 55 57 1 1)
(86 59 59 1 1)
(86 62 61 1 1)
(86 67 64 1/2 0)
(173/2 71 66 1/2 0)
(87 52 55 1 1)
(87 55 57 1 1)
(87 60 60 1 1)
(87 72 67 1/2 0)
(175/2 74 68 1/2 0)
(88 48 53 1 1)
(88 55 57 1 1)
(88 64 62 1 1)
(88 76 69 1/2 0)
(177/2 77 70 1/2 0)
(89 79 71 1/2 0)
(179/2 84 74 1/2 0)
(90 43 50 1 1)
(90 83 73 3/4 0)
(363/4 81 72 1/4 0)
(91 55 57 1 1)
(91 62 61 1 1)
(91 65 63 1 1)
(91 77 70 1/2 0)
(183/2 74 68 1/2 0)
(92 55 57 1 1)
(92 62 61 1 1)
(92 65 63 1 1)
(92 71 66 1/2 0)
(185/2 67 64 1/2 0)
(93 48 53 1 1)
(93 64 62 1/2 0)
(93 72 67 1/3 0)
(280/3 74 68 1/3 0)
(187/2 67 64 1/2 0)
(281/3 76 69 1/3 0)
(94 48 53 1 1)
(94 55 57 1 1)
(94 60 60 1 1)
(94 64 62 1 0)
(94 72 67 1 0)
(95 71 66 1/2 0)
(191/2 72 67 1/2 0)
(96 50 54 3/4 1)
(96 57 58 3/4 1)
(96 60 60 3/4 1)
(96 62 61 3/4 0)
(96 66 63 3/4 0)
(96 74 68 3/4 0)
(387/4 50 54 1/4 1)
(387/4 57 58 1/4 1)
(387/4 60 60 1/4 1)
(387/4 62 61 1/4 0)
(387/4 66 63 1/4 0)
(387/4 74 68 1/4 0)
(97 55 57 1 1)
(97 59 59 1 1)
(97 67 64 1 0)
(97 71 66 1 0)
(98 31 43 1 1)
(98 43 50 1 1)
(98 67 64 1 0)
(98 71 66 1 0)
(98 74 68 1 0)
(98 79 71 1 0)
(99 50 54 3/4 1)
(99 57 58 3/4 1)
(99 60 60 3/4 1)
(99 62 61 3/4 0)
(99 66 63 3/4 0)
(99 69 65 3/4 0)
(99 74 68 3/4 0)
(399/4 50 54 1/4 1)
(399/4 57 58 1/4 1)
(399/4 60 60 1/4 1)
(399/4 62 61 1/4 0)
(399/4 66 63 1/4 0)
(399/4 69 65 1/4 0)
(399/4 74 68 1/4 0)
(100 55 57 1 1)
(100 59 59 1 1)
(100 67 64 1 0)
(101 31 43 1 1)
(101 43 50 1 1)
(101 62 61 1 0)
(101 67 64 1/2 0)
(101 71 66 1/2 0)
(203/2 69 65 1/2 0)
(203/2 72 67 1/2 0)
(102 50 54 3/4 1)
(102 57 58 3/4 1)
(102 60 60 3/4 1)
(102 62 61 3/4 0)
(102 66 63 3/4 0)
(102 74 68 3/4 0)
(411/4 50 54 1/4 1)
(411/4 57 58 1/4 1)
(411/4 60 60 1/4 1)
(411/4 62 61 1/4 0)
(411/4 66 63 1/4 0)
(411/4 74 68 1/4 0)
(103 55 57 1 1)
(103 59 59 1 1)
(103 67 64 1 0)
(103 71 66 1 0)
(104 31 43 1 1)
(104 43 50 1 1)
(104 67 64 1 0)
(104 71 66 1 0)
(104 74 68 1 0)
(104 79 71 1 0)
(105 50 54 3/4 1)
(105 57 58 3/4 1)
(105 60 60 3/4 1)
(105 62 61 3/4 0)
(105 66 63 3/4 0)
(105 74 68 3/4 0)
(423/4 50 54 1/4 1)
(423/4 57 58 1/4 1)
(423/4 60 60 1/4 1)
(423/4 62 61 1/4 0)
(423/4 66 63 1/4 0)
(423/4 74 68 1/4 0)
(106 55 57 1 1)
(106 59 59 1 1)
(106 62 61 1 0)
(106 67 64 1 0)
(106 71 66 1 0)
(106 74 68 1 0)
(107 54 56 1 1)
(107 60 60 1 1)
(107 62 61 1 1)
(107 69 65 1 0)
(107 74 68 1/2 0)
(215/2 73 67 1/2 0)
(108 53 56 1 1)
(108 59 59 1 1)
(108 62 61 1 1)
(108 68 65 1 0)
(108 76 69 1/2 0)
(217/2 74 68 1/2 0)
(109 53 56 1 1)
(109 59 59 1 1)
(109 62 61 1 1)
(109 67 64 1 0)
(110 53 56 1 1)
(110 55 57 1 1)
(110 59 59 1 1)
(110 62 61 1 1)
(110 69 65 1/2 0)
(221/2 71 66 1/2 0)
(111 52 55 1 1)
(111 55 57 1 1)
(111 60 60 1 1)
(111 72 67 1/2 0)
(223/2 74 68 1/2 0)
(112 48 53 1 1)
(112 55 57 1 1)
(112 64 62 1 1)
(112 76 69 1/2 0)
(225/2 77 70 1/2 0)
(113 79 71 1/2 0)
(227/2 80 71 1/2 0)
(114 43 50 1 1)
(114 81 72 1/2 0)
(229/2 81 72 1/2 0)
(115 55 57 1 1)
(115 59 59 1 1)
(115 65 63 1 1)
(115 81 72 1 0)
(116 55 57 1 1)
(116 59 59 1 1)
(116 65 63 1 1)
(116 79 71 1/2 0)
(233/2 74 68 1/2 0)
(117 48 53 2 1)
(117 77 70 1/2 0)
(235/2 77 70 1/2 0)
(118 57 58 1 1)
(118 65 63 1 1)
(118 77 70 1 0)
(119 55 57 1 1)
(119 64 62 1 1)
(119 76 69 1 0)
(120 54 56 1 1)
(120 57 58 1 1)
(120 60 60 1 1)
(120 62 61 1 1)
(120 74 68 1/2 0)
(241/2 74 68 1/2 0)
(121 53 56 1 1)
(121 55 57 1 1)
(121 59 59 1 1)
(121 62 61 1 1)
(121 74 68 1 0)
(122 53 56 1 1)
(122 55 57 1 1)
(122 59 59 1 1)
(122 62 61 1 1)
(122 67 64 1/2 0)
(245/2 71 66 1/2 0)
(123 52 55 1 1)
(123 55 57 1 1)
(123 60 60 1 1)
(123 72 67 1/2 0)
(247/2 74 68 1/2 0)
(124 48 53 1 1)
(124 55 57 1 1)
(124 64 62 1 1)
(124 76 69 1/2 0)
(249/2 77 70 1/2 0)
(125 79 71 1/2 0)
(251/2 84 74 1/2 0)
(126 43 50 1 1)
(126 83 73 3/4 0)
(507/4 81 72 1/4 0)
(127 55 57 1 1)
(127 62 61 1 1)
(127 65 63 1 1)
(127 77 70 1/2 0)
(255/2 74 68 1/2 0)
(128 55 57 1 1)
(128 62 61 1 1)
(128 65 63 1 1)
(128 71 66 1/2 0)
(257/2 67 64 1/2 0)
(129 48 53 1 1)
(129 64 62 1/2 0)
(129 72 67 1/3 0)
(388/3 74 68 1/3 0)
(259/2 67 64 1/2 0)
(389/3 76 69 1/3 0)
(130 48 53 1 1)
(130 55 57 1 1)
(130 60 60 1 1)
(130 64 62 1 0)
(130 72 67 1 0)
(263/2 72 67 1/2 0)
(132 48 53 1 1)
(132 84 74 1/2 0)
(133 55 57 1 1)
(133 60 60 1 1)
(133 64 62 1 1)
(133 70 66 3/2 0)
(133 79 71 3/2 0)
(134 55 57 1 1)
(134 60 60 1 1)
(134 64 62 1 1)
(269/2 72 67 1/2 0)
(269/2 81 72 1/2 0)
(135 53 56 1 1)
(135 69 65 3/4 0)
(135 77 70 3/4 0)
(543/4 72 67 1/4 0)
(136 57 58 1 1)
(136 60 60 1 1)
(136 65 63 1 1)
(136 72 67 3/2 0)
(136 84 74 3/2 0)
(137 57 58 1 1)
(137 60 60 1 1)
(137 65 63 1 1)
(275/2 75 68 1/2 0)
(275/2 78 70 1/2 0)
(138 48 53 1 1)
(138 76 69 1/2 0)
(138 79 71 1/2 0)
(277/2 77 70 1/2 0)
(277/2 81 72 1/2 0)
(139 60 60 1 1)
(139 64 62 1 1)
(139 72 67 1 1)
(139 79 71 3/2 0)
(139 82 73 3/2 0)
(140 60 60 1 1)
(140 64 62 1 1)
(140 70 66 1 1)
(281/2 80 71 1/2 0)
(281/2 83 73 1/2 0)
(141 53 56 1 1)
(141 86 75 1/2 0)
(567/4 80 71 1/4 0)
(567/4 84 74 1/4 0)
(142 60 60 1 1)
(142 69 65 1 1)
(142 81 72 1 0)
(142 89 77 1 0)
(143 57 58 1 1)
(143 65 63 1 1)
(143 72 67 1 0)
(144 48 53 1 1)
(144 84 74 1/2 0)
(145 55 57 1 1)
(145 60 60 1 1)
(145 64 62 1 1)
(145 70 66 3/2 0)
(145 79 71 3/2 0)
(146 55 57 1 1)
(146 60 60 1 1)
(146 64 62 1 1)
(293/2 72 67 1/2 0)
(293/2 81 72 1/2 0)
(147 53 56 3 1)
(147 65 63 1 1)
(147 69 65 1/2 0)
(147 77 70 1/2 0)
(295/2 72 67 1/2 0)
(148 57 58 1 1)
(148 65 63 1 1)
(148 69 65 3/2 0)
(148 77 70 3/2 0)
(149 62 61 1 1)
(149 65 63 1 1)
(299/2 72 67 1/2 0)
(299/2 76 69 1/2 0)
(150 55 57 1 1)
(150 62 61 1 1)
(150 65 63 1 1)
(150 72 67 1 0)
(150 74 68 1/2 0)
(301/2 76 69 1/2 0)
(151 55 57 1 1)
(151 62 61 1 1)
(151 65 63 1 1)
(151 71 66 1 0)
(151 77 70 1/2 0)
(303/2 76 69 1/2 0)
(152 55 57 1 1)
(152 62 61 1 1)
(152 65 63 1 1)
(152 71 66 1 0)
(152 77 70 1/2 0)
(305/2 78 70 1/2 0)
(153 48 53 1 1)
(153 70 66 1 0)
(153 81 72 1/2 0)
(307/2 79 71 1/2 0)
(154 55 57 1 1)
(154 60 60 1 1)
(154 64 62 1 1)
(154 70 66 1 0)
(154 76 69 1 0)
(155 55 57 1 1)
(155 60 60 1 1)
(155 64 62 1 1)
(155 70 66 1 0)
(155 74 68 1 0)
(156 48 53 1 1)
(156 84 74 1/2 0)
(157 55 57 1 1)
(157 60 60 1 1)
(157 64 62 1 1)
(157 70 66 3/2 0)
(157 79 71 3/2 0)
(158 55 57 1 1)
(158 60 60 1 1)
(158 64 62 1 1)
(317/2 72 67 1/2 0)
(317/2 81 72 1/2 0)
(159 53 56 1 1)
(159 69 65 3/4 0)
(159 77 70 3/4 0)
(639/4 72 67 1/4 0)
(160 57 58 1 1)
(160 60 60 1 1)
(160 65 63 1 1)
(160 72 67 3/2 0)
(160 84 74 3/2 0)
(161 57 58 1 1)
(161 60 60 1 1)
(161 65 63 1 1)
(323/2 75 68 1/2 0)
(323/2 78 70 1/2 0)
(162 48 53 1 1)
(162 76 69 1/2 0)
(162 79 71 1/2 0)
(325/2 77 70 1/2 0)
(325/2 81 72 1/2 0)
(163 60 60 1 1)
(163 64 62 1 1)
(163 72 67 1 1)
(163 79 71 3/2 0)
(163 82 73 3/2 0)
(164 60 60 1 1)
(164 64 62 1 1)
(164 70 66 1 1)
(329/2 80 71 1/2 0)
(329/2 83 73 1/2 0)
(165 53 56 1 1)
(165 86 75 1/2 0)
(663/4 80 71 1/4 0)
(663/4 84 74 1/4 0)
(166 60 60 1 1)
(166 69 65 1 1)
(166 81 72 1 0)
(166 89 77 1 0)
(167 57 58 1 1)
(167 65 63 1 1)
(167 72 67 1 0)
(168 48 53 1 1)
(168 84 74 1/2 0)
(169 55 57 1 1)
(169 60 60 1 1)
(169 64 62 1 1)
(169 70 66 3/2 0)
(169 79 71 3/2 0)
(170 55 57 1 1)
(170 60 60 1 1)
(170 64 62 1 1)
(341/2 72 67 1/2 0)
(341/2 81 72 1/2 0)
(171 53 56 1 1)
(171 57 58 1 1)
(171 60 60 1 1)
(171 65 63 1 1)
(171 69 65 1 0)
(171 77 70 1 0)
(172 46 52 2 1)
(172 50 54 2 1)
(172 55 57 2 1)
(172 58 59 2 1)
(172 67 64 2 0)
(172 74 68 2 0)
(172 81 72 3/2 0)
(347/2 79 71 1/2 0)
(174 48 53 1 1)
(174 64 62 1 0)
(174 70 66 1 0)
(174 72 67 1/2 0)
(349/2 73 68 1/2 0)
(175 48 53 1 1)
(175 55 57 1 1)
(175 60 60 1 1)
(175 64 62 1 0)
(175 70 66 1 0)
(175 72 67 1/2 0)
(351/2 74 68 1/2 0)
(176 48 53 1 1)
(176 55 57 1 1)
(176 60 60 1 1)
(176 64 62 1 0)
(176 70 66 1 0)
(176 72 67 1/2 0)
(353/2 76 69 1/2 0)
(177 53 56 1 1)
(177 57 58 1 1)
(177 60 60 1 1)
(177 65 63 1 0)
(177 69 65 1 0)
(177 77 70 1 0)
(178 41 49 1 1)
(178 53 56 1 1)
(178 77 70 1 0)
(178 81 72 1 0)
(178 89 77 1 0)
(180 36 46 1/2 1)
(180 48 53 1/2 1)
(180 55 57 1/2 0)
(180 60 60 1/2 0)
(180 64 62 1/2 0)
(361/2 36 46 1/2 1)
(361/2 48 53 1/2 1)
(361/2 55 57 1/2 0)
(361/2 62 61 1/2 0)
(361/2 65 63 1/2 0)
(181 36 46 1 1)
(181 48 53 1 1)
(181 55 57 1 0)
(181 64 62 1 0)
(181 67 64 1 0)
(182 36 46 1 1)
(182 48 53 1 1)
(182 55 57 1 0)
(182 65 63 1 0)
(182 69 65 1 0)
(183 36 46 1/2 1)
(183 48 53 1/2 1)
(183 55 57 1/2 0)
(183 64 62 1/2 0)
(183 67 64 1/2 0)
(367/2 36 46 1/2 1)
(367/2 48 53 1/2 1)
(367/2 55 57 1/2 0)
(367/2 60 60 1/2 0)
(367/2 64 62 1/2 0)
(184 36 46 1 1)
(184 48 53 1 1)
(184 55 57 1 0)
(184 60 60 1 0)
(185 36 46 1 1)
(185 48 53 1 1)
(185 55 57 1 0)
(185 62 61 1 0)
(186 36 46 1/2 1)
(186 48 53 1/2 1)
(186 55 57 1/2 0)
(186 60 60 1/2 0)
(186 64 62 1/2 0)
(373/2 36 46 1/2 1)
(373/2 48 53 1/2 1)
(373/2 55 57 1/2 0)
(373/2 62 61 1/2 0)
(373/2 65 63 1/2 0)
(187 36 46 1 1)
(187 48 53 1 1)
(187 55 57 1 0)
(187 64 62 1 0)
(187 67 64 1 0)
(188 41 49 1 1)
(188 48 53 1 1)
(188 57 58 1 0)
(188 60 60 1 0)
(188 65 63 1 0)
(188 69 65 1 0)
(189 36 46 1/2 1)
(189 48 53 1/2 1)
(189 55 57 1/2 0)
(189 60 60 1/2 0)
(189 64 62 1/2 0)
(189 67 64 1/2 0)
(379/2 36 46 1/2 1)
(379/2 48 53 1/2 1)
(379/2 55 57 1/2 0)
(379/2 60 60 1/2 0)
(379/2 64 62 1/2 0)
(190 36 46 1 1)
(190 48 53 1 1)
(190 55 57 1 0)
(190 64 62 1 0)
(190 67 64 1 0)
(191 71 66 1/2 0)
(383/2 72 67 1/2 0)
(192 54 56 1 1)
(192 57 58 1 1)
(192 60 60 1 1)
(192 62 61 1 1)
(192 74 68 1/2 0)
(385/2 74 68 1/2 0)
(193 53 56 1 1)
(193 55 57 1 1)
(193 59 59 1 1)
(193 62 61 1 1)
(193 74 68 1 0)
(194 53 56 1 1)
(194 55 57 1 1)
(194 59 59 1 1)
(194 62 61 1 1)
(194 67 64 1/2 0)
(389/2 71 66 1/2 0)
(195 52 55 1 1)
(195 55 57 1 1)
(195 60 60 1 1)
(195 72 67 1/2 0)
(391/2 74 68 1/2 0)
(196 48 53 1 1)
(196 55 57 1 1)
(196 64 62 1 1)
(196 76 69 1/2 0)
(393/2 77 70 1/2 0)
(197 79 71 1/2 0)
(395/2 80 71 1/2 0)
(198 43 50 1 1)
(198 81 72 1/2 0)
(397/2 81 72 1/2 0)
(199 55 57 1 1)
(199 59 59 1 1)
(199 65 63 1 1)
(199 81 72 1 0)
(200 55 57 1 1)
(200 59 59 1 1)
(200 65 63 1 1)
(200 79 71 1/2 0)
(401/2 74 68 1/2 0)
(201 48 53 2 1)
(201 77 70 1/2 0)
(403/2 77 70 1/2 0)
(202 57 58 1 1)
(202 65 63 1 1)
(202 77 70 1 0)
(203 55 57 1 1)
(203 64 62 1 1)
(203 76 69 1 0)
(204 54 56 1 1)
(204 57 58 1 1)
(204 60 60 1 1)
(204 62 61 1 1)
(204 74 68 1/2 0)
(409/2 74 68 1/2 0)
(205 53 56 1 1)
(205 55 57 1 1)
(205 59 59 1 1)
(205 62 61 1 1)
(205 74 68 1 0)
(206 53 56 1 1)
(206 55 57 1 1)
(206 59 59 1 1)
(206 62 61 1 1)
(206 67 64 1/2 0)
(413/2 71 66 1/2 0)
(207 52 55 1 1)
(207 55 57 1 1)
(207 60 60 1 1)
(207 72 67 1/2 0)
(415/2 74 68 1/2 0)
(208 48 53 1 1)
(208 55 57 1 1)
(208 64 62 1 1)
(208 76 69 1/2 0)
(417/2 77 70 1/2 0)
(209 79 71 1/2 0)
(419/2 84 74 1/2 0)
(210 43 50 1 1)
(210 83 73 3/4 0)
(843/4 81 72 1/4 0)
(211 55 57 1 1)
(211 62 61 1 1)
(211 65 63 1 1)
(211 77 70 1/2 0)
(423/2 74 68 1/2 0)
(212 55 57 1 1)
(212 62 61 1 1)
(212 65 63 1 1)
(212 71 66 1/2 0)
(425/2 67 64 1/2 0)
(213 48 53 1 1)
(213 64 62 1/2 0)
(213 72 67 1/3 0)
(640/3 74 68 1/3 0)
(427/2 67 64 1/2 0)
(641/3 76 69 1/3 0)
(214 48 53 1 1)
(214 55 57 1 1)
(214 60 60 1 1)
(214 64 62 1 0)
(214 72 67 1 0)
(215 71 66 1/2 0)
(431/2 72 67 1/2 0)
(216 50 54 3/4 1)
(216 57 58 3/4 1)
(216 60 60 3/4 1)
(216 62 61 3/4 0)
(216 66 63 3/4 0)
(216 74 68 3/4 0)
(867/4 50 54 1/4 1)
(867/4 57 58 1/4 1)
(867/4 60 60 1/4 1)
(867/4 62 61 1/4 0)
(867/4 66 63 1/4 0)
(867/4 74 68 1/4 0)
(217 55 57 1 1)
(217 59 59 1 1)
(217 67 64 1 0)
(217 71 66 1 0)
(218 31 43 1 1)
(218 43 50 1 1)
(218 67 64 1 0)
(218 71 66 1 0)
(218 74 68 1 0)
(218 79 71 1 0)
(219 50 54 3/4 1)
(219 57 58 3/4 1)
(219 60 60 3/4 1)
(219 62 61 3/4 0)
(219 66 63 3/4 0)
(219 69 65 3/4 0)
(219 74 68 3/4 0)
(879/4 50 54 1/4 1)
(879/4 57 58 1/4 1)
(879/4 60 60 1/4 1)
(879/4 62 61 1/4 0)
(879/4 66 63 1/4 0)
(879/4 69 65 1/4 0)
(879/4 74 68 1/4 0)
(220 55 57 1 1)
(220 59 59 1 1)
(220 67 64 1 0)
(221 31 43 1 1)
(221 43 50 1 1)
(221 62 61 1 0)
(221 67 64 1/2 0)
(221 71 66 1/2 0)
(443/2 69 65 1/2 0)
(443/2 72 67 1/2 0)
(222 50 54 3/4 1)
(222 57 58 3/4 1)
(222 60 60 3/4 1)
(222 62 61 3/4 0)
(222 66 63 3/4 0)
(222 74 68 3/4 0)
(891/4 50 54 1/4 1)
(891/4 57 58 1/4 1)
(891/4 60 60 1/4 1)
(891/4 62 61 1/4 0)
(891/4 66 63 1/4 0)
(891/4 74 68 1/4 0)
(223 55 57 1 1)
(223 59 59 1 1)
(223 67 64 1 0)
(223 71 66 1 0)
(224 31 43 1 1)
(224 43 50 1 1)
(224 67 64 1 0)
(224 71 66 1 0)
(224 74 68 1 0)
(224 79 71 1 0)
(225 50 54 3/4 1)
(225 57 58 3/4 1)
(225 60 60 3/4 1)
(225 62 61 3/4 0)
(225 66 63 3/4 0)
(225 74 68 3/4 0)
(903/4 50 54 1/4 1)
(903/4 57 58 1/4 1)
(903/4 60 60 1/4 1)
(903/4 62 61 1/4 0)
(903/4 66 63 1/4 0)
(903/4 74 68 1/4 0)
(226 55 57 1 1)
(226 59 59 1 1)
(226 62 61 1 0)
(226 67 64 1 0)
(226 71 66 1 0)
(226 74 68 1 0)
(227 54 56 1 1)
(227 60 60 1 1)
(227 62 61 1 1)
(227 69 65 1 0)
(227 74 68 1/2 0)
(455/2 73 67 1/2 0)
(228 53 56 1 1)
(228 59 59 1 1)
(228 62 61 1 1)
(228 68 65 1 0)
(228 76 69 1/2 0)
(457/2 74 68 1/2 0)
(229 53 56 1 1)
(229 59 59 1 1)
(229 62 61 1 1)
(229 67 64 1 0)
(230 53 56 1 1)
(230 55 57 1 1)
(230 59 59 1 1)
(230 62 61 1 1)
(230 69 65 1/2 0)
(461/2 71 66 1/2 0)
(231 52 55 1 1)
(231 55 57 1 1)
(231 60 60 1 1)
(231 72 67 1/2 0)
(463/2 74 68 1/2 0)
(232 48 53 1 1)
(232 55 57 1 1)
(232 64 62 1 1)
(232 76 69 1/2 0)
(465/2 77 70 1/2 0)
(233 79 71 1/2 0)
(467/2 80 71 1/2 0)
(234 43 50 1 1)
(234 81 72 1/2 0)
(469/2 81 72 1/2 0)
(235 55 57 1 1)
(235 59 59 1 1)
(235 65 63 1 1)
(235 81 72 1 0)
(236 55 57 1 1)
(236 59 59 1 1)
(236 65 63 1 1)
(236 79 71 1/2 0)
(473/2 74 68 1/2 0)
(237 48 53 2 1)
(237 77 70 1/2 0)
(475/2 77 70 1/2 0)
(238 57 58 1 1)
(238 65 63 1 1)
(238 77 70 1 0)
(239 55 57 1 1)
(239 64 62 1 1)
(239 76 69 1 0)
(240 54 56 1 1)
(240 57 58 1 1)
(240 62 61 1 1)
(240 74 68 1/2 0)
(481/2 74 68 1/2 0)
(241 53 56 1 1)
(241 55 57 1 1)
(241 59 59 1 1)
(241 62 61 1 1)
(241 74 68 1 0)
(242 53 56 1 1)
(242 55 57 1 1)
(242 59 59 1 1)
(242 62 61 1 1)
(242 67 64 1/2 0)
(485/2 71 66 1/2 0)
(243 52 55 1 1)
(243 55 57 1 1)
(243 60 60 1 1)
(243 72 67 1/2 0)
(487/2 74 68 1/2 0)
(244 48 53 1 1)
(244 55 57 1 1)
(244 64 62 1 1)
(244 76 69 1/2 0)
(489/2 77 70 1/2 0)
(245 79 71 1/2 0)
(491/2 84 74 1/2 0)
(246 43 50 1 1)
(246 83 73 3/4 0)
(987/4 81 72 1/4 0)
(247 55 57 1 1)
(247 62 61 1 1)
(247 65 63 1 1)
(247 77 70 1/2 0)
(495/2 74 68 1/2 0)
(248 55 57 1 1)
(248 62 61 1 1)
(248 65 63 1 1)
(248 71 66 1/2 0)
(497/2 67 64 1/2 0)
(249 48 53 1 1)
(249 64 62 1/2 0)
(249 72 67 1/3 0)
(748/3 74 68 1/3 0)
(499/2 67 64 1/2 0)
(749/3 76 69 1/3 0)
(250 48 53 1 1)
(250 55 57 1 1)
(250 60 60 1 1)
(250 64 62 1 0)
(250 72 67 1 0)
