(0 72 67 3/2 0)
(1 56 58 1 1)
(1 60 60 1 1)
(1 65 63 1 1)
(3/2 73 68 1/2 0)
(2 56 58 1 1)
(2 60 60 1 1)
(2 65 63 1 1)
(2 73 68 1/2 0)
(5/2 72 67 1/2 0)
(3 71 66 1/2 0)
(7/2 70 65 1/2 0)
(4 55 57 1 1)
(4 62 61 1 1)
(4 65 63 1 1)
(4 71 66 1 0)
(5 55 57 1 1)
(5 61 61 1 1)
(5 65 63 1 1)
(5 79 71 1 0)
(6 70 66 3/2 0)
(7 54 57 1 1)
(7 61 61 1 1)
(7 64 63 1 1)
(15/2 72 67 1/2 0)
(8 54 57 1 1)
(8 60 60 1 1)
(8 63 62 1 1)
(8 72 67 1/2 0)
(17/2 70 66 1/2 0)
(9 69 65 1/2 0)
(19/2 68 64 1/2 0)
(10 53 56 1 1)
(10 60 60 1 1)
(10 63 62 1 1)
(10 69 65 1 0)
(11 53 56 1 1)
(11 59 60 1 1)
(11 63 62 1 1)
(11 77 70 1 0)
(12 68 65 3/2 0)
(13 53 56 1 1)
(13 59 59 1 1)
(13 62 61 1 1)
(27/2 70 66 1/2 0)
(14 52 55 1 1)
(14 59 59 1 1)
(14 62 61 1 1)
(14 70 66 1/2 0)
(29/2 68 65 1/2 0)
(15 67 64 1/2 0)
(31/2 66 63 1/2 0)
(16 52 55 1 1)
(16 58 59 1 1)
(16 61 61 1 1)
(16 67 64 1 0)
(17 53 56 1 1)
(17 58 59 1 1)
(17 65 63 1 1)
(17 73 68 1 0)
(18 72 67 3/2 0)
(19 55 57 1 1)
(19 58 59 1 1)
(19 61 61 1 1)
(19 64 62 1 0)
(39/2 70 66 1/2 0)
(20 48 53 1 1)
(20 58 59 1 1)
(20 64 62 1 0)
(20 68 65 1/2 0)
(41/2 67 64 1/2 0)
(21 70 66 1/2 0)
(43/2 68 65 1/2 0)
(22 41 49 1 1)
(22 65 63 1/2 0)
(45/2 67 64 1/2 0)
(23 53 56 1 1)
(23 56 58 1 1)
(23 61 61 1 1)
(23 68 65 1/2 0)
(47/2 71 66 1/2 0)
(24 72 67 3/2 0)
(25 53 56 1 1)
(25 56 58 1 1)
(25 60 60 1 1)
(51/2 73 68 1/2 0)
(26 56 58 1 1)
(26 60 60 1 1)
(26 65 63 1 1)
(26 71 66 1/2 0)
(53/2 73 68 1/2 0)
(27 72 67 1/2 0)
(55/2 70 65 1/2 0)
(28 55 57 1 1)
(28 62 61 1 1)
(28 65 63 1 1)
(28 71 66 1/2 0)
(57/2 80 72 1/2 0)
(29 55 57 1 1)
(29 61 61 1 1)
(29 65 63 1 1)
(29 79 71 1/2 0)
(59/2 71 66 1/2 0)
(30 70 66 3/2 0)
(31 55 57 1 1)
(31 61 61 1 1)
(31 64 63 1 1)
(63/2 72 67 1/2 0)
(32 54 57 1 1)
(32 61 61 1 1)
(32 64 63 1 1)
(32 72 67 1/2 0)
(65/2 70 66 1/2 0)
(33 70 66 1/2 0)
(67/2 68 64 1/2 0)
(34 53 56 1 1)
(34 60 60 1 1)
(34 63 62 1 1)
(34 69 65 1/2 0)
(69/2 78 71 1/2 0)
(35 53 56 1 1)
(35 59 60 1 1)
(35 63 62 1 1)
(35 77 70 1/2 0)
(71/2 69 65 1/2 0)
(36 68 65 3/2 0)
(37 53 56 1 1)
(37 59 60 1 1)
(37 63 62 1 1)
(75/2 71 67 1/2 0)
(38 52 56 1 1)
(38 59 60 1 1)
(38 62 62 1 1)
(38 70 66 1/2 0)
(77/2 68 65 1/2 0)
(39 67 64 1 0)
(40 52 56 1 1)
(40 58 59 1 1)
(40 62 61 1 1)
(40 68 64 1/2 0)
(81/2 69 65 1/2 0)
(41 52 55 1 1)
(41 56 57 1 1)
(41 62 61 1 1)
(41 70 65 1/2 0)
(83/2 71 66 1/2 0)
(42 45 51 1 1)
(42 73 67 1/2 0)
(85/2 74 68 1/2 0)
(43 52 55 1 1)
(43 61 60 1 1)
(43 75 68 1/2 0)
(87/2 76 69 1/2 0)
(44 81 72 1/2 0)
(89/2 80 71 1/2 0)
(45 45 51 1 1)
(45 78 70 1/2 0)
(91/2 76 69 1/2 0)
(46 54 56 1 1)
(46 62 61 1 1)
(46 74 68 1/2 0)
(93/2 68 64 1/2 0)
(47 52 55 1 1)
(47 62 61 1 1)
(47 69 65 1/2 0)
(95/2 71 66 1/2 0)
(48 45 51 1 1)
(48 73 67 1/2 0)
(97/2 74 68 1/2 0)
(49 52 55 1 1)
(49 61 60 1 1)
(49 75 68 1/2 0)
(99/2 76 69 1/2 0)
(50 52 55 1 1)
(50 61 60 1 1)
(50 81 72 1/2 0)
(101/2 80 71 1/2 0)
(51 45 51 1 1)
(51 78 70 1/2 0)
(103/2 76 69 1/2 0)
(52 54 56 1 1)
(52 62 61 1 1)
(52 74 68 1/2 0)
(105/2 68 64 1/2 0)
(53 52 55 1 1)
(53 62 61 1 1)
(53 69 65 1/2 0)
(107/2 71 66 1/2 0)
(54 45 51 1 1)
(54 73 67 1 0)
(55 71 66 1/2 0)
(111/2 72 67 1/2 0)
(56 53 56 1 1)
(56 60 60 1 1)
(56 63 62 1 1)
(56 77 70 1/2 0)
(113/2 76 69 1/2 0)
(57 46 52 1 1)
(57 75 69 1/2 0)
(115/2 74 68 1/2 0)
(58 53 56 1 1)
(58 61 61 1 1)
(58 73 68 1/2 0)
(117/2 64 62 1/2 0)
(59 48 53 1 1)
(59 52 55 1 1)
(59 58 59 1 1)
(59 65 63 1/2 0)
(119/2 67 64 1/2 0)
(60 41 49 1 1)
(60 68 65 1/2 0)
(121/2 70 66 1/2 0)
(61 48 53 1 1)
(61 56 58 1 1)
(61 71 66 1/2 0)
(123/2 72 67 1/2 0)
(62 77 70 1/2 0)
(125/2 76 69 1/2 0)
(63 75 69 1/2 0)
(127/2 74 68 1/2 0)
(64 49 54 1 1)
(64 56 58 1 1)
(64 73 68 1/2 0)
(129/2 64 62 1/2 0)
(65 48 53 1 1)
(65 58 59 1 1)
(65 65 63 1/2 0)
(131/2 67 64 1/2 0)
(66 41 49 1 1)
(66 65 63 1/2 0)
(133/2 64 62 1/2 0)
(67 48 53 1 1)
(67 56 58 1 1)
(67 65 63 2 0)
(68 47 53 1 1)
(68 56 58 1 1)
(69 39 48 1 1)
(69 70 66 2 0)
(70 51 55 1 1)
(70 55 57 1 1)
(70 61 61 1 1)
(71 51 55 1 1)
(71 55 57 1 1)
(71 61 61 1 1)
(71 72 67 1/2 0)
(143/2 67 64 1/2 0)
(72 44 51 1 1)
(72 68 65 1/2 0)
(145/2 60 60 1/2 0)
(73 51 55 1 1)
(73 56 58 1 1)
(73 60 60 1 1)
(73 63 62 1/2 0)
(147/2 68 65 1/2 0)
(74 50 54 1 1)
(74 53 56 1 1)
(74 60 60 1 1)
(74 71 66 1/2 0)
(149/2 72 67 1/2 0)
(75 43 50 1 1)
(75 74 68 1 0)
(76 55 57 1 1)
(76 65 63 1 1)
(76 75 69 1/2 0)
(153/2 79 71 1/2 0)
(77 55 57 1 1)
(77 62 61 1 1)
(77 65 63 1 1)
(77 77 70 1/2 0)
(155/2 71 66 1/2 0)
(78 48 53 1 1)
(78 72 67 2 0)
(79 55 57 1 1)
(79 60 60 1 1)
(79 63 62 1 1)
(80 55 57 1 1)
(80 60 60 1 1)
(80 63 62 1 1)
(80 67 64 1 0)
(81 43 50 1 1)
(81 74 68 2 0)
(82 55 57 1 1)
(82 59 59 1 1)
(82 65 63 1 1)
(83 55 57 1 1)
(83 65 63 1 1)
(83 75 69 1/2 0)
(167/2 71 66 1/2 0)
(84 48 53 1 1)
(84 72 67 1 0)
(85 55 57 1 1)
(85 60 60 1 1)
(85 63 62 1 1)
(85 71 66 1/2 0)
(171/2 72 67 1/2 0)
(86 55 57 1 1)
(86 60 60 1 1)
(86 63 62 1 1)
(86 74 68 1/2 0)
(173/2 75 69 1/2 0)
(87 44 51 1 1)
(87 77 70 1 0)
(88 56 58 1 1)
(88 60 60 1 1)
(88 65 63 1 1)
(88 76 69 1/2 0)
(177/2 77 70 1/2 0)
(89 38 47 1 1)
(89 72 67 3/2 0)
(89 79 71 1/2 0)
(179/2 80 72 1/2 0)
(90 43 50 1 1)
(90 79 71 4 0)
(181/2 71 66 1/2 0)
(91 76 69 1/2 0)
(183/2 75 68 1/2 0)
(92 74 68 1/2 0)
(185/2 73 67 1/2 0)
(93 72 67 1 0)
(94 62 61 1 1)
(94 69 65 1 1)
(94 72 67 1 0)
(94 78 70 1/2 0)
(189/2 79 71 1/2 0)
(95 62 61 1 1)
(95 66 63 1 1)
(95 72 67 2 0)
(95 83 73 1/2 0)
(191/2 81 72 1/2 0)
(96 74 68 1 0)
(97 55 57 1 1)
(97 62 61 1/2 1)
(97 71 66 1/2 0)
(97 77 70 3 0)
(195/2 64 62 1/2 1)
(195/2 72 67 1/2 0)
(98 55 57 1 1)
(98 67 64 1/2 1)
(98 76 69 1/2 0)
(197/2 65 63 1/2 1)
(197/2 74 68 1/2 0)
(99 61 61 1 1)
(99 70 66 1 0)
(100 60 60 1 1)
(100 65 63 1 1)
(100 70 66 1 0)
(100 76 69 1/2 0)
(201/2 77 70 1/2 0)
(101 64 62 1 1)
(101 70 66 2 0)
(101 81 72 1/2 0)
(203/2 79 71 1/2 0)
(102 63 62 1 1)
(102 72 67 1 0)
(103 53 56 1 1)
(103 60 60 1/2 1)
(103 69 65 1/2 0)
(103 75 69 3 0)
(207/2 62 61 1/2 1)
(207/2 70 66 1/2 0)
(104 53 56 1 1)
(104 65 63 1/2 1)
(104 74 68 1/2 0)
(209/2 63 62 1/2 1)
(209/2 72 67 1/2 0)
(105 59 60 1 1)
(105 68 65 1 0)
(106 58 59 1 1)
(106 63 62 1 1)
(106 68 65 1 0)
(106 74 68 1/2 0)
(213/2 75 69 1/2 0)
(107 58 59 1 1)
(107 62 61 1 1)
(107 68 65 2 0)
(107 79 71 1/2 0)
(215/2 77 70 1/2 0)
(108 70 66 1 0)
(109 52 56 1/2 1)
(109 58 59 1 1)
(109 67 64 1/2 0)
(109 73 68 2 0)
(219/2 51 55 1/2 1)
(219/2 66 63 1/2 0)
(110 51 55 1 1)
(110 67 64 2 0)
(111 51 55 1 1)
(111 60 60 1 1)
(111 69 65 1 0)
(112 51 55 1/2 1)
(112 57 58 1 1)
(112 66 63 1/2 0)
(112 72 67 2 0)
(225/2 50 54 1/2 1)
(225/2 65 62 1/2 0)
(113 50 54 1 1)
(113 57 58 1 1)
(113 66 63 2 0)
(114 50 54 1 1)
(114 59 59 1 1)
(114 68 64 1 0)
(115 50 54 1 1)
(115 56 58 1 1)
(115 65 63 1/2 0)
(115 71 66 2 0)
(231/2 64 62 1/2 0)
(116 49 54 1 1)
(116 56 58 1 1)
(116 65 63 2 0)
(117 48 53 1 1)
(117 72 67 3/2 0)
(118 56 58 1 1)
(118 60 60 1 1)
(118 65 63 1 1)
(237/2 73 68 1/2 0)
(119 56 58 1 1)
(119 60 60 1 1)
(119 65 63 1 1)
(119 73 68 1/2 0)
(239/2 72 67 1/2 0)
(120 71 66 1/2 0)
(241/2 70 65 1/2 0)
(121 55 57 1 1)
(121 62 61 1 1)
(121 65 63 1 1)
(121 71 66 1 0)
(122 55 57 1 1)
(122 61 61 1 1)
(122 65 63 1 1)
(122 79 71 1 0)
(123 70 66 3/2 0)
(124 54 57 1 1)
(124 61 61 1 1)
(124 64 63 1 1)
(249/2 72 67 1/2 0)
(125 54 57 1 1)
(125 60 60 1 1)
(125 63 62 1 1)
(125 72 67 1/2 0)
(251/2 70 66 1/2 0)
(126 69 65 1/2 0)
(253/2 68 64 1/2 0)
(127 53 56 1 1)
(127 60 60 1 1)
(127 63 62 1 1)
(127 69 65 1 0)
(128 53 56 1 1)
(128 59 60 1 1)
(128 63 62 1 1)
(128 77 70 1 0)
(129 68 65 3/2 0)
(130 53 56 1 1)
(130 59 59 1 1)
(130 62 61 1 1)
(261/2 70 66 1/2 0)
(131 52 55 1 1)
(131 59 59 1 1)
(131 62 61 1 1)
(131 70 66 1/2 0)
(263/2 68 65 1/2 0)
(132 67 64 1/2 0)
(265/2 66 63 1/2 0)
(133 52 55 1 1)
(133 58 59 1 1)
(133 61 61 1 1)
(133 67 64 1 0)
(134 53 56 1 1)
(134 58 59 1 1)
(134 65 63 1 1)
(134 73 68 1 0)
(135 72 67 3/2 0)
(136 55 57 1 1)
(136 58 59 1 1)
(136 61 61 1 1)
(136 64 62 1 0)
(273/2 70 66 1/2 0)
(137 48 53 1 1)
(137 58 59 1 1)
(137 64 62 1 0)
(137 68 65 1/2 0)
(275/2 67 64 1/2 0)
(138 70 66 1/2 0)
(277/2 68 65 1/2 0)
(139 41 49 1 1)
(139 65 63 1/2 0)
(279/2 67 64 1/2 0)
(140 53 56 1 1)
(140 56 58 1 1)
(140 61 61 1 1)
(140 68 65 1/2 0)
(281/2 71 66 1/2 0)
(141 72 67 3/2 0)
(142 53 56 1 1)
(142 56 58 1 1)
(142 60 60 1 1)
(285/2 73 68 1/2 0)
(143 56 58 1 1)
(143 60 60 1 1)
(143 65 63 1 1)
(143 71 66 1/2 0)
(287/2 73 68 1/2 0)
(144 72 67 1/2 0)
(289/2 70 65 1/2 0)
(145 55 57 1 1)
(145 62 61 1 1)
(145 65 63 1 1)
(145 71 66 1/2 0)
(291/2 80 72 1/2 0)
(146 55 57 1 1)
(146 61 61 1 1)
(146 65 63 1 1)
(146 79 71 1/2 0)
(293/2 71 66 1/2 0)
(147 70 66 3/2 0)
(148 55 57 1 1)
(148 61 61 1 1)
(148 64 63 1 1)
(297/2 72 67 1/2 0)
(149 54 57 1 1)
(149 61 61 1 1)
(149 64 63 1 1)
(149 72 67 1/2 0)
(299/2 70 66 1/2 0)
(150 70 66 1/2 0)
(301/2 68 64 1/2 0)
(151 53 56 1 1)
(151 60 60 1 1)
(151 63 62 1 1)
(151 69 65 1/2 0)
(303/2 78 71 1/2 0)
(152 53 56 1 1)
(152 59 60 1 1)
(152 63 62 1 1)
(152 77 70 1/2 0)
(305/2 69 65 1/2 0)
(153 68 65 3/2 0)
(154 53 56 1 1)
(154 59 60 1 1)
(154 63 62 1 1)
(309/2 71 67 1/2 0)
(155 52 56 1 1)
(155 59 60 1 1)
(155 62 62 1 1)
(155 70 66 1/2 0)
(311/2 68 65 1/2 0)
(156 67 64 1 0)
(157 52 56 1 1)
(157 58 59 1 1)
(157 62 61 1 1)
(157 68 64 1/2 0)
(315/2 69 65 1/2 0)
(158 52 55 1 1)
(158 56 57 1 1)
(158 62 61 1 1)
(158 70 65 1/2 0)
(317/2 71 66 1/2 0)
(159 45 51 1 1)
(159 73 67 1/2 0)
(319/2 74 68 1/2 0)
(160 52 55 1 1)
(160 61 60 1 1)
(160 75 68 1/2 0)
(321/2 76 69 1/2 0)
(161 81 72 1/2 0)
(323/2 80 71 1/2 0)
(162 45 51 1 1)
(162 78 70 1/2 0)
(325/2 76 69 1/2 0)
(163 54 56 1 1)
(163 62 61 1 1)
(163 74 68 1/2 0)
(327/2 68 64 1/2 0)
(164 52 55 1 1)
(164 62 61 1 1)
(164 69 65 1/2 0)
(329/2 71 66 1/2 0)
(165 45 51 1 1)
(165 73 67 1/2 0)
(331/2 74 68 1/2 0)
(166 52 55 1 1)
(166 61 60 1 1)
(166 75 68 1/2 0)
(333/2 76 69 1/2 0)
(167 52 55 1 1)
(167 61 60 1 1)
(167 81 72 1/2 0)
(335/2 80 71 1/2 0)
(168 45 51 1 1)
(168 78 70 1/2 0)
(337/2 76 69 1/2 0)
(169 54 56 1 1)
(169 62 61 1 1)
(169 74 68 1/2 0)
(339/2 68 64 1/2 0)
(170 52 55 1 1)
(170 62 61 1 1)
(170 69 65 1/2 0)
(341/2 71 66 1/2 0)
(171 45 51 1 1)
(171 73 67 1 0)
(172 71 66 1/2 0)
(345/2 72 67 1/2 0)
(173 53 56 1 1)
(173 60 60 1 1)
(173 63 62 1 1)
(173 77 70 1/2 0)
(347/2 76 69 1/2 0)
(174 46 52 1 1)
(174 75 69 1/2 0)
(349/2 74 68 1/2 0)
(175 53 56 1 1)
(175 61 61 1 1)
(175 73 68 1/2 0)
(351/2 64 62 1/2 0)
(176 48 53 1 1)
(176 52 55 1 1)
(176 58 59 1 1)
(176 65 63 1/2 0)
(353/2 67 64 1/2 0)
(177 41 49 1 1)
(177 68 65 1/2 0)
(355/2 70 66 1/2 0)
(178 48 53 1 1)
(178 56 58 1 1)
(178 71 66 1/2 0)
(357/2 72 67 1/2 0)
(179 77 70 1/2 0)
(359/2 76 69 1/2 0)
(180 75 69 1/2 0)
(361/2 74 68 1/2 0)
(181 49 54 1 1)
(181 56 58 1 1)
(181 73 68 1/2 0)
(363/2 64 62 1/2 0)
(182 48 53 1 1)
(182 58 59 1 1)
(182 65 63 1/2 0)
(365/2 67 64 1/2 0)
(183 41 49 1 1)
(183 65 63 1/2 0)
(367/2 64 62 1/2 0)
(184 48 53 1 1)
(184 56 58 1 1)
(184 65 63 2 0)
