(-5/4 64 62 1/4 0)
(-1 69 65 3/4 0)
(-1/4 72 67 1/4 0)
(0 33 44 1 1)
(0 76 69 3/4 0)
(3/4 76 69 1/4 0)
(1 52 55 1 1)
(1 60 60 1 1)
(1 72 67 1 0)
(2 52 55 1 1)
(2 59 59 1 1)
(2 75 68 1 0)
(3 45 51 1 1)
(3 76 69 3/4 0)
(15/4 76 69 1/4 0)
(4 52 55 1 1)
(4 60 60 1 1)
(4 69 65 1 0)
(5 52 55 1 1)
(5 60 60 1 1)
(5 72 67 1 0)
(6 45 51 1 1)
(6 71 66 3/4 0)
(27/4 71 66 1/4 0)
(7 52 55 1 1)
(7 62 61 1 1)
(7 66 63 1 0)
(8 52 55 1 1)
(8 62 61 1 1)
(8 68 64 1 0)
(9 45 51 1 1)
(9 69 65 1/2 0)
(39/4 64 62 1/4 0)
(10 52 55 1 1)
(10 60 60 1 1)
(10 69 65 1/2 0)
(43/4 64 62 1/4 0)
(11 52 55 1 1)
(11 60 60 1 1)
(11 69 65 1/2 0)
(47/4 72 67 1/4 0)
(12 45 51 1 1)
(12 76 69 1/2 0)
(51/4 76 69 1/4 0)
(13 52 55 1 1)
(13 60 60 1 1)
(13 72 67 1 0)
(14 52 55 1 1)
(14 59 59 1 1)
(14 75 68 1 0)
(15 45 51 1 1)
(15 76 69 3/4 0)
(63/4 76 69 1/4 0)
(16 52 55 1 1)
(16 60 60 1 1)
(16 69 65 1 0)
(17 52 55 1 1)
(17 60 60 1 1)
(17 72 67 1 0)
(18 45 51 1 1)
(18 71 66 3/4 0)
(75/4 71 66 1/4 0)
(19 52 55 1 1)
(19 62 61 1 1)
(19 66 63 1 0)
(20 52 55 1 1)
(20 62 61 1 1)
(20 68 64 1 0)
(21 45 51 1 1)
(21 81 72 1 0)
(22 52 55 1 1)
(22 60 60 1 1)
(91/4 64 62 1/4 0)
(23 69 65 3/4 0)
(95/4 72 67 1/4 0)
(24 33 44 1 1)
(24 76 69 3/4 0)
(99/4 76 69 1/4 0)
(25 52 55 1 1)
(25 60 60 1 1)
(25 72 67 1 0)
(26 52 55 1 1)
(26 59 59 1 1)
(26 75 68 1 0)
(27 45 51 1 1)
(27 76 69 3/4 0)
(111/4 76 69 1/4 0)
(28 52 55 1 1)
(28 60 60 1 1)
(28 69 65 1 0)
(29 52 55 1 1)
(29 60 60 1 1)
(29 72 67 1 0)
(30 45 51 1 1)
(30 71 66 3/4 0)
(123/4 71 66 1/4 0)
(31 52 55 1 1)
(31 62 61 1 1)
(31 66 63 1 0)
(32 52 55 1 1)
(32 62 61 1 1)
(32 68 64 1 0)
(33 45 51 1 1)
(33 69 65 1/2 0)
(135/4 64 62 1/4 0)
(34 52 55 1 1)
(34 60 60 1 1)
(34 69 65 1/2 0)
(139/4 64 62 1/4 0)
(35 52 55 1 1)
(35 60 60 1 1)
(35 69 65 1/2 0)
(143/4 72 67 1/4 0)
(36 45 51 1 1)
(36 76 69 1/2 0)
(147/4 76 69 1/4 0)
(37 52 55 1 1)
(37 60 60 1 1)
(37 72 67 1 0)
(38 52 55 1 1)
(38 59 59 1 1)
(38 75 68 1 0)
(39 45 51 1 1)
(39 76 69 3/4 0)
(159/4 76 69 1/4 0)
(40 52 55 1 1)
(40 60 60 1 1)
(40 69 65 1 0)
(41 52 55 1 1)
(41 60 60 1 1)
(41 72 67 1 0)
(42 45 51 1 1)
(42 71 66 3/4 0)
(171/4 71 66 1/4 0)
(43 52 55 1 1)
(43 62 61 1 1)
(43 66 63 1 0)
(44 52 55 1 1)
(44 62 61 1 1)
(44 68 64 1 0)
(45 57 58 1 1)
(45 60 60 1 1)
(45 81 72 1 0)
(187/4 67 64 1/4 0)
(47 72 67 3/4 0)
(191/4 76 69 1/4 0)
(48 48 53 1 1)
(48 79 71 3/4 0)
(195/4 79 71 1/4 0)
(49 55 57 1 1)
(49 64 62 1 1)
(49 76 69 1 0)
(50 55 57 1 1)
(50 63 61 1 1)
(50 78 70 1 0)
(51 48 53 1 1)
(51 79 71 3/4 0)
(207/4 79 71 1/4 0)
(52 55 57 1 1)
(52 64 62 1 1)
(52 76 69 1 0)
(53 55 57 1 1)
(53 63 61 1 1)
(53 78 70 1 0)
(54 48 53 1 1)
(54 79 71 1/2 0)
(219/4 79 71 1/4 0)
(55 55 57 1 1)
(55 64 62 1 1)
(55 72 67 1 0)
(56 55 57 1 1)
(56 65 63 1 1)
(56 74 68 1 0)
(57 48 53 1 1)
(57 76 69 3 0)
(58 55 57 1 1)
(58 64 62 1 1)
(59 52 55 1 1)
(59 56 57 1 1)
(59 62 61 1 1)
(60 33 44 1 1)
(60 76 69 3/4 0)
(243/4 76 69 1/4 0)
(61 52 55 1 1)
(61 60 60 1 1)
(61 72 67 1 0)
(62 52 55 1 1)
(62 59 59 1 1)
(62 75 68 1 0)
(63 45 51 1 1)
(63 76 69 3/4 0)
(255/4 76 69 1/4 0)
(64 52 55 1 1)
(64 60 60 1 1)
(64 69 65 1 0)
(65 52 55 1 1)
(65 60 60 1 1)
(65 72 67 1 0)
(66 45 51 1 1)
(66 71 66 3/4 0)
(267/4 71 66 1/4 0)
(67 52 55 1 1)
(67 62 61 1 1)
(67 66 63 1 0)
(68 52 55 1 1)
(68 62 61 1 1)
(68 68 64 1 0)
(69 45 51 1 1)
(69 69 65 1/2 0)
(279/4 64 62 1/4 0)
(70 52 55 1 1)
(70 60 60 1 1)
(70 69 65 1/2 0)
(283/4 64 62 1/4 0)
(71 52 55 1 1)
(71 60 60 1 1)
(71 69 65 1/2 0)
(287/4 72 67 1/4 0)
(72 45 51 1 1)
(72 76 69 1/2 0)
(291/4 76 69 1/4 0)
(73 52 55 1 1)
(73 60 60 1 1)
(73 72 67 1 0)
(74 52 55 1 1)
(74 59 59 1 1)
(74 75 68 1 0)
(75 45 51 1 1)
(75 76 69 3/4 0)
(303/4 76 69 1/4 0)
(76 52 55 1 1)
(76 60 60 1 1)
(76 69 65 1 0)
(77 52 55 1 1)
(77 60 60 1 1)
(77 72 67 1 0)
(78 45 51 1 1)
(78 71 66 3/4 0)
(315/4 71 66 1/4 0)
(79 52 55 1 1)
(79 62 61 1 1)
(79 66 63 1 0)
(80 52 55 1 1)
(80 62 61 1 1)
(80 68 64 1 0)
(81 45 51 1 1)
(81 81 72 1 0)
(82 52 55 1/2 1)
(82 60 60 1/2 1)
(331/4 67 64 1/4 0)
(83 72 67 3/4 0)
(335/4 76 69 1/4 0)
(84 48 53 1 1)
(84 79 71 3/4 0)
(339/4 79 71 1/4 0)
(85 55 57 1 1)
(85 64 62 1 1)
(85 76 69 1 0)
(86 55 57 1 1)
(86 63 61 1 1)
(86 78 70 1 0)
(87 48 53 1 1)
(87 79 71 3/4 0)
(351/4 79 71 1/4 0)
(88 55 57 1 1)
(88 64 62 1 1)
(88 76 69 1 0)
(89 55 57 1 1)
(89 63 61 1 1)
(89 78 70 1 0)
(90 48 53 1 1)
(90 79 71 1/2 0)
(363/4 79 71 1/4 0)
(91 55 57 1 1)
(91 64 62 1 1)
(91 72 67 1 0)
(92 55 57 1 1)
(92 65 63 1 1)
(92 74 68 1 0)
(93 48 53 1 1)
(93 76 69 3 0)
(94 55 57 1 1)
(94 64 62 1 1)
(95 52 55 1 1)
(95 56 57 1 1)
(95 62 61 1 1)
(96 33 44 1 1)
(96 76 69 3/4 0)
(387/4 76 69 1/4 0)
(97 52 55 1 1)
(97 60 60 1 1)
(97 72 67 1 0)
(98 52 55 1 1)
(98 59 59 1 1)
(98 75 68 1 0)
(99 45 51 1 1)
(99 76 69 3/4 0)
(399/4 76 69 1/4 0)
(100 52 55 1 1)
(100 60 60 1 1)
(100 69 65 1 0)
(101 52 55 1 1)
(101 60 60 1 1)
(101 72 67 1 0)
(102 45 51 1 1)
(102 71 66 3/4 0)
(411/4 71 66 1/4 0)
(103 52 55 1 1)
(103 62 61 1 1)
(103 66 63 1 0)
(104 52 55 1 1)
(104 62 61 1 1)
(104 68 64 1 0)
(105 45 51 1 1)
(105 69 65 1/2 0)
(423/4 64 62 1/4 0)
(106 52 55 1 1)
(106 60 60 1 1)
(106 69 65 1/2 0)
(427/4 64 62 1/4 0)
(107 52 55 1 1)
(107 60 60 1 1)
(107 69 65 1/2 0)
(431/4 72 67 1/4 0)
(108 45 51 1 1)
(108 76 69 1/2 0)
(435/4 76 69 1/4 0)
(109 52 55 1 1)
(109 60 60 1 1)
(109 72 67 1 0)
(110 52 55 1 1)
(110 59 59 1 1)
(110 75 68 1 0)
(111 45 51 1 1)
(111 76 69 3/4 0)
(447/4 76 69 1/4 0)
(112 52 55 1 1)
(112 60 60 1 1)
(112 69 65 1 0)
(113 52 55 1 1)
(113 60 60 1 1)
(113 72 67 1 0)
(114 45 51 1 1)
(114 71 66 3/4 0)
(459/4 71 66 1/4 0)
(115 52 55 1 1)
(115 62 61 1 1)
(115 66 63 1 0)
(116 52 55 1 1)
(116 62 61 1 1)
(116 68 64 1 0)
(117 45 51 1 1)
(117 81 72 1 0)
(118 52 55 1 1)
(118 60 60 1 1)
(475/4 64 62 1/4 0)
(119 64 62 3/4 0)
(479/4 64 62 1/4 0)
(120 45 51 1 1)
(120 52 55 1 1)
(120 61 60 1 0)
(120 64 62 1 0)
(120 73 67 3/4 0)
(483/4 73 67 1/4 0)
(121 45 51 1 1)
(121 52 55 1 1)
(121 61 60 1 0)
(121 64 62 1 0)
(122 45 51 1 1)
(122 52 55 1 1)
(122 61 60 1 0)
(122 69 65 1 0)
(123 45 51 1 1)
(123 52 55 1 1)
(123 61 60 1 0)
(123 64 62 1 0)
(123 73 67 3/4 0)
(495/4 73 67 1/4 0)
(124 45 51 1 1)
(124 52 55 1 1)
(124 61 60 1 0)
(124 64 62 1 0)
(125 45 51 1 1)
(125 52 55 1 1)
(125 61 60 1 0)
(125 69 65 1 0)
(126 57 58 3 1)
(126 61 60 3/4 1)
(126 64 62 3/4 1)
(126 73 67 3/4 0)
(126 76 69 3/4 0)
(507/4 60 59 1/4 1)
(507/4 63 61 1/4 1)
(507/4 72 66 1/4 0)
(507/4 75 68 1/4 0)
(127 62 61 3/2 1)
(127 66 63 3/2 1)
(127 74 68 3/2 0)
(127 78 70 3/2 0)
(257/2 61 60 1/2 1)
(257/2 64 62 1/2 1)
(257/2 73 67 1/2 0)
(257/2 76 69 1/2 0)
(129 57 58 3 1)
(129 61 60 3/4 1)
(129 64 62 3/4 1)
(129 73 67 3/4 0)
(129 76 69 3/4 0)
(519/4 60 59 1/4 1)
(519/4 63 61 1/4 1)
(519/4 72 66 1/4 0)
(519/4 75 68 1/4 0)
(130 62 61 3/2 1)
(130 66 63 3/2 1)
(130 74 68 3/2 0)
(130 78 70 3/2 0)
(263/2 61 60 1/2 1)
(263/2 64 62 1/2 1)
(263/2 73 67 1/2 0)
(263/2 76 69 1/2 0)
(132 45 51 1 1)
(132 52 55 1 1)
(132 61 60 1 0)
(132 64 62 1 0)
(132 73 67 3/4 0)
(531/4 73 67 1/4 0)
(133 45 51 1 1)
(133 52 55 1 1)
(133 61 60 1 0)
(133 64 62 1 0)
(134 45 51 1 1)
(134 52 55 1 1)
(134 61 60 1 0)
(134 69 65 1 0)
(135 45 51 1 1)
(135 52 55 1 1)
(135 61 60 1 0)
(135 64 62 1 0)
(135 73 67 3/4 0)
(543/4 73 67 1/4 0)
(136 45 51 1 1)
(136 52 55 1 1)
(136 61 60 1 0)
(136 64 62 1 0)
(137 45 51 1 1)
(137 52 55 1 1)
(137 61 60 1 0)
(137 69 65 1 0)
(138 44 50 2 1)
(138 56 57 3/4 1)
(138 64 62 3/4 0)
(138 73 67 3/4 0)
(555/4 56 57 1/4 1)
(555/4 63 61 1/4 0)
(555/4 72 66 1/4 0)
(139 56 57 2 1)
(139 66 63 3/2 0)
(139 75 68 3/2 0)
(140 49 53 1 1)
(281/2 64 62 1/2 0)
(281/2 73 67 1/2 0)
(141 44 50 2 1)
(141 56 57 3/4 1)
(141 64 62 3/4 0)
(141 73 67 3/4 0)
(567/4 56 57 1/4 1)
(567/4 63 61 1/4 0)
(567/4 72 66 1/4 0)
(142 56 57 2 1)
(142 66 63 1 0)
(142 75 68 1 0)
(143 49 53 1 1)
(143 64 62 1 0)
(143 73 67 1 0)
(144 45 51 1 1)
(144 52 55 1 1)
(144 61 60 1 0)
(144 64 62 1 0)
(144 73 67 3/4 0)
(579/4 73 67 1/4 0)
(145 45 51 1 1)
(145 52 55 1 1)
(145 61 60 1 0)
(145 64 62 1 0)
(146 45 51 1 1)
(146 52 55 1 1)
(146 61 60 1 0)
(146 69 65 1 0)
(147 45 51 1 1)
(147 52 55 1 1)
(147 61 60 1 0)
(147 64 62 1 0)
(147 73 67 3/4 0)
(591/4 73 67 1/4 0)
(148 45 51 1 1)
(148 52 55 1 1)
(148 61 60 1 0)
(148 64 62 1 0)
(149 45 51 1 1)
(149 52 55 1 1)
(149 61 60 1 0)
(149 69 65 1 0)
(150 57 58 3 1)
(150 61 60 3/4 1)
(150 64 62 3/4 1)
(150 73 67 3/4 0)
(150 76 69 3/4 0)
(603/4 60 59 1/4 1)
(603/4 63 61 1/4 1)
(603/4 72 66 1/4 0)
(603/4 75 68 1/4 0)
(151 62 61 3/2 1)
(151 66 63 3/2 1)
(151 74 68 3/2 0)
(151 78 70 3/2 0)
(305/2 61 60 1/2 1)
(305/2 64 62 1/2 1)
(305/2 73 67 1/2 0)
(305/2 76 69 1/2 0)
(153 57 58 3 1)
(153 61 60 3/4 1)
(153 64 62 3/4 1)
(153 73 67 3/4 0)
(153 76 69 3/4 0)
(615/4 60 59 1/4 1)
(615/4 63 61 1/4 1)
(615/4 72 66 1/4 0)
(615/4 75 68 1/4 0)
(154 62 61 3/2 1)
(154 66 63 3/2 1)
(154 74 68 3/2 0)
(154 78 70 3/2 0)
(311/2 61 60 1/2 1)
(311/2 64 62 1/2 1)
(311/2 73 67 1/2 0)
(311/2 76 69 1/2 0)
(156 45 51 1 1)
(156 52 55 1 1)
(156 61 60 1 0)
(156 64 62 1 0)
(156 73 67 3/4 0)
(627/4 73 67 1/4 0)
(157 45 51 1 1)
(157 52 55 1 1)
(157 61 60 1 0)
(157 64 62 1 0)
(158 45 51 1 1)
(158 52 55 1 1)
(158 61 60 1 0)
(158 69 65 1 0)
(159 45 51 1 1)
(159 52 55 1 1)
(159 61 60 1 0)
(159 64 62 1 0)
(159 73 67 3/4 0)
(639/4 73 67 1/4 0)
(160 45 51 1 1)
(160 52 55 1 1)
(160 61 60 1 0)
(160 64 62 1 0)
(161 45 51 1 1)
(161 52 55 1 1)
(161 61 60 1 0)
(161 69 65 1 0)
(162 44 50 2 1)
(162 56 57 3/4 1)
(162 64 62 3/4 0)
(162 73 67 3/4 0)
(651/4 56 57 1/4 1)
(651/4 63 61 1/4 0)
(651/4 72 66 1/4 0)
(163 56 57 2 1)
(163 66 63 3/2 0)
(163 75 68 3/2 0)
(164 49 53 1 1)
(329/2 64 62 1/2 0)
(329/2 73 67 1/2 0)
(165 44 50 2 1)
(165 56 57 3/4 1)
(165 64 62 3/4 0)
(165 73 67 3/4 0)
(663/4 56 57 1/4 1)
(663/4 63 61 1/4 0)
(663/4 72 66 1/4 0)
(166 56 57 2 1)
(166 66 63 1 0)
(166 75 68 1 0)
(167 49 53 1 1)
(167 64 62 1 0)
(167 73 67 1 0)
(168 47 52 1 1)
(168 59 59 1 1)
(168 62 61 1 0)
(168 66 63 1 0)
(168 74 68 3/4 0)
(675/4 74 68 1/4 0)
(169 52 55 1 1)
(169 59 59 1 1)
(169 62 61 1 0)
(169 68 64 1 0)
(169 71 66 1 0)
(170 52 55 1 1)
(170 59 59 1 1)
(170 62 61 1 0)
(170 68 64 1 0)
(170 76 69 1 0)
(171 45 51 1 1)
(171 52 55 1 1)
(171 57 58 1 1)
(171 61 60 1 0)
(171 64 62 1 0)
(171 73 67 3/4 0)
(687/4 73 67 1/4 0)
(172 45 51 1 1)
(172 52 55 1 1)
(172 61 60 1 0)
(172 64 62 1 0)
(173 45 51 1 1)
(173 52 55 1 1)
(173 61 60 1 0)
(173 69 65 1 0)
(174 45 51 1 1)
(174 54 56 1 1)
(174 63 61 1 0)
(174 66 63 1 0)
(174 71 66 3/4 0)
(699/4 71 66 1/4 0)
(175 45 51 1 1)
(175 56 57 1 1)
(175 62 61 1 0)
(175 65 63 1 0)
(175 71 66 1 0)
(176 45 51 1 1)
(176 56 57 1 1)
(176 62 61 1 0)
(176 64 62 1 0)
(176 71 66 1 0)
(177 45 51 1 1)
(177 57 58 1 1)
(177 61 60 1 0)
(177 64 62 1 0)
(177 73 67 3/4 0)
(711/4 73 67 1/4 0)
(178 45 51 1 1)
(178 52 55 1 1)
(178 61 60 1 0)
(178 64 62 1 0)
(179 45 51 1 1)
(179 52 55 1 1)
(179 61 60 1 0)
(179 69 65 1 0)
(180 45 51 1 1)
(180 54 56 1 1)
(180 62 61 1 0)
(180 69 65 1 0)
(180 74 68 3/4 0)
(723/4 74 68 1/4 0)
(181 45 51 1 1)
(181 53 56 1 1)
(181 62 61 1 0)
(181 69 65 1 0)
(181 71 66 1 0)
(182 45 51 1 1)
(182 52 55 1 1)
(182 62 61 1 0)
(182 68 64 1 0)
(182 76 69 1 0)
(183 45 51 1 1)
(183 52 55 1 1)
(183 61 60 1 0)
(183 64 62 1 0)
(183 73 67 3/4 0)
(735/4 73 67 1/4 0)
(184 45 51 1 1)
(184 52 55 1 1)
(184 61 60 1 0)
(184 64 62 1 0)
(185 45 51 1 1)
(185 52 55 1 1)
(185 61 60 1 0)
(185 64 62 1 0)
(185 69 65 1 0)
(186 45 51 1 1)
(186 54 56 1 1)
(186 63 61 1 0)
(186 66 63 1 0)
(186 71 66 3/4 0)
(747/4 71 66 1/4 0)
(187 45 51 1 1)
(187 56 57 1 1)
(187 62 61 1 0)
(187 65 63 1 0)
(187 71 66 1 0)
(188 45 51 1 1)
(188 56 57 1 1)
(188 62 61 1 0)
(188 64 62 1 0)
(188 71 66 1 0)
(189 45 51 1 1)
(189 57 58 1 1)
(189 61 60 1 0)
(189 64 62 1 0)
(189 73 67 3/4 0)
(759/4 73 67 1/4 0)
(190 45 51 1 1)
(190 52 55 1 1)
(190 61 60 1 0)
(190 64 62 1 0)
(191 45 51 1 1)
(191 52 55 1 1)
(191 61 60 1 0)
(191 69 65 1 0)
(192 33 44 1 1)
(192 76 69 3/4 0)
(771/4 76 69 1/4 0)
(193 52 55 1 1)
(193 60 60 1 1)
(193 72 67 1 0)
(194 52 55 1 1)
(194 59 59 1 1)
(194 75 68 1 0)
(195 45 51 1 1)
(195 76 69 3/4 0)
(783/4 76 69 1/4 0)
(196 52 55 1 1)
(196 60 60 1 1)
(196 69 65 1 0)
(197 52 55 1 1)
(197 60 60 1 1)
(197 72 67 1 0)
(198 45 51 1 1)
(198 71 66 3/4 0)
(795/4 71 66 1/4 0)
(199 52 55 1 1)
(199 62 61 1 1)
(199 66 63 1 0)
(200 52 55 1 1)
(200 62 61 1 1)
(200 68 64 1 0)
(201 45 51 1 1)
(201 69 65 1/2 0)
(807/4 64 62 1/4 0)
(202 52 55 1 1)
(202 60 60 1 1)
(202 69 65 1/2 0)
(811/4 64 62 1/4 0)
(203 52 55 1 1)
(203 60 60 1 1)
(203 69 65 1/2 0)
(815/4 72 67 1/4 0)
(204 45 51 1 1)
(204 76 69 1/2 0)
(819/4 76 69 1/4 0)
(205 52 55 1 1)
(205 60 60 1 1)
(205 72 67 1 0)
(206 52 55 1 1)
(206 59 59 1 1)
(206 75 68 1 0)
(207 45 51 1 1)
(207 76 69 3/4 0)
(831/4 76 69 1/4 0)
(208 52 55 1 1)
(208 60 60 1 1)
(208 69 65 1 0)
(209 52 55 1 1)
(209 60 60 1 1)
(209 72 67 1 0)
(210 45 51 1 1)
(210 71 66 3/4 0)
(843/4 71 66 1/4 0)
(211 52 55 1 1)
(211 62 61 1 1)
(211 66 63 1 0)
(212 52 55 1 1)
(212 62 61 1 1)
(212 68 64 1 0)
(213 57 58 1 1)
(213 60 60 1 1)
(213 81 72 1 0)
(859/4 67 64 1/4 0)
(215 72 67 3/4 0)
(863/4 76 69 1/4 0)
(216 48 53 1 1)
(216 79 71 3/4 0)
(867/4 79 71 1/4 0)
(217 55 57 1 1)
(217 64 62 1 1)
(217 76 69 1 0)
(218 55 57 1 1)
(218 63 61 1 1)
(218 78 70 1 0)
(219 48 53 1 1)
(219 79 71 3/4 0)
(879/4 79 71 1/4 0)
(220 55 57 1 1)
(220 64 62 1 1)
(220 76 69 1 0)
(221 55 57 1 1)
(221 63 61 1 1)
(221 78 70 1 0)
(222 48 53 1 1)
(222 79 71 1/2 0)
(891/4 79 71 1/4 0)
(223 55 57 1 1)
(223 64 62 1 1)
(223 72 67 1 0)
(224 55 57 1 1)
(224 65 63 1 1)
(224 74 68 1 0)
(225 48 53 1 1)
(225 76 69 3 0)
(226 55 57 1 1)
(226 64 62 1 1)
(227 52 55 1 1)
(227 56 57 1 1)
(227 62 61 1 1)
(228 33 44 1 1)
(228 76 69 3/4 0)
(915/4 76 69 1/4 0)
(229 52 55 1 1)
(229 60 60 1 1)
(229 72 67 1 0)
(230 52 55 1 1)
(230 59 59 1 1)
(230 75 68 1 0)
(231 45 51 1 1)
(231 76 69 3/4 0)
(927/4 76 69 1/4 0)
(232 52 55 1 1)
(232 60 60 1 1)
(232 69 65 1 0)
(233 52 55 1 1)
(233 60 60 1 1)
(233 72 67 1 0)
(234 45 51 1 1)
(234 71 66 3/4 0)
(939/4 71 66 1/4 0)
(235 52 55 1 1)
(235 62 61 1 1)
(235 66 63 1 0)
(236 52 55 1 1)
(236 62 61 1 1)
(236 68 64 1 0)
(237 45 51 1 1)
(237 69 65 1/2 0)
(951/4 64 62 1/4 0)
(238 52 55 1 1)
(238 60 60 1 1)
(238 69 65 1/2 0)
(955/4 64 62 1/4 0)
(239 52 55 1 1)
(239 60 60 1 1)
(239 69 65 1/2 0)
(959/4 72 67 1/4 0)
(240 45 51 1 1)
(240 76 69 1/2 0)
(963/4 76 69 1/4 0)
(241 52 55 1 1)
(241 60 60 1 1)
(241 72 67 1 0)
(242 52 55 1 1)
(242 59 59 1 1)
(242 75 68 1 0)
(243 45 51 1 1)
(243 76 69 3/4 0)
(975/4 76 69 1/4 0)
(244 52 55 1 1)
(244 60 60 1 1)
(244 69 65 1 0)
(245 52 55 1 1)
(245 60 60 1 1)
(245 72 67 1 0)
(246 45 51 1 1)
(246 71 66 3/4 0)
(987/4 71 66 1/4 0)
(247 52 55 1 1)
(247 62 61 1 1)
(247 66 63 1 0)
(248 52 55 1 1)
(248 62 61 1 1)
(248 68 64 1 0)
(249 45 51 1 1)
(249 81 72 1 0)
(250 52 55 1 1)
(250 60 60 1 1)
