(0 41 49 1/2 1)
(0 48 53 4 1)
(1/2 40 48 1/2 1)
(1 36 46 2 1)
(3 41 49 7/2 1)
(4 49 54 1 1)
(5 47 52 1 1)
(6 48 53 4 1)
(13/2 40 48 1/2 1)
(7 36 46 2 1)
(9 41 49 7/2 1)
(10 49 54 1 1)
(11 47 52 1 1)
(12 48 53 12 1)
(25/2 40 48 1/2 1)
(13 36 46 2 1)
(15 41 49 1 1)
(16 41 49 1/2 1)
(33/2 40 48 1/2 1)
(17 36 46 1 1)
(18 41 49 1/2 1)
(37/2 40 48 1/2 1)
(19 36 46 1 1)
(20 36 46 1 1)
(21 41 49 1/2 1)
(43/2 40 48 1/2 1)
(22 41 49 1/2 1)
(45/2 40 48 1/2 1)
(23 36 46 1/2 1)
(47/2 36 46 1/2 1)
(24 41 49 1 1)
(24 65 63 1/2 0)
(99/4 67 64 1/4 0)
(25 41 49 1 1)
(25 48 53 1 1)
(25 56 58 1 1)
(25 68 65 1/2 0)
(51/2 70 66 1/2 0)
(26 41 49 1 1)
(26 48 53 1 1)
(26 56 58 1 1)
(26 72 67 1/2 0)
(53/2 68 65 1/2 0)
(27 67 64 1/3 0)
(82/3 68 65 1/3 0)
(83/3 67 64 1/3 0)
(28 41 49 1 1)
(28 48 53 1 1)
(28 56 58 1 1)
(28 65 63 1 0)
(29 41 49 1 1)
(29 48 53 1 1)
(29 56 58 1 1)
(29 77 70 1 0)
(30 70 66 1/2 0)
(123/4 72 67 1/4 0)
(31 46 52 1 1)
(31 53 56 1 1)
(31 61 61 1 1)
(31 73 68 1/2 0)
(63/2 75 69 1/2 0)
(32 46 52 1 1)
(32 53 56 1 1)
(32 61 61 1 1)
(32 77 70 1/2 0)
(65/2 73 68 1/2 0)
(33 73 68 1/3 0)
(100/3 75 69 1/3 0)
(101/3 73 68 1/3 0)
(34 41 49 1 1)
(34 48 53 1 1)
(34 56 58 1 1)
(34 72 67 1 0)
(35 41 49 1 1)
(35 48 53 1 1)
(35 56 58 1 1)
(35 68 65 1 0)
(36 65 63 1/2 0)
(147/4 67 64 1/4 0)
(37 41 49 1 1)
(37 48 53 1 1)
(37 56 58 1 1)
(37 68 65 1/2 0)
(75/2 70 66 1/2 0)
(38 41 49 1 1)
(38 48 53 1 1)
(38 56 58 1 1)
(38 72 67 1/2 0)
(77/2 68 65 1/2 0)
(39 67 64 1/3 0)
(118/3 68 65 1/3 0)
(119/3 67 64 1/3 0)
(40 41 49 1 1)
(40 48 53 1 1)
(40 56 58 1 1)
(40 65 63 1 0)
(41 41 49 1 1)
(41 48 53 1 1)
(41 56 58 1 1)
(41 72 67 1 0)
(42 60 60 1/2 0)
(171/4 62 61 1/4 0)
(43 43 50 1 1)
(43 51 55 1 1)
(43 55 57 1 1)
(43 63 62 1/2 0)
(87/2 65 63 1/2 0)
(44 43 50 1 1)
(44 50 54 1 1)
(44 55 57 1 1)
(44 67 64 1/2 0)
(89/2 59 59 1/2 0)
(45 60 60 3/2 0)
(46 48 53 1 1)
(46 55 57 1 1)
(46 64 62 1 1)
(93/2 60 60 1/2 0)
(47 48 53 1 1)
(47 58 59 1 1)
(47 61 61 1/2 0)
(47 64 62 1 1)
(191/4 60 60 1/4 0)
(48 65 63 1/2 0)
(195/4 67 64 1/4 0)
(49 41 49 1 1)
(49 48 53 1 1)
(49 56 58 1 1)
(49 68 65 1/2 0)
(99/2 70 66 1/2 0)
(50 41 49 1 1)
(50 48 53 1 1)
(50 56 58 1 1)
(50 72 67 1/2 0)
(101/2 68 65 1/2 0)
(51 67 64 1/3 0)
(154/3 68 65 1/3 0)
(155/3 67 64 1/3 0)
(52 41 49 1 1)
(52 48 53 1 1)
(52 56 58 1 1)
(52 65 63 1 0)
(53 41 49 1 1)
(53 48 53 1 1)
(53 56 58 1 1)
(53 77 70 1 0)
(54 70 66 1/2 0)
(219/4 72 67 1/4 0)
(55 46 52 1 1)
(55 53 56 1 1)
(55 61 61 1 1)
(55 73 68 1/2 0)
(111/2 75 69 1/2 0)
(56 46 52 1 1)
(56 53 56 1 1)
(56 61 61 1 1)
(56 77 70 1/2 0)
(113/2 73 68 1/2 0)
(57 73 68 1/3 0)
(172/3 75 69 1/3 0)
(173/3 73 68 1/3 0)
(58 41 49 1 1)
(58 48 53 1 1)
(58 56 58 1 1)
(58 72 67 1 0)
(59 41 49 1 1)
(59 48 53 1 1)
(59 56 58 1 1)
(59 68 65 1 0)
(60 65 63 1/2 0)
(243/4 67 64 1/4 0)
(61 41 49 1 1)
(61 48 53 1 1)
(61 56 58 1 1)
(61 68 65 1/2 0)
(123/2 70 66 1/2 0)
(62 41 49 1 1)
(62 48 53 1 1)
(62 56 58 1 1)
(62 72 67 1/2 0)
(125/2 68 65 1/2 0)
(63 67 64 1/3 0)
(190/3 68 65 1/3 0)
(191/3 67 64 1/3 0)
(64 41 49 1 1)
(64 48 53 1 1)
(64 56 58 1 1)
(64 65 63 1 0)
(65 41 49 1 1)
(65 48 53 1 1)
(65 56 58 1 1)
(65 72 67 1 0)
(66 60 60 1/2 0)
(267/4 62 61 1/4 0)
(67 43 50 1 1)
(67 51 55 1 1)
(67 55 57 1 1)
(67 63 62 1/2 0)
(135/2 65 63 1/2 0)
(68 43 50 1 1)
(68 50 54 1 1)
(68 55 57 1 1)
(68 67 64 1/2 0)
(137/2 59 59 1/2 0)
(69 60 60 2 0)
(70 48 53 3 1)
(71 72 67 1 0)
(72 70 66 1/2 0)
(145/2 68 65 1/2 0)
(73 60 60 1 1)
(73 67 64 1 0)
(74 60 60 1 1)
(74 67 64 1/2 0)
(149/2 68 65 1/2 0)
(75 53 56 1 1)
(75 56 58 1 1)
(75 60 60 1 1)
(75 65 63 1/2 0)
(151/2 67 64 1/2 0)
(76 53 56 1 1)
(76 56 58 1 1)
(76 60 60 1 1)
(76 68 65 1 0)
(77 53 56 1 1)
(77 56 58 1 1)
(77 60 60 1 1)
(77 68 65 1/2 0)
(155/2 72 67 1/2 0)
(78 53 56 1 1)
(78 55 57 1 1)
(78 60 60 1 1)
(78 70 66 1/2 0)
(157/2 68 65 1/2 0)
(79 53 56 1 1)
(79 58 59 1 1)
(79 60 60 1 1)
(79 67 64 1/2 0)
(159/2 65 63 1/2 0)
(80 53 56 1 1)
(80 58 59 1 1)
(80 60 60 1 1)
(80 67 64 1/2 0)
(161/2 68 65 1/2 0)
(81 53 56 1 1)
(81 56 58 1 1)
(81 60 60 1 1)
(81 65 63 1/2 0)
(327/4 67 64 1/4 0)
(82 53 56 1 1)
(82 56 58 1 1)
(82 60 60 1 1)
(82 68 65 1/2 0)
(165/2 70 66 1/2 0)
(83 53 56 1 1)
(83 56 58 1 1)
(83 58 59 1 1)
(83 72 67 1/2 0)
(167/2 73 68 1/2 0)
(84 39 48 1 1)
(84 77 70 3/4 0)
(339/4 75 69 1/4 0)
(85 51 55 1 1)
(85 55 57 1 1)
(85 61 61 1 1)
(85 73 68 1 0)
(86 51 55 1 1)
(86 55 57 1 1)
(86 61 61 1 1)
(86 72 67 1/2 0)
(173/2 70 66 1/2 0)
(87 44 51 1 1)
(87 68 65 1/2 0)
(175/2 70 66 1/2 0)
(88 51 55 1 1)
(88 56 58 1 1)
(88 60 60 1 1)
(88 72 67 1 0)
(89 51 55 1 1)
(89 56 58 1 1)
(89 60 60 1 1)
(89 72 67 1/2 0)
(179/2 73 68 1/2 0)
(90 39 48 1 1)
(90 77 70 1/2 0)
(363/4 75 69 1/4 0)
(91 51 55 1 1)
(91 55 57 1 1)
(91 61 61 1 1)
(91 73 68 1 0)
(92 51 55 1 1)
(92 55 57 1 1)
(92 61 61 1 1)
(92 72 67 1/2 0)
(185/2 70 66 1/2 0)
(93 44 51 1 1)
(93 68 65 1/2 0)
(187/2 70 66 1/2 0)
(94 51 55 1/2 1)
(94 56 58 1 1)
(94 60 60 1 1)
(94 72 67 2 0)
(189/2 52 55 1/2 1)
(95 53 56 1 1)
(95 56 58 1 1)
(95 60 60 1 1)
(96 53 56 1 1)
(96 55 57 1 1)
(96 60 60 1 1)
(96 70 66 1/2 0)
(193/2 68 65 1/2 0)
(97 53 56 1 1)
(97 58 59 1 1)
(97 60 60 1 1)
(97 67 64 1 0)
(98 53 56 1 1)
(98 58 59 1 1)
(98 60 60 1 1)
(98 67 64 1/2 0)
(197/2 68 65 1/2 0)
(99 53 56 1 1)
(99 56 58 1 1)
(99 60 60 1 1)
(99 65 63 1/2 0)
(199/2 67 64 1/2 0)
(100 53 56 1 1)
(100 56 58 1 1)
(100 60 60 1 1)
(100 68 65 1 0)
(101 53 56 1 1)
(101 56 58 1 1)
(101 60 60 1 1)
(101 68 65 1/2 0)
(203/2 72 67 1/2 0)
(102 53 56 1 1)
(102 55 57 1 1)
(102 60 60 1 1)
(102 70 66 1/2 0)
(205/2 68 65 1/2 0)
(103 53 56 1 1)
(103 58 59 1 1)
(103 60 60 1 1)
(103 67 64 1/2 0)
(207/2 65 63 1/2 0)
(104 53 56 1 1)
(104 58 59 1 1)
(104 60 60 1 1)
(104 67 64 1/2 0)
(209/2 68 65 1/2 0)
(105 53 56 1 1)
(105 56 58 1 1)
(105 60 60 1 1)
(105 65 63 1/2 0)
(423/4 67 64 1/4 0)
(106 53 56 1 1)
(106 56 58 1 1)
(106 60 60 1 1)
(106 68 65 1/2 0)
(213/2 70 66 1/2 0)
(107 53 56 1 1)
(107 56 58 1 1)
(107 58 59 1 1)
(107 72 67 1/2 0)
(215/2 73 68 1/2 0)
(108 39 48 1 1)
(108 77 70 3/4 0)
(435/4 75 69 1/4 0)
(109 51 55 1 1)
(109 55 57 1 1)
(109 61 61 1 1)
(109 73 68 1 0)
(110 51 55 1 1)
(110 55 57 1 1)
(110 61 61 1 1)
(110 72 67 1/2 0)
(221/2 70 66 1/2 0)
(111 44 51 1 1)
(111 68 65 1/2 0)
(223/2 70 66 1/2 0)
(112 51 55 1 1)
(112 56 58 1 1)
(112 60 60 1 1)
(112 72 67 1 0)
(113 51 55 1 1)
(113 56 58 1 1)
(113 60 60 1 1)
(113 72 67 1/2 0)
(227/2 73 68 1/2 0)
(114 39 48 1 1)
(114 77 70 1/2 0)
(459/4 75 69 1/4 0)
(115 51 55 1 1)
(115 55 57 1 1)
(115 61 61 1 1)
(115 73 68 1 0)
(116 51 55 1 1)
(116 55 57 1 1)
(116 61 61 1 1)
(116 72 67 1/2 0)
(233/2 70 66 1/2 0)
(117 44 51 1 1)
(117 68 65 1/2 0)
(471/4 70 66 1/4 0)
(118 51 55 1 1)
(118 60 60 1 1)
(118 72 67 1 0)
(119 44 51 1 1)
(119 68 65 1/2 0)
(239/2 72 67 1/2 0)
(120 44 51 3 1)
(120 51 55 1 1)
(120 56 58 1 1)
(120 60 60 1 1)
(120 66 64 3/4 0)
(120 68 65 3/4 0)
(120 75 69 3/4 0)
(483/4 66 64 1/4 0)
(483/4 68 65 1/4 0)
(483/4 75 69 1/4 0)
(121 51 55 1 1)
(121 56 58 1 1)
(121 60 60 1 1)
(121 66 64 1 0)
(121 68 65 1 0)
(121 77 70 1 0)
(122 51 55 1 1)
(122 56 58 1 1)
(122 60 60 1 1)
(122 66 64 1 0)
(122 68 65 1 0)
(122 75 69 1 0)
(123 49 54 1 1)
(123 56 58 1 1)
(123 61 61 1 1)
(123 65 63 1/2 0)
(123 68 65 1/2 0)
(123 73 68 1/2 0)
(495/4 65 63 1/4 0)
(495/4 68 65 1/4 0)
(495/4 77 70 1/4 0)
(124 49 54 2 1)
(124 56 58 2 1)
(124 65 63 2 1)
(124 68 65 2 0)
(124 73 68 2 0)
(124 80 72 2 0)
(126 54 57 1/2 1)
(126 58 59 1/2 1)
(126 61 61 1/2 1)
(126 66 64 1/2 0)
(126 70 66 1/2 0)
(507/4 54 57 1/4 1)
(507/4 58 59 1/4 1)
(507/4 61 61 5/4 1)
(507/4 66 64 1/4 0)
(507/4 72 67 1/4 0)
(127 49 54 1 1)
(127 56 58 1 1)
(127 65 63 2 0)
(127 73 68 1 0)
(128 37 47 1 1)
(128 68 65 1 0)
(129 54 57 1/2 1)
(129 58 59 1/2 1)
(129 61 61 1/2 1)
(129 66 64 1/2 0)
(129 70 66 1/2 0)
(519/4 54 57 1/4 1)
(519/4 58 59 1/4 1)
(519/4 61 61 5/4 1)
(519/4 66 64 1/4 0)
(519/4 72 67 1/4 0)
(130 49 54 1 1)
(130 56 58 1 1)
(130 65 63 2 0)
(130 73 68 1 0)
(131 37 47 1 1)
(131 68 65 1 0)
(132 44 51 1 1)
(132 51 55 1 1)
(132 60 60 1 1)
(132 66 64 1/2 0)
(132 68 65 1/2 0)
(132 75 69 1/2 0)
(531/4 66 64 1/4 0)
(531/4 68 65 1/4 0)
(531/4 75 69 1/4 0)
(133 44 51 2 1)
(133 51 55 1 1)
(133 56 58 1 1)
(133 60 60 1 1)
(133 66 64 1 0)
(133 68 65 1 0)
(133 77 70 1 0)
(134 51 55 1 1)
(134 56 58 1 1)
(134 60 60 1 1)
(134 66 64 1 0)
(134 68 65 1 0)
(134 75 69 1 0)
(135 49 54 1 1)
(135 56 58 1 1)
(135 61 61 1 1)
(135 65 63 1/2 0)
(135 68 65 1/2 0)
(135 73 68 1/2 0)
(543/4 65 63 1/4 0)
(543/4 68 65 1/4 0)
(543/4 77 70 1/4 0)
(136 49 54 2 1)
(136 56 58 2 1)
(136 65 63 2 1)
(136 68 65 2 0)
(136 73 68 2 0)
(136 80 72 2 0)
(138 39 48 1 1)
(138 51 55 1/2 1)
(138 63 62 1/2 0)
(138 67 64 1/2 0)
(138 72 67 1/2 0)
(555/4 51 55 5/4 1)
(555/4 61 61 1/4 0)
(555/4 67 64 1/4 0)
(555/4 70 66 1/4 0)
(139 44 51 2 1)
(139 63 62 2 0)
(139 72 67 1 0)
(140 51 55 3/2 1)
(140 60 60 1 0)
(140 68 65 1 0)
(141 39 48 1 1)
(141 63 62 1/2 0)
(141 67 64 1/2 0)
(141 72 67 1/2 0)
(567/4 51 55 5/4 1)
(567/4 61 61 1/4 0)
(567/4 67 64 1/4 0)
(567/4 70 66 1/4 0)
(142 44 51 2 1)
(142 63 62 2 0)
(142 72 67 1 0)
(143 51 55 1 1)
(143 60 60 1 0)
(143 68 65 1 0)
(144 44 51 1 1)
(144 51 55 1 1)
(144 60 60 1 1)
(144 66 64 3/4 0)
(144 68 65 3/4 0)
(144 75 69 3/4 0)
(579/4 66 64 1/4 0)
(579/4 68 65 1/4 0)
(579/4 75 69 1/4 0)
(145 44 51 2 1)
(145 51 55 1 1)
(145 56 58 1 1)
(145 60 60 1 1)
(145 66 64 1 0)
(145 68 65 1 0)
(145 77 70 1 0)
(146 51 55 1 1)
(146 56 58 1 1)
(146 60 60 1 1)
(146 66 64 1 0)
(146 68 65 1 0)
(146 75 69 1 0)
(147 49 54 1 1)
(147 56 58 1 1)
(147 61 61 1 1)
(147 65 63 1/2 0)
(147 68 65 1/2 0)
(147 73 68 1/2 0)
(591/4 65 63 1/4 0)
(591/4 68 65 1/4 0)
(591/4 77 70 1/4 0)
(148 49 54 2 1)
(148 56 58 2 1)
(148 65 63 2 1)
(148 68 65 2 0)
(148 73 68 2 0)
(148 80 72 2 0)
(150 54 57 1/2 1)
(150 58 59 1/2 1)
(150 61 61 1/2 1)
(150 66 64 1/2 0)
(150 70 66 1/2 0)
(603/4 54 57 1/4 1)
(603/4 58 59 1/4 1)
(603/4 61 61 5/4 1)
(603/4 66 64 1/4 0)
(603/4 72 67 1/4 0)
(151 49 54 1 1)
(151 56 58 1 1)
(151 65 63 2 0)
(151 73 68 1 0)
(152 37 47 1 1)
(152 68 65 1 0)
(153 54 57 1/2 1)
(153 58 59 1/2 1)
(153 61 61 1/2 1)
(153 66 64 1/2 0)
(153 70 66 1/2 0)
(615/4 54 57 1/4 1)
(615/4 58 59 1/4 1)
(615/4 61 61 5/4 1)
(615/4 66 64 1/4 0)
(615/4 72 67 1/4 0)
(154 49 54 1 1)
(154 56 58 1 1)
(154 65 63 2 0)
(154 73 68 1 0)
(155 37 47 1 1)
(155 68 65 1 0)
(156 44 51 3 1)
(156 51 55 1 1)
(156 60 60 1 1)
(156 66 64 3/4 0)
(156 68 65 3/4 0)
(156 75 69 3/4 0)
(627/4 66 64 1/4 0)
(627/4 68 65 1/4 0)
(627/4 75 69 1/4 0)
(157 51 55 1 1)
(157 56 58 1 1)
(157 60 60 1 1)
(157 66 64 1 0)
(157 68 65 1 0)
(157 77 70 1 0)
(158 51 55 1 1)
(158 56 58 1 1)
(158 60 60 1 1)
(158 66 64 1 0)
(158 68 65 1 0)
(158 75 69 1 0)
(159 49 54 1 1)
(159 56 58 1 1)
(159 61 61 1 1)
(159 65 63 1/2 0)
(159 68 65 1/2 0)
(159 73 68 1/2 0)
(639/4 65 63 1/4 0)
(639/4 68 65 1/4 0)
(639/4 77 70 1/4 0)
(160 49 54 2 1)
(160 56 58 2 1)
(160 65 63 2 1)
(160 68 65 2 0)
(160 73 68 2 0)
(160 80 72 2 0)
(162 39 48 1 1)
(162 51 55 1/2 1)
(162 63 62 1/2 0)
(162 67 64 1/2 0)
(162 72 67 1/2 0)
(651/4 51 55 5/4 1)
(651/4 61 61 1/4 0)
(651/4 67 64 1/4 0)
(651/4 70 66 1/4 0)
(163 44 51 2 1)
(163 63 62 2 0)
(163 72 67 1 0)
(164 51 55 3/2 1)
(164 60 60 1 0)
(164 68 65 1 0)
(165 39 48 1 1)
(165 63 62 1/2 0)
(165 67 64 1/2 0)
(165 72 67 1/2 0)
(663/4 51 55 5/4 1)
(663/4 61 61 1/4 0)
(663/4 67 64 1/4 0)
(663/4 70 66 1/4 0)
(166 44 51 1 1)
(166 63 62 2 0)
(166 72 67 1 0)
(167 56 58 1/2 1)
(167 60 60 1 0)
(167 68 65 1 0)
(335/2 54 57 1/2 1)
(168 53 56 3/2 1)
(168 62 61 1 0)
(168 68 65 1 0)
(168 70 66 1 0)
(169 62 61 1 0)
(169 68 65 1 0)
(169 70 66 1 0)
(339/2 46 52 1/2 1)
(170 48 53 1/2 1)
(170 65 63 1 0)
(170 68 65 1 0)
(170 70 66 1 0)
(341/2 50 54 1/2 1)
(171 51 55 1/2 1)
(171 63 62 1 0)
(171 66 64 1 0)
(171 70 66 1 0)
(343/2 53 56 1/2 1)
(172 54 57 3/2 1)
(172 63 62 1 0)
(172 70 66 1 0)
(173 63 62 1 0)
(173 70 66 1 0)
(347/2 56 58 1/2 1)
(174 53 56 3/4 1)
(174 62 61 1 0)
(174 68 65 1 0)
(174 70 66 1 0)
(699/4 52 55 1/4 1)
(175 53 56 1 1)
(175 62 61 1 0)
(175 68 65 1 0)
(175 70 66 1 0)
(176 46 52 1 1)
(176 62 61 1 0)
(176 68 65 1 0)
(176 70 66 1 0)
(177 51 55 3/4 1)
(177 63 62 1 0)
(177 66 64 1 0)
(177 70 66 1 0)
(711/4 53 56 1/4 1)
(178 54 57 7/2 1)
(178 63 62 1 0)
(178 70 66 1 0)
(179 61 61 1 0)
(179 63 62 1 0)
(179 69 66 1 0)
(180 60 60 1 0)
(180 63 62 1 0)
(180 68 65 1 0)
(181 60 60 1 0)
(181 63 62 1 0)
(181 68 65 1 0)
(363/2 44 51 1/2 1)
(182 46 52 1/2 1)
(182 63 62 1 0)
(182 66 64 1 0)
(182 68 65 1 0)
(365/2 48 53 1/2 1)
(183 49 54 1/2 1)
(183 61 61 1 0)
(183 65 63 1 0)
(183 68 65 1 0)
(367/2 51 55 1/2 1)
(184 53 56 1 1)
(184 61 61 1 0)
(184 68 65 1 0)
(185 54 57 1/2 1)
(185 61 61 1 0)
(185 68 65 1 0)
(371/2 53 56 1/2 1)
(186 51 55 3/4 1)
(186 60 60 1 0)
(186 66 64 1 0)
(186 68 65 1 0)
(747/4 50 54 1/4 1)
(187 51 55 1 1)
(187 60 60 1 0)
(187 66 64 1 0)
(187 68 65 1 0)
(188 44 51 1 1)
(188 60 60 1 0)
(188 66 64 1 0)
(188 68 65 1 0)
(189 53 56 1/2 1)
(189 61 61 1 0)
(189 65 63 1 0)
(189 68 65 1 0)
(379/2 51 55 1/2 1)
(190 49 54 1 1)
(190 61 61 1 0)
(190 65 63 1 0)
(190 68 65 1 0)
(191 48 53 1/2 1)
(191 63 62 1 0)
(191 65 63 1 0)
(191 69 65 1 0)
(383/2 47 53 1/2 1)
(192 46 52 3/2 1)
(192 63 62 1 0)
(192 65 63 1 0)
(192 70 66 1 0)
(193 62 61 1 0)
(193 65 63 1 0)
(193 70 66 1 0)
(387/2 46 52 1/2 1)
(194 48 53 1/2 1)
(194 65 63 1 0)
(194 68 65 1 0)
(194 70 66 1 0)
(389/2 50 54 1/2 1)
(195 51 55 1/2 1)
(195 65 63 1 0)
(195 66 64 1 0)
(195 70 66 1 0)
(391/2 53 56 1/2 1)
(196 54 57 1 1)
(196 63 62 1 0)
(196 66 64 1 0)
(196 70 66 1 0)
(197 56 58 1/2 1)
(197 63 62 1 0)
(197 70 66 1 0)
(395/2 54 57 1/2 1)
(198 53 56 3/4 1)
(198 63 62 1 0)
(198 68 65 1 0)
(198 70 66 1 0)
(795/4 52 55 1/4 1)
(199 53 56 1 1)
(199 62 61 1 0)
(199 68 65 1 0)
(199 70 66 1 0)
(200 46 52 1 1)
(200 62 61 1 0)
(200 68 65 1 0)
(200 70 66 1 0)
(201 51 55 3/4 1)
(201 63 62 1 0)
(201 66 64 1 0)
(201 70 66 1 0)
(807/4 53 56 1/4 1)
(202 54 57 7/2 1)
(202 63 62 1 0)
(202 70 66 1 0)
(203 61 61 1 0)
(203 63 62 1 0)
(203 69 66 1 0)
(204 61 61 1 0)
(204 63 62 1 0)
(204 68 65 1 0)
(205 60 60 1 0)
(205 63 62 1 0)
(205 68 65 1 0)
(411/2 44 51 1/2 1)
(206 46 52 1/2 1)
(206 63 62 1 0)
(206 66 64 1 0)
(206 68 65 1 0)
(413/2 48 53 1/2 1)
(207 49 54 1/2 1)
(207 63 62 1 0)
(207 65 63 1 0)
(207 68 65 1 0)
(415/2 51 55 1/2 1)
(208 53 56 1 1)
(208 61 61 1 0)
(208 65 63 1 0)
(208 68 65 1 0)
(209 54 57 1/2 1)
(209 61 61 1 0)
(209 68 65 1 0)
(419/2 53 56 1/2 1)
(210 51 55 3/4 1)
(210 61 61 1 0)
(210 66 64 1 0)
(210 68 65 1 0)
(843/4 50 54 1/4 1)
(211 51 55 1 1)
(211 60 60 1 0)
(211 66 64 1 0)
(211 68 65 1 0)
(212 44 51 1 1)
(212 60 60 1 0)
(212 66 64 1 0)
(212 68 65 1 0)
(213 53 56 1/2 1)
(213 61 61 1 0)
(213 65 63 1 0)
(213 68 65 1 0)
(427/2 51 55 1/2 1)
(214 49 54 2 1)
(214 61 61 1 0)
(214 65 63 1 0)
(214 68 65 1 0)
(215 61 61 1 0)
(215 65 63 1 0)
(215 68 65 1 0)
(216 41 49 1/2 1)
(216 61 61 1 0)
(216 65 63 1 0)
(216 68 65 1 0)
(433/2 39 48 1/2 1)
(217 37 47 5 1)
(217 61 61 1 0)
(217 65 63 1 0)
(217 68 65 1 0)
(218 61 61 1 0)
(218 65 63 1 0)
(218 68 65 1 0)
(219 56 58 1 0)
(219 64 63 1 0)
(219 68 65 1 0)
(220 56 58 1 0)
(220 64 63 1 0)
(220 68 65 1 0)
(221 56 58 1 0)
(221 64 63 1 0)
(221 68 65 1 0)
(222 36 46 6 1)
(222 56 58 1 0)
(222 64 62 1 0)
(222 68 65 1 0)
(223 56 58 1 0)
(223 64 62 1 0)
(223 68 65 1 0)
(224 56 58 1 0)
(224 64 62 1 0)
(224 68 65 1 0)
(225 48 53 7 1)
(225 55 57 1 0)
(225 64 62 1 0)
(225 67 64 1 0)
(226 55 57 1 0)
(226 64 62 1 0)
(226 67 64 1 0)
(227 55 57 1 0)
(227 64 62 1 0)
(227 67 64 1 0)
(228 41 49 1/2 1)
(228 55 57 3 0)
(228 60 60 3 0)
(457/2 40 48 1/2 1)
(229 36 46 2 1)
(231 41 49 7/2 1)
(231 56 58 3 0)
(231 65 63 3 0)
(232 49 54 1 1)
(233 47 52 1 1)
(234 48 53 4 1)
(234 55 57 3 0)
(234 60 60 3 0)
(469/2 40 48 1/2 1)
(235 36 46 2 1)
(237 41 49 7/2 1)
(237 56 58 3 0)
(237 65 63 3 0)
(238 49 54 1 1)
(239 47 52 1 1)
(240 48 53 6 1)
(240 55 57 6 0)
(240 60 60 6 0)
(481/2 40 48 1/2 1)
(241 36 46 2 1)
(243 41 49 1 1)
(244 41 49 1/2 1)
(489/2 40 48 1/2 1)
(245 36 46 1 1)
(246 41 49 1/2 1)
(246 48 53 6 1)
(246 55 57 3 0)
(246 60 60 3 0)
(493/2 40 48 1/2 1)
(247 36 46 1 1)
(248 36 46 1 1)
(249 41 49 1/2 1)
(499/2 40 48 1/2 1)
(250 41 49 1/2 1)
(501/2 40 48 1/2 1)
(251 36 46 1/2 1)
(503/2 36 46 1/2 1)
(252 41 49 1 1)
(252 65 63 1/2 0)
(1011/4 67 64 1/4 0)
(253 41 49 1 1)
(253 48 53 1 1)
(253 56 58 1 1)
(253 68 65 1/2 0)
(507/2 70 66 1/2 0)
(254 41 49 1 1)
(254 48 53 1 1)
(254 56 58 1 1)
(254 72 67 1/2 0)
(509/2 68 65 1/2 0)
(255 67 64 1/3 0)
(766/3 68 65 1/3 0)
(767/3 67 64 1/3 0)
(256 41 49 1 1)
(256 48 53 1 1)
(256 56 58 1 1)
(256 65 63 1 0)
(257 41 49 1 1)
(257 48 53 1 1)
(257 56 58 1 1)
(257 77 70 1 0)
(258 70 66 1/2 0)
(1035/4 72 67 1/4 0)
(259 46 52 1 1)
(259 53 56 1 1)
(259 61 61 1 1)
(259 73 68 1/2 0)
(519/2 75 69 1/2 0)
(260 46 52 1 1)
(260 53 56 1 1)
(260 61 61 1 1)
(260 77 70 1/2 0)
(521/2 73 68 1/2 0)
(261 73 68 1/3 0)
(784/3 75 69 1/3 0)
(785/3 73 68 1/3 0)
(262 41 49 1 1)
(262 48 53 1 1)
(262 56 58 1 1)
(262 72 67 1 0)
(263 41 49 1 1)
(263 48 53 1 1)
(263 56 58 1 1)
(263 68 65 1 0)
(264 65 63 1/2 0)
(1059/4 67 64 1/4 0)
(265 41 49 1 1)
(265 48 53 1 1)
(265 56 58 1 1)
(265 68 65 1/2 0)
(531/2 70 66 1/2 0)
(266 41 49 1 1)
(266 48 53 1 1)
(266 56 58 1 1)
(266 72 67 1/2 0)
(533/2 68 65 1/2 0)
(267 67 64 1/3 0)
(802/3 68 65 1/3 0)
(803/3 67 64 1/3 0)
(268 41 49 1 1)
(268 48 53 1 1)
(268 56 58 1 1)
(268 65 63 1 0)
(269 41 49 1 1)
(269 48 53 1 1)
(269 56 58 1 1)
(269 72 67 1 0)
(270 60 60 1/2 0)
(1083/4 62 61 1/4 0)
(271 43 50 1 1)
(271 51 55 1 1)
(271 55 57 1 1)
(271 63 62 1/2 0)
(543/2 65 63 1/2 0)
(272 43 50 1 1)
(272 50 54 1 1)
(272 55 57 1 1)
(272 67 64 1/2 0)
(545/2 59 59 1/2 0)
(273 60 60 3/2 0)
(274 48 53 1 1)
(274 55 57 1 1)
(274 64 62 1 1)
(549/2 60 60 1/2 0)
(275 48 53 1 1)
(275 58 59 1 1)
(275 61 61 1/2 0)
(275 64 62 1 1)
(1103/4 60 60 1/4 0)
(276 65 63 1/2 0)
(1107/4 67 64 1/4 0)
(277 41 49 1 1)
(277 48 53 1 1)
(277 56 58 1 1)
(277 68 65 1/2 0)
(555/2 70 66 1/2 0)
(278 41 49 1 1)
(278 48 53 1 1)
(278 56 58 1 1)
(278 72 67 1/2 0)
(557/2 68 65 1/2 0)
(279 67 64 1/3 0)
(838/3 68 65 1/3 0)
(839/3 67 64 1/3 0)
(280 41 49 1 1)
(280 48 53 1 1)
(280 56 58 1 1)
(280 65 63 1 0)
(281 41 49 1 1)
(281 48 53 1 1)
(281 56 58 1 1)
(281 77 70 1 0)
(282 70 66 1/2 0)
(1131/4 72 67 1/4 0)
(283 46 52 1 1)
(283 53 56 1 1)
(283 61 61 1 1)
(283 73 68 1/2 0)
(567/2 75 69 1/2 0)
(284 46 52 1 1)
(284 53 56 1 1)
(284 61 61 1 1)
(284 77 70 1/2 0)
(569/2 73 68 1/2 0)
(285 73 68 1/3 0)
(856/3 75 69 1/3 0)
(857/3 73 68 1/3 0)
(286 41 49 1 1)
(286 48 53 1 1)
(286 56 58 1 1)
(286 72 67 1 0)
(287 41 49 1 1)
(287 48 53 1 1)
(287 56 58 1 1)
(287 68 65 1 0)
(288 65 63 1/2 0)
(577/2 67 64 1/2 0)
(289 41 49 1 1)
(289 48 53 1 1)
(289 56 58 1 1)
(289 68 65 1/2 0)
(579/2 70 66 1/2 0)
(290 41 49 1 1)
(290 48 53 1 1)
(290 56 58 1 1)
(290 72 67 1/2 0)
(581/2 68 65 1/2 0)
(291 67 64 1/3 0)
(874/3 68 65 1/3 0)
(875/3 67 64 1/3 0)
(292 41 49 1 1)
(292 48 53 1 1)
(292 56 58 1 1)
(292 65 63 1 0)
(293 41 49 1 1)
(293 48 53 1 1)
(293 56 58 1 1)
(293 72 67 1 0)
(294 60 60 1/2 0)
(1179/4 64 62 1/4 0)
(295 41 49 1 1)
(295 48 53 1 1)
(295 55 57 1 1)
(295 67 64 1/2 0)
(591/2 70 66 1/2 0)
(296 41 49 1 1)
(296 48 53 1 1)
(296 55 57 1 1)
(296 73 68 3/4 0)
(1187/4 72 67 1/4 0)
(297 68 65 1/3 0)
(892/3 70 66 1/3 0)
(893/3 68 65 1/3 0)
(298 41 49 1 1)
(298 48 53 1 1)
(298 56 58 1 1)
(298 65 63 1/2 0)
(299 41 49 1 1)
(299 48 53 1 1)
(299 56 58 1 1)
(299 77 70 1 0)
(300 60 60 1/2 0)
(1203/4 64 62 1/4 0)
(301 41 49 1 1)
(301 48 53 1 1)
(301 55 57 1 1)
(301 67 64 1/2 0)
(603/2 70 66 1/2 0)
(302 41 49 1 1)
(302 48 53 1 1)
(302 55 57 1 1)
(302 73 68 3/4 0)
(1211/4 72 67 1/4 0)
(303 68 65 1/3 0)
(910/3 70 66 1/3 0)
(911/3 68 65 1/3 0)
(304 41 49 1 1)
(304 48 53 1 1)
(304 56 58 1 1)
(304 65 63 1/2 0)
(305 41 49 1 1)
(305 48 53 1 1)
(305 56 58 1 1)
(305 80 72 1 0)
(306 60 60 1/2 0)
(1227/4 64 62 1/4 0)
(307 41 49 1 1)
(307 48 53 1 1)
(307 55 57 1 1)
(307 67 64 1/2 0)
(615/2 70 66 1/2 0)
(308 41 49 1 1)
(308 48 53 1 1)
(308 55 57 1 1)
(308 73 68 3/4 0)
(1235/4 72 67 1/4 0)
(309 68 65 1/3 0)
(928/3 70 66 1/3 0)
(929/3 68 65 1/3 0)
(310 41 49 1 1)
(310 48 53 1 1)
(310 56 58 1 1)
(310 65 63 1 0)
(311 49 54 1 1)
(311 58 59 1 1)
(311 77 70 1 0)
(312 41 49 2 1)
(312 48 53 2 1)
(312 56 58 2 1)
(312 89 77 1 0)
(313 101 84 1 0)
