(-1 76 69 1 0)
(0 77 70 3/4 0)
(3/4 76 69 1/4 0)
(1 57 58 1 1)
(1 62 61 1 1)
(1 65 63 1 1)
(1 74 68 1 0)
(2 57 58 1 1)
(2 62 61 1 1)
(2 65 63 1 1)
(2 77 70 1 0)
(3 77 70 2 0)
(4 57 58 1 1)
(4 60 60 1 1)
(4 65 63 1 1)
(5 57 58 1 1)
(5 60 60 1 1)
(5 64 62 1 1)
(5 76 69 1 0)
(6 74 68 1/6 0)
(37/6 76 69 1/6 0)
(19/3 74 68 1/6 0)
(13/2 73 67 1/2 0)
(7 52 55 1 1)
(7 56 57 1 1)
(7 62 61 1 1)
(7 74 68 1/2 0)
(15/2 75 68 1/2 0)
(8 52 55 1 1)
(8 56 57 1 1)
(8 62 61 1 1)
(8 76 69 1/2 0)
(17/2 71 66 1/2 0)
(9 74 68 2 0)
(10 45 51 1 1)
(11 52 55 1 1)
(11 60 60 1 1)
(11 72 67 1 0)
(12 69 65 1/3 0)
(37/3 71 66 1/3 0)
(38/3 69 65 1/3 0)
(13 52 55 1 1)
(13 60 60 1 1)
(13 68 64 1 0)
(14 45 51 1 1)
(14 69 65 1 0)
(15 71 66 1 0)
(16 52 55 1 1)
(16 55 57 1 1)
(16 59 59 1 1)
(16 76 69 2 0)
(17 47 52 1 1)
(18 71 66 1/2 0)
(37/2 67 64 1/2 0)
(19 47 52 1 1)
(19 55 57 1 1)
(19 59 59 1 1)
(19 64 62 1/2 0)
(39/2 71 66 1/2 0)
(20 47 52 1 1)
(20 54 56 1 1)
(20 59 59 1 1)
(20 63 61 1 0)
(21 52 55 1 1)
(21 55 57 1 1)
(21 59 59 1 1)
(21 64 62 2 0)
(22 40 48 1 1)
(23 76 69 1 0)
(24 77 70 3/4 0)
(99/4 76 69 1/4 0)
(25 57 58 1 1)
(25 62 61 1 1)
(25 65 63 1 1)
(25 74 68 1 0)
(26 57 58 1 1)
(26 62 61 1 1)
(26 65 63 1 1)
(26 77 70 1 0)
(27 77 70 2 0)
(28 57 58 1 1)
(28 60 60 1 1)
(28 65 63 1 1)
(29 57 58 1 1)
(29 60 60 1 1)
(29 64 62 1 1)
(29 76 69 1 0)
(30 74 68 1/6 0)
(181/6 76 69 1/6 0)
(91/3 74 68 1/6 0)
(61/2 73 67 1/2 0)
(31 52 55 1 1)
(31 56 57 1 1)
(31 62 61 1 1)
(31 74 68 1/2 0)
(63/2 75 68 1/2 0)
(32 52 55 1 1)
(32 56 57 1 1)
(32 62 61 1 1)
(32 76 69 1/2 0)
(65/2 71 66 1/2 0)
(33 74 68 2 0)
(34 53 56 1 1)
(34 57 58 1 1)
(34 62 61 1 1)
(35 53 56 1 1)
(35 57 58 1 1)
(35 60 60 1 1)
(35 72 67 1 0)
(36 69 65 1/3 0)
(109/3 70 66 1/3 0)
(110/3 69 65 1/3 0)
(37 53 56 1 1)
(37 60 60 1 1)
(37 63 62 1 1)
(37 67 64 1 0)
(38 53 56 1 1)
(38 60 60 1 1)
(38 63 62 1 1)
(38 69 65 1 0)
(39 58 59 2 1)
(39 62 61 1 0)
(39 70 66 1 0)
(40 65 63 1 0)
(40 74 68 1 0)
(42 69 65 3/4 0)
(171/4 68 64 1/4 0)
(43 52 55 1 1)
(43 59 59 2 1)
(43 62 61 1 0)
(43 64 62 1 0)
(44 52 55 1 1)
(44 62 61 1 0)
(44 68 64 1 0)
(45 45 51 1 1)
(45 52 55 1 1)
(45 60 60 1 0)
(45 69 65 2 0)
(46 33 44 1 1)
(47 76 69 1 0)
(48 77 70 3/4 0)
(195/4 76 69 1/4 0)
(49 57 58 1 1)
(49 62 61 1 1)
(49 65 63 1 1)
(49 74 68 1 0)
(50 57 58 1 1)
(50 62 61 1 1)
(50 65 63 1 1)
(50 77 70 1 0)
(51 77 70 2 0)
(52 57 58 1 1)
(52 60 60 1 1)
(52 65 63 1 1)
(53 57 58 1 1)
(53 60 60 1 1)
(53 64 62 1 1)
(53 76 69 1 0)
(54 74 68 1/6 0)
(325/6 76 69 1/6 0)
(163/3 74 68 1/6 0)
(109/2 73 67 1/2 0)
(55 52 55 1 1)
(55 56 57 1 1)
(55 62 61 1 1)
(55 74 68 1/2 0)
(111/2 75 68 1/2 0)
(56 52 55 1 1)
(56 56 57 1 1)
(56 62 61 1 1)
(56 76 69 1/2 0)
(113/2 71 66 1/2 0)
(57 74 68 2 0)
(58 45 51 1 1)
(59 52 55 1 1)
(59 60 60 1 1)
(59 72 67 1 0)
(60 69 65 1/3 0)
(181/3 71 66 1/3 0)
(182/3 69 65 1/3 0)
(61 52 55 1 1)
(61 60 60 1 1)
(61 68 64 1 0)
(62 45 51 1 1)
(62 69 65 1 0)
(63 71 66 1 0)
(64 52 55 1 1)
(64 55 57 1 1)
(64 59 59 1 1)
(64 76 69 2 0)
(65 47 52 1 1)
(66 71 66 1/2 0)
(133/2 67 64 1/2 0)
(67 47 52 1 1)
(67 55 57 1 1)
(67 59 59 1 1)
(67 64 62 1/2 0)
(135/2 71 66 1/2 0)
(68 47 52 1 1)
(68 54 56 1 1)
(68 59 59 1 1)
(68 63 61 1 0)
(69 52 55 1 1)
(69 55 57 1 1)
(69 59 59 1 1)
(69 64 62 2 0)
(70 40 48 1 1)
(71 76 69 1 0)
(72 77 70 3/4 0)
(291/4 76 69 1/4 0)
(73 57 58 1 1)
(73 62 61 1 1)
(73 65 63 1 1)
(73 74 68 1 0)
(74 57 58 1 1)
(74 62 61 1 1)
(74 65 63 1 1)
(74 77 70 1 0)
(75 77 70 2 0)
(76 57 58 1 1)
(76 60 60 1 1)
(76 65 63 1 1)
(77 57 58 1 1)
(77 60 60 1 1)
(77 64 62 1 1)
(77 76 69 1 0)
(78 74 68 1/6 0)
(469/6 76 69 1/6 0)
(235/3 74 68 1/6 0)
(157/2 73 67 1/2 0)
(79 52 55 1 1)
(79 56 57 1 1)
(79 62 61 1 1)
(79 74 68 1/2 0)
(159/2 75 68 1/2 0)
(80 52 55 1 1)
(80 56 57 1 1)
(80 62 61 1 1)
(80 76 69 1/2 0)
(161/2 71 66 1/2 0)
(81 74 68 2 0)
(82 53 56 1 1)
(82 57 58 1 1)
(82 62 61 1 1)
(83 53 56 1 1)
(83 57 58 1 1)
(83 60 60 1 1)
(83 72 67 1 0)
(84 69 65 1/3 0)
(253/3 70 66 1/3 0)
(254/3 69 65 1/3 0)
(85 53 56 1 1)
(85 60 60 1 1)
(85 63 62 1 1)
(85 67 64 1 0)
(86 53 56 1 1)
(86 60 60 1 1)
(86 63 62 1 1)
(86 69 65 1 0)
(87 58 59 2 1)
(87 62 61 1 0)
(87 70 66 1 0)
(88 65 63 1 0)
(88 74 68 1 0)
(90 69 65 3/4 0)
(363/4 68 64 1/4 0)
(91 52 55 1 1)
(91 59 59 2 1)
(91 62 61 1 0)
(91 64 62 1 0)
(92 52 55 1 1)
(92 62 61 1 0)
(92 68 64 1 0)
(93 45 51 1 1)
(93 52 55 1 1)
(93 60 60 1 0)
(93 69 65 2 0)
(94 33 44 1 1)
(95 71 66 1 0)
(96 72 67 1/2 0)
(193/2 74 68 1/2 0)
(97 56 58 1 1)
(97 60 60 1 1)
(97 66 63 1 1)
(97 75 69 1 0)
(98 56 58 1 1)
(98 60 60 1 1)
(98 66 63 1 1)
(98 75 69 3/4 0)
(395/4 77 70 1/4 0)
(99 75 69 2 0)
(100 55 57 1 1)
(100 60 60 1 1)
(100 66 63 1 1)
(101 55 57 1 1)
(101 59 59 1 1)
(101 67 64 1 1)
(101 74 68 1 0)
(102 72 67 1/2 0)
(205/2 74 68 1/2 0)
(103 56 58 1 1)
(103 60 60 1 1)
(103 66 63 1 1)
(103 75 69 1 0)
(104 56 58 1 1)
(104 60 60 1 1)
(104 66 63 1 1)
(104 75 69 3/4 0)
(419/4 77 70 1/4 0)
(105 75 69 2 0)
(106 56 58 1 1)
(106 59 60 1 1)
(106 65 63 1 1)
(107 56 58 1 1)
(107 58 59 1 1)
(107 65 63 1 1)
(107 74 68 1 0)
(108 82 73 2 0)
(109 55 57 1 1)
(109 58 59 1 1)
(109 65 63 1 1)
(110 55 57 1 1)
(110 58 59 1 1)
(110 64 62 1 1)
(110 73 67 1 0)
(111 81 72 2 0)
(112 55 57 1 1)
(112 57 58 1 1)
(112 64 62 1 1)
(113 54 56 1 1)
(113 57 58 1 1)
(113 63 62 1 1)
(113 72 67 1 0)
(114 80 72 2 0)
(115 53 56 1 1)
(115 56 58 1 1)
(115 63 62 1 1)
(116 53 56 1 1)
(116 56 58 1 1)
(116 62 61 1 1)
(116 71 66 1 0)
(117 79 71 3/2 0)
(118 52 55 1 1)
(118 55 57 1 1)
(118 62 61 1 1)
(237/2 70 66 1/2 0)
(119 52 55 1 1)
(119 55 57 1 1)
(119 61 60 1 1)
(119 69 65 1/2 0)
(239/2 76 69 1/2 0)
(120 50 54 1 1)
(120 53 56 1 1)
(120 62 61 1 1)
(120 77 70 1/2 0)
(241/2 76 69 1/2 0)
(121 57 58 1 1)
(121 62 61 1 1)
(121 65 63 1 1)
(121 74 68 1 0)
(122 57 58 1 1)
(122 62 61 1 1)
(122 65 63 1 1)
(122 77 70 1 0)
(123 77 70 2 0)
(124 57 58 1 1)
(124 60 60 1 1)
(124 65 63 1 1)
(125 57 58 1 1)
(125 60 60 1 1)
(125 64 62 1 1)
(125 76 69 1 0)
(126 74 68 1/6 0)
(757/6 76 69 1/6 0)
(379/3 74 68 1/6 0)
(253/2 73 67 1/2 0)
(127 52 55 1 1)
(127 56 57 1 1)
(127 62 61 1 1)
(127 74 68 1/2 0)
(255/2 75 68 1/2 0)
(128 52 55 1 1)
(128 56 57 1 1)
(128 62 61 1 1)
(128 76 69 1/2 0)
(257/2 71 66 1/2 0)
(129 74 68 2 0)
(130 53 56 1 1)
(130 57 58 1 1)
(130 62 61 1 1)
(131 53 56 1 1)
(131 57 58 1 1)
(131 60 60 1 1)
(131 72 67 1 0)
(132 69 65 1/3 0)
(397/3 70 66 1/3 0)
(398/3 69 65 1/3 0)
(133 53 56 1 1)
(133 60 60 1 1)
(133 63 62 1 1)
(133 67 64 1 0)
(134 53 56 1 1)
(134 60 60 1 1)
(134 63 62 1 1)
(134 69 65 1 0)
(135 58 59 2 1)
(135 62 61 1 0)
(135 70 66 1 0)
(136 65 63 1 0)
(136 74 68 1 0)
(138 69 65 3/4 0)
(555/4 68 64 1/4 0)
(139 52 55 1 1)
(139 59 59 1 1)
(139 62 61 1 0)
(139 64 62 1 0)
(140 52 55 1 1)
(140 59 59 1 1)
(140 62 61 1 0)
(140 68 64 1 0)
(141 45 51 1 1)
(141 52 55 1 1)
(141 60 60 1 0)
(141 69 65 2 0)
(142 33 44 1 1)
(143 71 66 1 0)
(144 72 67 1/2 0)
(289/2 74 68 1/2 0)
(145 56 58 1 1)
(145 60 60 1 1)
(145 66 63 1 1)
(145 75 69 1 0)
(146 56 58 1 1)
(146 60 60 1 1)
(146 66 63 1 1)
(146 75 69 3/4 0)
(587/4 77 70 1/4 0)
(147 75 69 2 0)
(148 55 57 1 1)
(148 60 60 1 1)
(148 66 63 1 1)
(149 55 57 1 1)
(149 59 59 1 1)
(149 67 64 1 1)
(149 74 68 1 0)
(150 72 67 1/2 0)
(301/2 74 68 1/2 0)
(151 56 58 1 1)
(151 60 60 1 1)
(151 66 63 1 1)
(151 75 69 1 0)
(152 56 58 1 1)
(152 60 60 1 1)
(152 66 63 1 1)
(152 75 69 3/4 0)
(611/4 77 70 1/4 0)
(153 75 69 2 0)
(154 56 58 1 1)
(154 59 60 1 1)
(154 65 63 1 1)
(155 56 58 1 1)
(155 58 59 1 1)
(155 65 63 1 1)
(155 74 68 1 0)
(156 82 73 2 0)
(157 55 57 1 1)
(157 58 59 1 1)
(157 65 63 1 1)
(158 55 57 1 1)
(158 58 59 1 1)
(158 64 62 1 1)
(158 73 67 1 0)
(159 81 72 2 0)
(160 55 57 1 1)
(160 57 58 1 1)
(160 64 62 1 1)
(161 54 56 1 1)
(161 57 58 1 1)
(161 63 62 1 1)
(161 72 67 1 0)
(162 80 72 2 0)
(163 53 56 1 1)
(163 56 58 1 1)
(163 63 62 1 1)
(164 53 56 1 1)
(164 56 58 1 1)
(164 62 61 1 1)
(164 71 66 1 0)
(165 79 71 3/2 0)
(166 52 55 1 1)
(166 55 57 1 1)
(166 62 61 1 1)
(333/2 70 66 1/2 0)
(167 52 55 1 1)
(167 55 57 1 1)
(167 61 60 1 1)
(167 69 65 1/2 0)
(335/2 76 69 1/2 0)
(168 50 54 1 1)
(168 53 56 1 1)
(168 62 61 1 1)
(168 77 70 1/2 0)
(337/2 76 69 1/2 0)
(169 57 58 1 1)
(169 62 61 1 1)
(169 65 63 1 1)
(169 74 68 1 0)
(170 57 58 1 1)
(170 62 61 1 1)
(170 65 63 1 1)
(170 77 70 1 0)
(171 77 70 2 0)
(172 57 58 1 1)
(172 60 60 1 1)
(172 65 63 1 1)
(173 57 58 1 1)
(173 60 60 1 1)
(173 64 62 1 1)
(173 76 69 1 0)
(174 74 68 1/6 0)
(1045/6 76 69 1/6 0)
(523/3 74 68 1/6 0)
(349/2 73 67 1/2 0)
(175 52 55 1 1)
(175 56 57 1 1)
(175 62 61 1 1)
(175 74 68 1/2 0)
(351/2 75 68 1/2 0)
(176 52 55 1 1)
(176 56 57 1 1)
(176 62 61 1 1)
(176 76 69 1/2 0)
(353/2 71 66 1/2 0)
(177 74 68 2 0)
(178 53 56 1 1)
(178 57 58 1 1)
(178 62 61 1 1)
(179 53 56 1 1)
(179 57 58 1 1)
(179 60 60 1 1)
(179 72 67 1 0)
(180 69 65 1/3 0)
(541/3 70 66 1/3 0)
(542/3 69 65 1/3 0)
(181 53 56 1 1)
(181 60 60 1 1)
(181 63 62 1 1)
(181 67 64 1 0)
(182 53 56 1 1)
(182 60 60 1 1)
(182 63 62 1 1)
(182 69 65 1 0)
(183 58 59 2 1)
(183 62 61 1 0)
(183 70 66 1 0)
(184 65 63 1 0)
(184 74 68 1 0)
(186 69 65 3/4 0)
(747/4 68 64 1/4 0)
(187 52 55 1 1)
(187 59 59 1 1)
(187 62 61 1 0)
(187 64 62 1 0)
(188 52 55 1 1)
(188 59 59 1 1)
(188 62 61 1 0)
(188 68 64 1 0)
(189 69 65 3 0)
(190 45 51 1 1)
(190 57 58 1 1)
(190 61 60 1 0)
(190 64 62 1 0)
(191 45 51 2 1)
(191 57 58 2 1)
(191 61 60 1 0)
(191 64 62 1 0)
(192 67 64 1 0)
(192 73 67 1/2 0)
(771/4 73 67 1/4 0)
(193 50 54 1 1)
(193 66 63 1 0)
(193 74 68 1 0)
(194 38 47 1 1)
(194 65 63 1 0)
(194 71 66 1 0)
(195 40 48 1 1)
(195 62 61 1 0)
(195 68 64 3/4 0)
(783/4 64 62 1/4 0)
(196 45 51 1 1)
(196 61 60 3/2 0)
(196 69 65 3/2 0)
(197 52 55 1 1)
(395/2 68 64 1/2 0)
(395/2 71 66 1/2 0)
(198 57 58 1 1)
(198 67 64 1 0)
(198 73 67 3/4 0)
(795/4 76 69 1/4 0)
(199 50 54 1 1)
(199 66 63 1 0)
(199 74 68 1 0)
(200 38 47 1 1)
(200 65 63 1 0)
(200 71 66 1 0)
(201 40 48 1 1)
(201 62 61 1 0)
(201 68 64 1/3 0)
(604/3 66 63 1/3 0)
(605/3 64 62 1/3 0)
(202 45 51 1 1)
(202 61 60 3/2 0)
(202 69 65 3/2 0)
(203 52 55 1 1)
(407/2 68 64 1/2 0)
(407/2 71 66 1/2 0)
(204 57 58 1 1)
(204 67 64 1/3 0)
(204 73 67 1/3 0)
(613/3 67 64 1/3 0)
(613/3 73 67 1/3 0)
(614/3 67 64 1/3 0)
(614/3 73 67 1/3 0)
(205 50 54 1 1)
(205 66 63 1 0)
(205 74 68 1 0)
(206 38 47 1 1)
(206 65 63 1 0)
(206 71 66 1 0)
(207 40 48 1 1)
(207 62 61 1/3 0)
(207 68 64 1/3 0)
(622/3 62 61 1/3 0)
(622/3 66 63 1/3 0)
(623/3 62 61 1/3 0)
(623/3 64 62 1/3 0)
(208 45 51 1 1)
(208 61 60 3/2 0)
(208 69 65 3/2 0)
(209 52 55 1 1)
(419/2 68 64 1/2 0)
(419/2 71 66 1/2 0)
(210 57 58 1 1)
(210 67 64 1/3 0)
(210 73 67 1/3 0)
(631/3 67 64 1/3 0)
(631/3 74 68 1/3 0)
(632/3 67 64 1/3 0)
(632/3 76 69 1/3 0)
(211 50 54 1 1)
(211 66 63 1 0)
(211 74 68 1 0)
(212 38 47 1 1)
(212 65 63 1 0)
(212 71 66 1 0)
(213 40 48 1 1)
(213 62 61 1/3 0)
(213 68 64 1/3 0)
(640/3 62 61 1/3 0)
(640/3 66 63 1/3 0)
(641/3 62 61 1/3 0)
(641/3 64 62 1/3 0)
(214 45 51 1 1)
(214 61 60 2 0)
(214 69 65 2 0)
(215 57 58 1 1)
(216 54 56 3 1)
(216 61 60 1/2 1)
(216 69 65 1/2 0)
(216 73 67 1/2 0)
(867/4 61 60 1/4 1)
(867/4 69 65 1/4 0)
(867/4 73 67 1/4 0)
(217 62 61 1 1)
(217 71 66 1 0)
(217 74 68 1 0)
(218 59 59 1 1)
(218 68 64 1 0)
(218 71 66 1 0)
(219 54 56 3 1)
(219 61 60 1/3 1)
(219 69 65 1/3 0)
(219 73 67 1/3 0)
(658/3 59 59 1/3 1)
(658/3 68 64 1/3 0)
(658/3 71 66 1/3 0)
(659/3 57 58 1/3 1)
(659/3 66 63 1/3 0)
(659/3 69 65 1/3 0)
(220 62 61 1 1)
(220 71 66 1 0)
(220 74 68 1 0)
(221 59 59 1 1)
(221 68 64 1 0)
(221 71 66 1 0)
(222 54 56 3 1)
(222 61 60 1/2 1)
(222 69 65 1/2 0)
(222 73 67 1/2 0)
(891/4 61 60 1/4 1)
(891/4 69 65 1/4 0)
(891/4 73 67 1/4 0)
(223 62 61 1 1)
(223 71 66 1 0)
(223 74 68 1 0)
(224 59 59 1 1)
(224 68 64 1 0)
(224 71 66 1 0)
(225 54 56 1 1)
(225 61 60 1/3 1)
(225 69 65 1/3 0)
(225 73 67 1/3 0)
(676/3 59 59 1/3 1)
(676/3 68 64 1/3 0)
(676/3 71 66 1/3 0)
(677/3 57 58 1/3 1)
(677/3 66 63 1/3 0)
(677/3 69 65 1/3 0)
(226 42 49 1 1)
(226 54 56 1 1)
(226 78 70 1 0)
(226 90 77 1 0)
(227 42 49 1 1)
(227 54 56 1 1)
(227 78 70 1 0)
(227 90 77 1 0)
(228 54 56 3 1)
(228 61 60 1/2 1)
(228 69 65 1/2 0)
(228 73 67 1/2 0)
(915/4 61 60 1/4 1)
(915/4 69 65 1/4 0)
(915/4 73 67 1/4 0)
(229 62 61 1 1)
(229 71 66 1 0)
(229 74 68 1 0)
(230 59 59 1 1)
(230 68 64 1 0)
(230 71 66 1 0)
(231 54 56 4 1)
(231 61 60 1/3 1)
(231 69 65 1/3 0)
(231 73 67 1/3 0)
(694/3 59 59 1/3 1)
(694/3 68 64 1/3 0)
(694/3 71 66 1/3 0)
(695/3 57 58 1/3 1)
(695/3 66 63 1/3 0)
(695/3 69 65 1/3 0)
(232 62 61 1 1)
(232 71 66 1 0)
(232 74 68 1 0)
(233 59 59 1 1)
(233 68 64 1 0)
(233 71 66 1 0)
(234 61 60 1/2 1)
(234 69 65 1 0)
(234 73 67 1/2 0)
(469/2 59 59 1/2 1)
(469/2 75 68 1/2 0)
(235 52 55 3 1)
(235 59 59 2 1)
(235 68 64 2 0)
(235 76 69 2 0)
(237 61 60 1/2 1)
(237 69 65 1 0)
(237 73 67 1/2 0)
(475/2 59 59 5/2 1)
(475/2 75 68 1/2 0)
(238 52 55 2 1)
(238 68 64 2 0)
(238 76 69 3/2 0)
(479/2 74 68 1/2 0)
(240 57 58 1 1)
(240 67 64 1 0)
(240 73 67 1/2 0)
(963/4 73 67 1/4 0)
(241 50 54 1 1)
(241 66 63 1 0)
(241 74 68 1 0)
(242 38 47 1 1)
(242 65 63 1 0)
(242 71 66 1 0)
(243 40 48 1 1)
(243 62 61 1 0)
(243 68 64 3/4 0)
(975/4 64 62 1/4 0)
(244 45 51 1 1)
(244 61 60 3/2 0)
(244 69 65 3/2 0)
(245 52 55 1 1)
(491/2 68 64 1/2 0)
(491/2 71 66 1/2 0)
(246 57 58 1 1)
(246 67 64 1 0)
(246 73 67 3/4 0)
(987/4 76 69 1/4 0)
(247 50 54 1 1)
(247 66 63 1 0)
(247 74 68 1 0)
(248 38 47 1 1)
(248 65 63 1 0)
(248 71 66 1 0)
(249 40 48 1 1)
(249 62 61 1 0)
(249 68 64 1/3 0)
(748/3 66 63 1/3 0)
(749/3 64 62 1/3 0)
(250 45 51 1 1)
(250 61 60 3/2 0)
(250 69 65 3/2 0)
(251 52 55 1 1)
(503/2 68 64 1/2 0)
(503/2 71 66 1/2 0)
(252 57 58 1 1)
(252 67 64 1/3 0)
(252 73 67 1/3 0)
(757/3 67 64 1/3 0)
(757/3 73 67 1/3 0)
(758/3 67 64 1/3 0)
(758/3 73 67 1/3 0)
(253 50 54 1 1)
(253 66 63 1 0)
(253 74 68 1 0)
(254 38 47 1 1)
(254 65 63 1 0)
(254 71 66 1 0)
(255 40 48 1 1)
(255 62 61 1/3 0)
(255 68 64 1/3 0)
(766/3 62 61 1/3 0)
(766/3 66 63 1/3 0)
(767/3 62 61 1/3 0)
(767/3 64 62 1/3 0)
(256 45 51 1 1)
(256 61 60 3/2 0)
(256 69 65 3/2 0)
(257 52 55 1 1)
(515/2 68 64 1/2 0)
(515/2 71 66 1/2 0)
(258 57 58 1 1)
(258 67 64 1/3 0)
(258 73 67 1/3 0)
(775/3 67 64 1/3 0)
(775/3 74 68 1/3 0)
(776/3 67 64 1/3 0)
(776/3 76 69 1/3 0)
(259 50 54 1 1)
(259 66 63 1 0)
(259 74 68 1 0)
(260 38 47 1 1)
(260 65 63 1 0)
(260 71 66 1 0)
(261 40 48 1 1)
(261 62 61 1/3 0)
(261 68 64 1/3 0)
(784/3 62 61 1/3 0)
(784/3 66 63 1/3 0)
(785/3 62 61 1/3 0)
(785/3 64 62 1/3 0)
(262 45 51 1 1)
(262 61 60 2 0)
(262 69 65 2 0)
(263 57 58 1 1)
(264 54 56 3 1)
(264 61 60 1/2 1)
(264 69 65 1/2 0)
(264 73 67 1/2 0)
(1059/4 61 60 1/4 1)
(1059/4 69 65 1/4 0)
(1059/4 73 67 1/4 0)
(265 62 61 1 1)
(265 71 66 1 0)
(265 74 68 1 0)
(266 59 59 1 1)
(266 68 64 1 0)
(266 71 66 1 0)
(267 54 56 3 1)
(267 61 60 1/3 1)
(267 69 65 1/3 0)
(267 73 67 1/3 0)
(802/3 59 59 1/3 1)
(802/3 68 64 1/3 0)
(802/3 71 66 1/3 0)
(803/3 57 58 1/3 1)
(803/3 66 63 1/3 0)
(803/3 69 65 1/3 0)
(268 62 61 1 1)
(268 71 66 1 0)
(268 74 68 1 0)
(269 59 59 1 1)
(269 68 64 1 0)
(269 71 66 1 0)
(270 54 56 3 1)
(270 61 60 1/2 1)
(270 69 65 1/2 0)
(270 73 67 1/2 0)
(1083/4 61 60 1/4 1)
(1083/4 69 65 1/4 0)
(1083/4 73 67 1/4 0)
(271 62 61 1 1)
(271 71 66 1 0)
(271 74 68 1 0)
(272 59 59 1 1)
(272 68 64 1 0)
(272 71 66 1 0)
(273 54 56 1 1)
(273 61 60 1/3 1)
(273 69 65 1/3 0)
(273 73 67 1/3 0)
(820/3 59 59 1/3 1)
(820/3 68 64 1/3 0)
(820/3 71 66 1/3 0)
(821/3 57 58 1/3 1)
(821/3 66 63 1/3 0)
(821/3 69 65 1/3 0)
(274 42 49 1 1)
(274 54 56 1 1)
(274 78 70 1 0)
(274 90 77 1 0)
(275 42 49 1 1)
(275 54 56 1 1)
(275 78 70 1 0)
(275 90 77 1 0)
(276 54 56 3 1)
(276 61 60 1/2 1)
(276 69 65 1/2 0)
(276 73 67 1/2 0)
(1107/4 61 60 1/4 1)
(1107/4 69 65 1/4 0)
(1107/4 73 67 1/4 0)
(277 62 61 1 1)
(277 71 66 1 0)
(277 74 68 1 0)
(278 59 59 1 1)
(278 68 64 1 0)
(278 71 66 1 0)
(279 54 56 4 1)
(279 61 60 1/3 1)
(279 69 65 1/3 0)
(279 73 67 1/3 0)
(838/3 59 59 1/3 1)
(838/3 68 64 1/3 0)
(838/3 71 66 1/3 0)
(839/3 57 58 1/3 1)
(839/3 66 63 1/3 0)
(839/3 69 65 1/3 0)
(280 62 61 1 1)
(280 71 66 1 0)
(280 74 68 1 0)
(281 59 59 1 1)
(281 68 64 1 0)
(281 71 66 1 0)
(282 61 60 1/2 1)
(282 69 65 1 0)
(282 73 67 1/2 0)
(565/2 59 59 1/2 1)
(565/2 75 68 1/2 0)
(283 52 55 3 1)
(283 59 59 2 1)
(283 68 64 2 0)
(283 76 69 2 0)
(285 61 60 1/2 1)
(285 69 65 1 0)
(285 73 67 1/2 0)
(571/2 59 59 5/2 1)
(571/2 75 68 1/2 0)
(286 52 55 2 1)
(286 68 64 2 0)
(286 76 69 3/2 0)
(575/2 74 68 1/2 0)
(288 57 58 1 1)
(288 67 64 1 0)
(288 73 67 1/2 0)
(1155/4 73 67 1/4 0)
(289 50 54 1 1)
(289 66 63 1 0)
(289 74 68 1 0)
(290 38 47 1 1)
(290 65 63 1 0)
(290 71 66 1 0)
(291 40 48 1 1)
(291 62 61 1 0)
(291 68 64 3/4 0)
(1167/4 64 62 1/4 0)
(292 45 51 1 1)
(292 61 60 3/2 0)
(292 69 65 3/2 0)
(293 52 55 1 1)
(587/2 68 64 1/2 0)
(587/2 71 66 1/2 0)
(294 57 58 1 1)
(294 67 64 1 0)
(294 73 67 3/4 0)
(1179/4 76 69 1/4 0)
(295 50 54 1 1)
(295 66 63 1 0)
(295 74 68 1 0)
(296 38 47 1 1)
(296 65 63 1 0)
(296 71 66 1 0)
(297 40 48 1 1)
(297 62 61 1 0)
(297 68 64 1/3 0)
(892/3 66 63 1/3 0)
(893/3 64 62 1/3 0)
(298 45 51 1 1)
(298 61 60 3/2 0)
(298 69 65 3/2 0)
(299 52 55 1 1)
(599/2 68 64 1/2 0)
(599/2 71 66 1/2 0)
(300 57 58 1 1)
(300 67 64 1/3 0)
(300 73 67 1/3 0)
(901/3 67 64 1/3 0)
(901/3 73 67 1/3 0)
(902/3 67 64 1/3 0)
(902/3 73 67 1/3 0)
(301 50 54 1 1)
(301 66 63 1 0)
(301 74 68 1 0)
(302 38 47 1 1)
(302 65 63 1 0)
(302 71 66 1 0)
(303 40 48 1 1)
(303 62 61 1/3 0)
(303 68 64 1/3 0)
(910/3 62 61 1/3 0)
(910/3 66 63 1/3 0)
(911/3 62 61 1/3 0)
(911/3 64 62 1/3 0)
(304 45 51 1 1)
(304 61 60 3/2 0)
(304 69 65 3/2 0)
(305 52 55 1 1)
(611/2 68 64 1/2 0)
(611/2 71 66 1/2 0)
(306 57 58 1 1)
(306 67 64 1/3 0)
(306 73 67 1/3 0)
(919/3 67 64 1/3 0)
(919/3 74 68 1/3 0)
(920/3 67 64 1/3 0)
(920/3 76 69 1/3 0)
(307 50 54 1 1)
(307 66 63 1 0)
(307 74 68 1 0)
(308 38 47 1 1)
(308 65 63 1 0)
(308 71 66 1 0)
(309 40 48 1 1)
(309 62 61 1/3 0)
(309 68 64 1/3 0)
(928/3 62 61 1/3 0)
(928/3 66 63 1/3 0)
(929/3 62 61 1/3 0)
(929/3 64 62 1/3 0)
(310 33 44 1 1)
(310 45 51 1 1)
(310 61 60 1 0)
(310 69 65 1 0)
(311 76 69 1 0)
(312 77 70 3/4 0)
(1251/4 76 69 1/4 0)
(313 57 58 1 1)
(313 62 61 1 1)
(313 65 63 1 1)
(313 74 68 1 0)
(314 57 58 1 1)
(314 62 61 1 1)
(314 65 63 1 1)
(314 77 70 1 0)
(315 77 70 2 0)
(316 57 58 1 1)
(316 60 60 1 1)
(316 65 63 1 1)
(317 57 58 1 1)
(317 60 60 1 1)
(317 64 62 1 1)
(317 76 69 1 0)
(318 74 68 1/6 0)
(1909/6 76 69 1/6 0)
(955/3 74 68 1/6 0)
(637/2 73 67 1/2 0)
(319 52 55 1 1)
(319 56 57 1 1)
(319 62 61 1 1)
(319 74 68 1/2 0)
(639/2 75 68 1/2 0)
(320 52 55 1 1)
(320 56 57 1 1)
(320 62 61 1 1)
(320 76 69 1/2 0)
(641/2 71 66 1/2 0)
(321 74 68 2 0)
(322 45 51 1 1)
(323 52 55 1 1)
(323 60 60 1 1)
(323 72 67 1 0)
(324 69 65 1/3 0)
(973/3 71 66 1/3 0)
(974/3 69 65 1/3 0)
(325 52 55 1 1)
(325 60 60 1 1)
(325 68 64 1 0)
(326 45 51 1 1)
(326 69 65 1 0)
(327 71 66 1 0)
(328 52 55 1 1)
(328 55 57 1 1)
(328 59 59 1 1)
(328 76 69 2 0)
(329 47 52 1 1)
(330 71 66 1/2 0)
(661/2 67 64 1/2 0)
(331 47 52 1 1)
(331 55 57 1 1)
(331 59 59 1 1)
(331 64 62 1/2 0)
(663/2 71 66 1/2 0)
(332 47 52 1 1)
(332 54 56 1 1)
(332 59 59 1 1)
(332 63 61 1 0)
(333 52 55 1 1)
(333 55 57 1 1)
(333 59 59 1 1)
(333 64 62 2 0)
(334 40 48 1 1)
(335 76 69 1 0)
(336 77 70 3/4 0)
(1347/4 76 69 1/4 0)
(337 57 58 1 1)
(337 62 61 1 1)
(337 65 63 1 1)
(337 74 68 1 0)
(338 57 58 1 1)
(338 62 61 1 1)
(338 65 63 1 1)
(338 77 70 1 0)
(339 77 70 2 0)
(340 57 58 1 1)
(340 60 60 1 1)
(340 65 63 1 1)
(341 57 58 1 1)
(341 60 60 1 1)
(341 64 62 1 1)
(341 76 69 1 0)
(342 74 68 1/6 0)
(2053/6 76 69 1/6 0)
(1027/3 74 68 1/6 0)
(685/2 73 67 1/2 0)
(343 52 55 1 1)
(343 56 57 1 1)
(343 62 61 1 1)
(343 74 68 1/2 0)
(687/2 75 68 1/2 0)
(344 52 55 1 1)
(344 56 57 1 1)
(344 62 61 1 1)
(344 76 69 1/2 0)
(689/2 71 66 1/2 0)
(345 74 68 2 0)
(346 53 56 1 1)
(346 57 58 1 1)
(346 62 61 1 1)
(347 53 56 1 1)
(347 57 58 1 1)
(347 60 60 1 1)
(347 72 67 1 0)
(348 69 65 1/3 0)
(1045/3 70 66 1/3 0)
(1046/3 69 65 1/3 0)
(349 53 56 1 1)
(349 60 60 1 1)
(349 63 62 1 1)
(349 67 64 1 0)
(350 53 56 1 1)
(350 60 60 1 1)
(350 63 62 1 1)
(350 69 65 1 0)
(351 58 59 2 1)
(351 62 61 1 0)
(351 70 66 1 0)
(352 65 63 1 0)
(352 74 68 1 0)
(354 69 65 3/4 0)
(1419/4 68 64 1/4 0)
(355 52 55 1 1)
(355 59 59 2 1)
(355 62 61 1 0)
(355 64 62 1 0)
(356 52 55 1 1)
(356 62 61 1 0)
(356 68 64 1 0)
(357 45 51 1 1)
(357 52 55 1 1)
(357 60 60 1 0)
(357 69 65 2 0)
(358 33 44 1 1)
