(-1/2 63 62 1/2 0)
(0 56 58 1 1)
(0 60 60 1 1)
(0 63 62 1 1)
(0 68 65 1/3 0)
(1/3 70 66 1/3 0)
(2/3 68 65 1/3 0)
(1 56 58 1 1)
(1 61 61 1 1)
(1 64 63 1 1)
(1 67 64 1/2 0)
(3/2 68 65 1/2 0)
(2 56 58 1 1)
(2 61 61 1 1)
(2 64 63 1 1)
(2 70 66 1/2 0)
(5/2 72 67 1/2 0)
(3 55 57 1 1)
(3 58 59 1 1)
(3 64 63 1 1)
(3 73 68 1/3 0)
(10/3 75 69 1/3 0)
(11/3 73 68 1/3 0)
(4 56 58 1 1)
(4 60 60 1 1)
(4 63 62 1 1)
(4 72 67 1/2 0)
(9/2 73 68 1/2 0)
(5 55 57 1 1)
(5 58 59 1 1)
(5 63 62 1 1)
(5 75 69 1 0)
(6 53 56 1/2 1)
(6 56 58 1/2 1)
(6 61 61 1/2 1)
(6 65 63 1/2 1)
(6 80 72 1/2 0)
(27/4 73 68 1/4 0)
(7 51 55 1 1)
(7 56 58 1 1)
(7 63 62 1 1)
(7 72 67 1/2 0)
(15/2 75 69 1/2 0)
(8 51 55 1 1)
(8 60 60 1 1)
(8 63 62 1 1)
(8 68 65 1/2 0)
(17/2 69 65 1/2 0)
(9 51 55 1 1)
(9 61 61 1 1)
(9 63 62 1 1)
(9 70 66 1/2 0)
(19/2 73 68 1/2 0)
(10 51 55 1 1)
(10 61 61 1 1)
(10 63 62 1 1)
(10 65 63 1/2 0)
(21/2 67 64 1/2 0)
(11 56 58 1 1)
(11 60 60 1 1)
(11 63 62 1 1)
(11 68 65 4/3 0)
(12 56 58 1 1)
(12 60 60 1 1)
(12 63 62 1 1)
(37/3 70 66 1/3 0)
(38/3 68 65 1/3 0)
(13 56 58 1 1)
(13 61 61 1 1)
(13 64 63 1 1)
(13 67 64 1/2 0)
(27/2 68 65 1/2 0)
(14 56 58 1 1)
(14 61 61 1 1)
(14 64 63 1 1)
(14 70 66 1/2 0)
(29/2 72 67 1/2 0)
(15 55 57 1 1)
(15 58 59 1 1)
(15 64 63 1 1)
(15 73 68 1/3 0)
(46/3 75 69 1/3 0)
(47/3 73 68 1/3 0)
(16 56 58 1 1)
(16 60 60 1 1)
(16 63 62 1 1)
(16 72 67 1/2 0)
(33/2 73 68 1/2 0)
(17 55 57 1 1)
(17 58 59 1 1)
(17 63 62 1 1)
(17 74 68 1/2 0)
(35/2 75 69 1/2 0)
(18 53 56 1/2 1)
(18 56 58 1/2 1)
(18 61 61 1/2 1)
(18 65 63 1/2 1)
(18 80 72 1/2 0)
(75/4 73 68 1/4 0)
(19 51 55 1 1)
(19 56 58 1 1)
(19 63 62 1 1)
(19 72 67 1/2 0)
(39/2 75 69 1/2 0)
(20 51 55 1 1)
(20 60 60 1 1)
(20 63 62 1 1)
(20 68 65 1/2 0)
(41/2 69 65 1/2 0)
(21 51 55 1 1)
(21 61 61 1 1)
(21 63 62 1 1)
(21 70 66 1/2 0)
(43/2 73 68 1/2 0)
(22 51 55 1 1)
(22 61 61 1 1)
(22 63 62 1 1)
(22 65 63 1/2 0)
(45/2 67 64 1/2 0)
(23 56 58 1 1)
(23 60 60 1 1)
(23 63 62 1 1)
(23 68 65 1/2 0)
(95/4 71 66 1/4 0)
(24 48 53 1 1)
(24 72 67 1 0)
(25 55 57 1 1)
(25 60 60 1 1)
(25 64 62 1 1)
(25 84 74 1/2 0)
(103/4 82 73 1/4 0)
(26 53 56 1 1)
(26 60 60 1 1)
(26 65 63 1 1)
(26 80 72 3/2 0)
(27 55 57 1 1)
(27 59 59 1 1)
(27 65 63 1 1)
(55/2 79 71 1/2 0)
(28 55 57 1 1)
(28 59 59 1 1)
(28 65 63 1 1)
(28 80 72 1/2 0)
(57/2 79 71 1/2 0)
(29 55 57 1 1)
(29 59 59 1 1)
(29 65 63 1 1)
(29 74 68 1 0)
(30 56 58 1 1)
(30 60 60 1 1)
(30 63 62 1 1)
(30 72 67 1/2 0)
(61/2 72 67 1/2 0)
(31 55 57 1 1)
(31 60 60 1 1)
(31 64 62 1 1)
(31 84 74 1/2 0)
(127/4 82 73 1/4 0)
(32 53 56 1 1)
(32 60 60 1 1)
(32 65 63 1 1)
(32 80 72 3/2 0)
(33 55 57 1 1)
(33 59 59 1 1)
(33 65 63 1 1)
(67/2 79 71 1/2 0)
(34 55 57 1 1)
(34 59 59 1 1)
(34 65 63 1 1)
(34 80 72 1/2 0)
(139/4 79 71 1/4 0)
(35 55 57 1 1)
(35 59 59 1 1)
(35 65 63 1 1)
(35 74 68 1 0)
(36 56 58 1 1)
(36 60 60 1 1)
(36 63 62 1 1)
(36 72 67 1 0)
(37 53 56 1 1)
(37 56 58 1 1)
(37 61 61 1 1)
(37 73 68 3/4 0)
(151/4 77 70 1/4 0)
(38 53 56 1 1)
(38 56 58 1 1)
(38 62 61 1 1)
(38 72 67 1 0)
(39 55 57 1 1)
(39 62 61 1 1)
(39 65 63 1 1)
(39 71 66 1/2 0)
(159/4 67 64 1/4 0)
(40 55 57 1 1)
(40 62 61 1 1)
(40 65 63 1 1)
(40 71 66 1/2 0)
(81/2 74 68 1/2 0)
(41 60 60 1 1)
(41 63 62 1 1)
(41 72 67 2 0)
(42 56 58 1 1)
(42 60 60 1 1)
(42 63 62 1 1)
(43 53 56 1 1)
(43 56 58 1 1)
(43 61 61 1 1)
(43 73 68 3/4 0)
(175/4 77 70 1/4 0)
(44 53 56 1 1)
(44 56 58 1 1)
(44 62 61 2 1)
(44 72 67 5/2 0)
(45 55 57 1 1)
(45 58 59 1 1)
(46 55 57 1 1)
(46 58 59 1 1)
(46 63 62 1 1)
(93/2 70 66 1/2 0)
(47 55 57 1 1)
(47 61 61 1 1)
(47 64 63 1 1)
(47 72 67 3/4 0)
(191/4 70 66 1/4 0)
(48 56 58 1 1)
(48 60 60 1 1)
(48 63 62 1 1)
(48 68 65 1/3 0)
(145/3 70 66 1/3 0)
(146/3 68 65 1/3 0)
(49 56 58 1 1)
(49 61 61 1 1)
(49 64 63 1 1)
(49 67 64 1/2 0)
(99/2 68 65 1/2 0)
(50 56 58 1 1)
(50 61 61 1 1)
(50 64 63 1 1)
(50 70 66 1/2 0)
(101/2 72 67 1/2 0)
(51 55 57 1 1)
(51 58 59 1 1)
(51 64 63 1 1)
(51 73 68 1/3 0)
(154/3 75 69 1/3 0)
(155/3 73 68 1/3 0)
(52 56 58 1 1)
(52 60 60 1 1)
(52 63 62 1 1)
(52 72 67 1/2 0)
(105/2 73 68 1/2 0)
(53 55 57 1 1)
(53 58 59 1 1)
(53 63 62 1 1)
(53 75 69 1 0)
(54 53 56 1/2 1)
(54 56 58 1/2 1)
(54 61 61 1/2 1)
(54 65 63 1/2 1)
(54 80 72 1/2 0)
(219/4 73 68 1/4 0)
(55 51 55 1 1)
(55 56 58 1 1)
(55 63 62 1 1)
(55 72 67 1/2 0)
(111/2 75 69 1/2 0)
(56 51 55 1 1)
(56 60 60 1 1)
(56 63 62 1 1)
(56 68 65 1/2 0)
(113/2 69 65 1/2 0)
(57 51 55 1 1)
(57 61 61 1 1)
(57 63 62 1 1)
(57 70 66 1/2 0)
(115/2 73 68 1/2 0)
(58 51 55 1 1)
(58 61 61 1 1)
(58 63 62 1 1)
(58 65 63 1/2 0)
(117/2 67 64 1/2 0)
(59 56 58 1 1)
(59 60 60 1 1)
(59 63 62 1 1)
(59 68 65 4/3 0)
(60 56 58 1 1)
(60 60 60 1 1)
(60 63 62 1 1)
(181/3 70 66 1/3 0)
(182/3 68 65 1/3 0)
(61 56 58 1 1)
(61 61 61 1 1)
(61 64 63 1 1)
(61 67 64 1/2 0)
(247/4 68 65 1/4 0)
(62 56 58 1 1)
(62 61 61 1 1)
(62 64 63 1 1)
(62 70 66 1/2 0)
(125/2 72 67 1/2 0)
(63 55 57 1 1)
(63 58 59 1 1)
(63 64 63 1 1)
(63 73 68 1/3 0)
(190/3 75 69 1/3 0)
(191/3 73 68 1/3 0)
(64 56 58 1 1)
(64 60 60 1 1)
(64 63 62 1 1)
(64 72 67 1/2 0)
(259/4 73 68 1/4 0)
(65 55 57 1 1)
(65 58 59 1 1)
(65 63 62 1 1)
(65 74 68 1/2 0)
(131/2 75 69 1/2 0)
(66 53 56 1/2 1)
(66 56 58 1/2 1)
(66 61 61 1/2 1)
(66 65 63 1/2 1)
(66 80 72 1/2 0)
(267/4 73 68 1/4 0)
(67 51 55 1 1)
(67 56 58 1 1)
(67 63 62 1 1)
(67 72 67 1/2 0)
(135/2 75 69 1/2 0)
(68 51 55 1 1)
(68 60 60 1 1)
(68 63 62 1 1)
(68 68 65 1/2 0)
(137/2 69 65 1/2 0)
(69 51 55 1 1)
(69 61 61 1 1)
(69 63 62 1 1)
(69 70 66 1/2 0)
(139/2 73 68 1/2 0)
(70 51 55 1 1)
(70 61 61 1 1)
(70 63 62 1 1)
(70 65 63 1/2 0)
(141/2 67 64 1/2 0)
(71 56 58 1 1)
(71 60 60 1 1)
(71 63 62 1 1)
(71 68 65 1 0)
(72 48 53 1 1)
(72 72 67 1 0)
(73 55 57 1 1)
(73 60 60 1 1)
(73 64 62 1 1)
(73 84 74 1/2 0)
(295/4 82 73 1/4 0)
(74 53 56 1 1)
(74 60 60 1 1)
(74 65 63 1 1)
(74 80 72 3/2 0)
(75 55 57 1 1)
(75 59 59 1 1)
(75 65 63 1 1)
(151/2 79 71 1/2 0)
(76 55 57 1 1)
(76 59 59 1 1)
(76 65 63 1 1)
(76 80 72 1/2 0)
(153/2 79 71 1/2 0)
(77 55 57 1 1)
(77 59 59 1 1)
(77 65 63 1 1)
(77 74 68 1 0)
(78 56 58 1 1)
(78 60 60 1 1)
(78 63 62 1 1)
(78 72 67 1/2 0)
(157/2 72 67 1/2 0)
(79 55 57 1 1)
(79 60 60 1 1)
(79 64 62 1 1)
(79 84 74 1/2 0)
(319/4 82 73 1/4 0)
(80 53 56 1 1)
(80 60 60 1 1)
(80 65 63 1 1)
(80 80 72 3/2 0)
(81 55 57 1 1)
(81 59 59 1 1)
(81 65 63 1 1)
(163/2 79 71 1/2 0)
(82 55 57 1 1)
(82 59 59 1 1)
(82 65 63 1 1)
(82 80 72 1/2 0)
(331/4 79 71 1/4 0)
(83 55 57 1 1)
(83 59 59 1 1)
(83 65 63 1 1)
(83 74 68 1 0)
(84 56 58 1 1)
(84 60 60 1 1)
(84 63 62 1 1)
(84 72 67 1 0)
(85 53 56 1 1)
(85 56 58 1 1)
(85 61 61 1 1)
(85 73 68 3/4 0)
(343/4 77 70 1/4 0)
(86 53 56 1 1)
(86 56 58 1 1)
(86 62 61 1 1)
(86 72 67 1 0)
(87 55 57 1 1)
(87 62 61 1 1)
(87 65 63 1 1)
(87 71 66 1/2 0)
(351/4 67 64 1/4 0)
(88 55 57 1 1)
(88 62 61 1 1)
(88 65 63 1 1)
(88 71 66 1/2 0)
(177/2 74 68 1/2 0)
(89 60 60 1 1)
(89 63 62 1 1)
(89 72 67 2 0)
(90 56 58 1 1)
(90 60 60 1 1)
(90 63 62 1 1)
(91 53 56 1 1)
(91 56 58 1 1)
(91 61 61 1 1)
(91 73 68 3/4 0)
(367/4 77 70 1/4 0)
(92 53 56 1 1)
(92 56 58 1 1)
(92 62 61 2 1)
(92 72 67 5/2 0)
(93 55 57 1 1)
(93 58 59 1 1)
(94 55 57 1 1)
(94 58 59 1 1)
(94 63 62 1 1)
(189/2 70 66 1/2 0)
(95 55 57 1 1)
(95 61 61 1 1)
(95 64 63 1 1)
(95 72 67 3/4 0)
(383/4 70 66 1/4 0)
(96 56 58 1 1)
(96 60 60 1 1)
(96 63 62 1 1)
(96 68 65 1/3 0)
(289/3 70 66 1/3 0)
(290/3 68 65 1/3 0)
(97 56 58 1 1)
(97 61 61 1 1)
(97 64 63 1 1)
(97 67 64 1/2 0)
(195/2 68 65 1/2 0)
(98 56 58 1 1)
(98 61 61 1 1)
(98 64 63 1 1)
(98 70 66 1/2 0)
(197/2 72 67 1/2 0)
(99 55 57 1 1)
(99 58 59 1 1)
(99 64 63 1 1)
(99 73 68 1/3 0)
(298/3 75 69 1/3 0)
(299/3 73 68 1/3 0)
(100 56 58 1 1)
(100 60 60 1 1)
(100 63 62 1 1)
(100 72 67 1/2 0)
(201/2 73 68 1/2 0)
(101 55 57 1 1)
(101 58 59 1 1)
(101 63 62 1 1)
(101 75 69 1 0)
(102 53 56 1/2 1)
(102 56 58 1/2 1)
(102 61 61 1/2 1)
(102 65 63 1/2 1)
(102 80 72 1/2 0)
(411/4 73 68 1/4 0)
(103 51 55 1 1)
(103 56 58 1 1)
(103 63 62 1 1)
(103 72 67 1/2 0)
(207/2 75 69 1/2 0)
(104 51 55 1 1)
(104 60 60 1 1)
(104 63 62 1 1)
(104 68 65 1/2 0)
(209/2 69 65 1/2 0)
(105 51 55 1 1)
(105 61 61 1 1)
(105 63 62 1 1)
(105 70 66 1/2 0)
(211/2 73 68 1/2 0)
(106 51 55 1 1)
(106 61 61 1 1)
(106 63 62 1 1)
(106 65 63 1/2 0)
(213/2 67 64 1/2 0)
(107 56 58 1 1)
(107 60 60 1 1)
(107 63 62 1 1)
(107 68 65 4/3 0)
(108 56 58 1 1)
(108 60 60 1 1)
(108 63 62 1 1)
(325/3 70 66 1/3 0)
(326/3 68 65 1/3 0)
(109 56 58 1 1)
(109 61 61 1 1)
(109 64 63 1 1)
(109 67 64 1/2 0)
(439/4 68 65 1/4 0)
(110 56 58 1 1)
(110 61 61 1 1)
(110 64 63 1 1)
(110 70 66 1/2 0)
(221/2 72 67 1/2 0)
(111 55 57 1 1)
(111 58 59 1 1)
(111 64 63 1 1)
(111 73 68 1/3 0)
(334/3 75 69 1/3 0)
(335/3 73 68 1/3 0)
(112 56 58 1 1)
(112 60 60 1 1)
(112 63 62 1 1)
(112 72 67 1/2 0)
(451/4 73 68 1/4 0)
(113 55 57 1 1)
(113 58 59 1 1)
(113 63 62 1 1)
(113 74 68 1/2 0)
(227/2 75 69 1/2 0)
(114 53 56 1/2 1)
(114 56 58 1/2 1)
(114 61 61 1/2 1)
(114 65 63 1/2 1)
(114 80 72 1/2 0)
(459/4 73 68 1/4 0)
(115 51 55 1 1)
(115 56 58 1 1)
(115 63 62 1 1)
(115 72 67 1/2 0)
(231/2 75 69 1/2 0)
(116 51 55 1 1)
(116 60 60 1 1)
(116 63 62 1 1)
(116 68 65 1/2 0)
(233/2 69 65 1/2 0)
(117 51 55 1 1)
(117 61 61 1 1)
(117 63 62 1 1)
(117 70 66 1/2 0)
(235/2 73 68 1/2 0)
(118 51 55 1 1)
(118 61 61 1 1)
(118 63 62 1 1)
(118 65 63 1/2 0)
(237/2 67 64 1/2 0)
(119 56 58 1 1)
(119 60 60 1 1)
(119 63 62 1 1)
(119 68 65 1 0)
(120 49 54 1 1)
(120 56 58 1 1)
(120 60 60 1 1)
(120 66 64 1 0)
(120 78 71 1/2 0)
(241/2 77 70 1/2 0)
(121 49 54 1 1)
(121 56 58 1 1)
(121 60 60 1 1)
(121 66 64 1 0)
(121 75 69 1/2 0)
(243/2 77 70 1/2 0)
(122 49 54 1 1)
(122 56 58 1 1)
(122 61 61 1 1)
(122 65 63 1 0)
(122 73 68 1 0)
(123 49 54 1 1)
(123 58 59 1 1)
(123 63 62 1 1)
(123 67 64 1 0)
(123 70 66 1/2 0)
(247/2 75 69 1/2 0)
(124 49 54 1 1)
(124 57 59 1 1)
(124 63 62 1 1)
(124 66 64 1 0)
(124 70 66 1/2 0)
(249/2 72 67 1/2 0)
(125 49 54 1 1)
(125 56 58 1 1)
(125 63 62 1 1)
(125 66 64 1 0)
(125 68 65 1 0)
(126 49 54 1 1)
(126 56 58 1 1)
(126 60 60 1 1)
(126 66 64 1 0)
(126 78 71 1/2 0)
(253/2 77 70 1/2 0)
(127 49 54 1 1)
(127 56 58 1 1)
(127 60 60 1 1)
(127 66 64 1 0)
(127 75 69 1/2 0)
(255/2 77 70 1/2 0)
(128 49 54 1 1)
(128 56 58 1 1)
(128 61 61 1 1)
(128 65 63 1 0)
(128 73 68 1 0)
(129 49 54 1 1)
(129 58 59 1 1)
(129 63 62 1 1)
(129 67 64 1 0)
(129 70 66 1/2 0)
(259/2 75 69 1/2 0)
(130 49 54 1 1)
(130 56 58 1 1)
(130 63 62 1 1)
(130 66 64 1 0)
(130 68 65 1/2 0)
(261/2 72 67 1/2 0)
(131 49 54 1 1)
(131 56 58 1 1)
(131 61 61 1 1)
(131 65 63 1 0)
(131 73 68 1 0)
(132 49 54 1 1)
(132 56 58 1 1)
(132 60 60 1 1)
(132 66 64 1 0)
(132 78 71 1/2 0)
(265/2 77 70 1/2 0)
(133 49 54 1 1)
(133 56 58 1 1)
(133 60 60 1 1)
(133 66 64 1 0)
(133 75 69 1/2 0)
(267/2 77 70 1/2 0)
(134 49 54 1 1)
(134 56 58 1 1)
(134 61 61 1 1)
(134 65 63 1 0)
(134 73 68 1/2 0)
(269/2 68 65 1/2 0)
(135 49 54 1 1)
(135 58 59 1 1)
(135 63 62 1 1)
(135 67 64 1 0)
(135 70 66 1/2 0)
(271/2 75 69 1/2 0)
(136 49 54 1 1)
(136 57 59 1 1)
(136 63 62 1 1)
(136 66 64 1 0)
(136 70 66 1/2 0)
(273/2 72 67 1/2 0)
(137 49 54 1 1)
(137 56 58 1 1)
(137 63 62 1 1)
(137 66 64 1 0)
(137 68 65 1/2 0)
(275/2 80 72 1/2 0)
(138 49 54 1 1)
(138 56 58 1 1)
(138 60 60 1 1)
(138 66 64 1 0)
(138 78 71 1/2 0)
(277/2 77 70 1/2 0)
(139 49 54 1 1)
(139 56 58 1 1)
(139 60 60 1 1)
(139 66 64 1 0)
(139 75 69 1/2 0)
(279/2 77 70 1/2 0)
(140 49 54 1 1)
(140 56 58 1 1)
(140 61 61 1 1)
(140 65 63 1 0)
(140 73 68 1/2 0)
(281/2 68 65 1/2 0)
(141 49 54 1 1)
(141 58 59 1 1)
(141 63 62 1 1)
(141 67 64 1 0)
(141 70 66 1/2 0)
(283/2 75 69 1/2 0)
(142 49 54 1 1)
(142 56 58 1 1)
(142 63 62 1 1)
(142 66 64 1 0)
(142 68 65 1/2 0)
(285/2 72 67 1/2 0)
(143 49 54 1 1)
(143 56 58 1 1)
(143 65 63 1 0)
(143 73 68 1 0)
(144 45 51 2 1)
(144 57 58 2 1)
(144 64 62 2 0)
(144 73 67 1/2 0)
(144 76 69 1/2 0)
(289/2 71 66 1/2 0)
(289/2 74 68 1/2 0)
(145 69 65 1 0)
(145 73 67 1 0)
(146 50 54 1 1)
(146 57 58 1 1)
(146 66 63 1 0)
(146 69 65 1 0)
(146 78 70 1 0)
(147 45 51 3 1)
(147 57 58 3 1)
(147 64 62 3 0)
(147 73 67 2 0)
(147 76 69 2 0)
(149 69 65 1 0)
(149 73 67 1 0)
(150 57 58 2 1)
(150 64 62 2 0)
(150 73 67 1/2 0)
(150 76 69 1/2 0)
(301/2 71 66 1/2 0)
(301/2 74 68 1/2 0)
(151 69 65 1 0)
(151 73 67 1 0)
(152 50 54 1 1)
(152 57 58 1 1)
(152 66 63 1 0)
(152 69 65 1 0)
(152 78 70 1 0)
(153 45 51 2 1)
(153 57 58 2 1)
(153 64 62 3 0)
(153 69 65 2 0)
(153 73 67 2 0)
(153 76 69 3 0)
(155 55 57 1 1)
(155 61 61 1 1)
(155 64 63 1 1)
(155 70 66 1 0)
(156 56 58 1 1)
(156 60 60 1 1)
(156 63 62 1 1)
(156 68 65 1/3 0)
(469/3 70 66 1/3 0)
(470/3 68 65 1/3 0)
(157 56 58 1 1)
(157 61 61 1 1)
(157 64 63 1 1)
(157 67 64 1/2 0)
(315/2 68 65 1/2 0)
(158 56 58 1 1)
(158 61 61 1 1)
(158 64 63 1 1)
(158 70 66 1/2 0)
(317/2 72 67 1/2 0)
(159 55 57 1 1)
(159 58 59 1 1)
(159 64 63 1 1)
(159 73 68 1/3 0)
(478/3 75 69 1/3 0)
(479/3 73 68 1/3 0)
(160 56 58 1 1)
(160 60 60 1 1)
(160 63 62 1 1)
(160 72 67 1/2 0)
(321/2 73 68 1/2 0)
(161 55 57 1 1)
(161 58 59 1 1)
(161 63 62 1 1)
(161 75 69 1 0)
(162 53 56 1/2 1)
(162 56 58 1/2 1)
(162 61 61 1/2 1)
(162 65 63 1/2 1)
(162 80 72 1/2 0)
(651/4 73 68 1/4 0)
(163 51 55 1 1)
(163 56 58 1 1)
(163 63 62 1 1)
(163 72 67 1/2 0)
(327/2 75 69 1/2 0)
(164 51 55 1 1)
(164 60 60 1 1)
(164 63 62 1 1)
(164 68 65 1/2 0)
(329/2 69 65 1/2 0)
(165 51 55 1 1)
(165 61 61 1 1)
(165 63 62 1 1)
(165 70 66 1/2 0)
(331/2 73 68 1/2 0)
(166 51 55 1 1)
(166 61 61 1 1)
(166 63 62 1 1)
(166 65 63 1/2 0)
(333/2 67 64 1/2 0)
(167 56 58 1 1)
(167 60 60 1 1)
(167 63 62 1 1)
(167 68 65 4/3 0)
(168 56 58 1 1)
(168 60 60 1 1)
(168 63 62 1 1)
(505/3 70 66 1/3 0)
(506/3 68 65 1/3 0)
(169 56 58 1 1)
(169 61 61 1 1)
(169 64 63 1 1)
(169 67 64 1/2 0)
(339/2 68 65 1/2 0)
(170 56 58 1 1)
(170 61 61 1 1)
(170 64 63 1 1)
(170 70 66 1/2 0)
(341/2 72 67 1/2 0)
(171 55 57 1 1)
(171 58 59 1 1)
(171 64 63 1 1)
(171 73 68 1/3 0)
(514/3 75 69 1/3 0)
(515/3 73 68 1/3 0)
(172 56 58 1 1)
(172 60 60 1 1)
(172 63 62 1 1)
(172 72 67 1/2 0)
(691/4 73 68 1/4 0)
(173 55 57 1 1)
(173 58 59 1 1)
(173 63 62 1 1)
(173 74 68 1/2 0)
(347/2 75 69 1/2 0)
(174 53 56 1/2 1)
(174 56 58 1/2 1)
(174 61 61 1/2 1)
(174 65 63 1/2 1)
(174 80 72 1/2 0)
(699/4 73 68 1/4 0)
(175 51 55 1 1)
(175 56 58 1 1)
(175 63 62 1 1)
(175 72 67 1/2 0)
(351/2 75 69 1/2 0)
(176 51 55 1 1)
(176 60 60 1 1)
(176 63 62 1 1)
(176 68 65 1/2 0)
(353/2 69 65 1/2 0)
(177 51 55 1 1)
(177 61 61 1 1)
(177 63 62 1 1)
(177 70 66 1/2 0)
(355/2 73 68 1/2 0)
(178 51 55 1 1)
(178 61 61 1 1)
(178 63 62 1 1)
(178 65 63 1/2 0)
(357/2 67 64 1/2 0)
(179 56 58 1 1)
(179 60 60 1 1)
(179 63 62 1 1)
(179 68 65 1 0)
