(0 41 49 1 1)
(0 65 63 1/2 0)
(3/4 65 63 1/4 0)
(1 53 56 1 1)
(1 60 60 1 1)
(1 63 62 1 1)
(1 67 64 1 0)
(2 53 56 1 1)
(2 60 60 1 1)
(2 63 62 1 1)
(2 69 65 1 0)
(3 46 52 1 1)
(3 70 66 1/2 0)
(15/4 72 67 1/4 0)
(4 53 56 1 1)
(4 58 59 1 1)
(4 62 61 1 1)
(4 74 68 1 0)
(5 46 52 1 1)
(5 75 69 1/2 0)
(11/2 77 70 1/2 0)
(6 39 48 1 1)
(6 51 55 1 1)
(6 79 71 1/2 0)
(27/4 81 72 1/4 0)
(7 55 57 1 1)
(7 58 59 1 1)
(7 63 62 1 1)
(7 67 64 1 1)
(7 82 73 1 0)
(8 81 72 1/2 0)
(17/2 79 71 1/2 0)
(9 46 52 1 1)
(9 82 73 1/2 0)
(39/4 82 73 1/4 0)
(10 53 56 1 1)
(10 58 59 1 1)
(10 62 61 1 1)
(10 74 68 2 0)
(11 53 56 1 1)
(11 58 59 1 1)
(11 62 61 1 1)
(12 41 49 1 1)
(12 79 71 1/2 0)
(51/4 79 71 1/4 0)
(13 53 56 1 1)
(13 60 60 1 1)
(13 63 62 1 1)
(13 69 65 2 0)
(14 53 56 1 1)
(14 60 60 1 1)
(14 63 62 1 1)
(15 46 52 1 1)
(15 74 68 1/2 0)
(63/4 74 68 1/4 0)
(16 53 56 1 1)
(16 58 59 1 1)
(16 62 61 1 1)
(16 64 62 2 0)
(17 53 56 1 1)
(17 58 59 1 1)
(17 62 61 1 1)
(18 41 49 1 1)
(18 65 63 1/2 0)
(75/4 69 65 1/4 0)
(19 53 56 1 1)
(19 63 62 1 1)
(19 72 67 1/2 0)
(39/2 75 69 1/2 0)
(20 53 56 1 1)
(20 57 58 1 1)
(20 63 62 1 1)
(20 79 71 3/4 0)
(83/4 77 70 1/4 0)
(21 46 52 1 1)
(21 86 75 1/2 0)
(87/4 84 74 1/4 0)
(22 53 56 1 1)
(22 58 59 1 1)
(22 62 61 1 1)
(22 82 73 1/2 0)
(45/2 79 71 1/2 0)
(23 53 56 1 1)
(23 58 59 1 1)
(23 62 61 1 1)
(23 77 70 1 0)
(24 46 52 1 1)
(24 82 73 1/2 0)
(99/4 82 73 1/4 0)
(25 53 56 1 1)
(25 60 60 1 1)
(25 63 62 1 1)
(25 69 65 2 0)
(26 53 56 1 1)
(26 60 60 1 1)
(26 63 62 1 1)
(27 46 52 1 1)
(27 77 70 1/2 0)
(111/4 77 70 1/4 0)
(28 53 56 1 1)
(28 58 59 1 1)
(28 62 61 1 1)
(28 64 62 2 0)
(29 53 56 1 1)
(29 58 59 1 1)
(29 62 61 1 1)
(30 41 49 1 1)
(30 65 63 1/2 0)
(123/4 69 65 1/4 0)
(31 53 56 1 1)
(31 63 62 1 1)
(31 72 67 1/2 0)
(63/2 75 69 1/2 0)
(32 53 56 1 1)
(32 57 58 1 1)
(32 63 62 1 1)
(32 74 68 1/2 0)
(65/2 72 67 1/2 0)
(33 46 52 1 1)
(33 74 68 1/2 0)
(135/4 65 63 1/4 0)
(34 53 56 1 1)
(34 58 59 1 1)
(34 62 61 1 1)
(34 70 66 1 0)
(35 69 65 1/2 0)
(71/2 67 64 1/2 0)
(36 41 49 1 1)
(36 65 63 1/2 0)
(147/4 65 63 1/4 0)
(37 53 56 1 1)
(37 60 60 1 1)
(37 63 62 1 1)
(37 67 64 1 0)
(38 53 56 1 1)
(38 60 60 1 1)
(38 63 62 1 1)
(38 69 65 1 0)
(39 46 52 1 1)
(39 70 66 1/2 0)
(159/4 72 67 1/4 0)
(40 53 56 1 1)
(40 58 59 1 1)
(40 62 61 1 1)
(40 74 68 1 0)
(41 46 52 1 1)
(41 75 69 1/2 0)
(83/2 77 70 1/2 0)
(42 39 48 1 1)
(42 51 55 1 1)
(42 79 71 1/2 0)
(171/4 81 72 1/4 0)
(43 55 57 1 1)
(43 58 59 1 1)
(43 63 62 1 1)
(43 67 64 1 1)
(43 82 73 1 0)
(44 81 72 1/2 0)
(89/2 79 71 1/2 0)
(45 46 52 1 1)
(45 82 73 1/2 0)
(183/4 82 73 1/4 0)
(46 53 56 1 1)
(46 58 59 1 1)
(46 62 61 1 1)
(46 74 68 2 0)
(47 53 56 1 1)
(47 58 59 1 1)
(47 62 61 1 1)
(48 41 49 1 1)
(48 79 71 1/2 0)
(195/4 79 71 1/4 0)
(49 53 56 1 1)
(49 60 60 1 1)
(49 63 62 1 1)
(49 69 65 2 0)
(50 53 56 1 1)
(50 60 60 1 1)
(50 63 62 1 1)
(51 46 52 1 1)
(51 74 68 1/2 0)
(207/4 74 68 1/4 0)
(52 53 56 1 1)
(52 58 59 1 1)
(52 62 61 1 1)
(52 64 62 2 0)
(53 53 56 1 1)
(53 58 59 1 1)
(53 62 61 1 1)
(54 41 49 1 1)
(54 65 63 1/2 0)
(219/4 69 65 1/4 0)
(55 53 56 1 1)
(55 63 62 1 1)
(55 72 67 1/2 0)
(111/2 75 69 1/2 0)
(56 53 56 1 1)
(56 57 58 1 1)
(56 63 62 1 1)
(56 79 71 3/4 0)
(227/4 77 70 1/4 0)
(57 46 52 1 1)
(57 86 75 1/2 0)
(231/4 84 74 1/4 0)
(58 53 56 1 1)
(58 58 59 1 1)
(58 62 61 1 1)
(58 82 73 1/2 0)
(117/2 79 71 1/2 0)
(59 53 56 1 1)
(59 58 59 1 1)
(59 62 61 1 1)
(59 77 70 1 0)
(60 46 52 1 1)
(60 82 73 1/2 0)
(243/4 82 73 1/4 0)
(61 53 56 1 1)
(61 60 60 1 1)
(61 63 62 1 1)
(61 69 65 2 0)
(62 53 56 1 1)
(62 60 60 1 1)
(62 63 62 1 1)
(63 46 52 1 1)
(63 77 70 1/2 0)
(255/4 77 70 1/4 0)
(64 53 56 1 1)
(64 58 59 1 1)
(64 62 61 1 1)
(64 64 62 2 0)
(65 53 56 1 1)
(65 58 59 1 1)
(65 62 61 1 1)
(66 41 49 1 1)
(66 65 63 1/2 0)
(267/4 69 65 1/4 0)
(67 53 56 1 1)
(67 63 62 1 1)
(67 72 67 1/2 0)
(135/2 75 69 1/2 0)
(68 53 56 1 1)
(68 57 58 1 1)
(68 63 62 1 1)
(68 74 68 1/2 0)
(137/2 72 67 1/2 0)
(69 46 52 1 1)
(69 74 68 1/2 0)
(279/4 65 63 1/4 0)
(70 53 56 1 1)
(70 58 59 1 1)
(70 62 61 1 1)
(70 70 66 1 0)
(71 69 65 1/2 0)
(143/2 70 66 1/2 0)
(72 41 49 1 1)
(72 72 67 3/4 0)
(291/4 74 68 1/4 0)
(73 48 53 1 1)
(73 57 58 1 1)
(73 72 67 1 0)
(74 48 53 1 1)
(74 57 58 1 1)
(74 76 69 1/2 0)
(149/2 77 70 1/2 0)
(75 41 49 1 1)
(75 79 71 3/4 0)
(303/4 81 72 1/4 0)
(76 50 54 1 1)
(76 58 59 1 1)
(76 79 71 1 0)
(77 50 54 1 1)
(77 58 59 1 1)
(77 77 70 1/2 0)
(155/2 74 68 1/2 0)
(78 41 49 1 1)
(78 72 67 1/2 0)
(157/2 74 68 1/2 0)
(79 48 53 1 1)
(79 57 58 1 1)
(79 72 67 1 0)
(80 48 53 1 1)
(80 57 58 1 1)
(80 76 69 1/2 0)
(323/4 77 70 1/4 0)
(81 41 49 1 1)
(81 79 71 1/3 0)
(244/3 81 72 1/3 0)
(245/3 79 71 1/3 0)
(82 50 54 1 1)
(82 58 59 1 1)
(82 77 70 3/2 0)
(83 41 49 1 1)
(167/2 74 68 1/2 0)
(84 48 53 1 1)
(84 57 58 1 1)
(84 72 67 1/2 0)
(169/2 74 68 1/2 0)
(85 41 49 1 1)
(85 72 67 1 0)
(86 48 53 1 1)
(86 57 58 1 1)
(86 76 69 1/2 0)
(173/2 77 70 1/2 0)
(87 41 49 1 1)
(87 79 71 1/2 0)
(175/2 81 72 1/2 0)
(88 50 54 1 1)
(88 58 59 1 1)
(88 79 71 1 0)
(89 41 49 1 1)
(89 77 70 1/2 0)
(179/2 74 68 1/2 0)
(90 48 53 1 1)
(90 57 58 1 1)
(90 72 67 1/2 0)
(181/2 74 68 1/2 0)
(91 41 49 1 1)
(91 72 67 1 0)
(92 48 53 2 1)
(92 57 58 1 1)
(92 76 69 1/2 0)
(185/2 77 70 1/2 0)
(93 52 55 1 1)
(93 58 59 1 1)
(93 79 71 1/3 0)
(280/3 81 72 1/3 0)
(281/3 79 71 1/3 0)
(94 53 56 1 1)
(94 57 58 1 1)
(94 77 70 3/4 0)
(379/4 67 64 1/4 0)
(95 77 70 1/3 0)
(286/3 66 64 1/3 0)
(287/3 77 70 1/3 0)
(96 41 49 1 1)
(96 65 63 1/2 0)
(387/4 65 63 1/4 0)
(97 53 56 1 1)
(97 60 60 1 1)
(97 63 62 1 1)
(97 67 64 1 0)
(98 53 56 1 1)
(98 60 60 1 1)
(98 63 62 1 1)
(98 69 65 1 0)
(99 46 52 1 1)
(99 70 66 1/2 0)
(399/4 72 67 1/4 0)
(100 53 56 1 1)
(100 58 59 1 1)
(100 62 61 1 1)
(100 74 68 1 0)
(101 46 52 1 1)
(101 75 69 1/2 0)
(203/2 77 70 1/2 0)
(102 39 48 1 1)
(102 51 55 1 1)
(102 79 71 1/2 0)
(411/4 81 72 1/4 0)
(103 55 57 1 1)
(103 58 59 1 1)
(103 63 62 1 1)
(103 67 64 1 1)
(103 82 73 1 0)
(104 81 72 1/2 0)
(209/2 79 71 1/2 0)
(105 46 52 1 1)
(105 82 73 1/2 0)
(423/4 82 73 1/4 0)
(106 53 56 1 1)
(106 58 59 1 1)
(106 62 61 1 1)
(106 74 68 2 0)
(107 53 56 1 1)
(107 58 59 1 1)
(107 62 61 1 1)
(108 41 49 1 1)
(108 79 71 1/2 0)
(435/4 79 71 1/4 0)
(109 53 56 1 1)
(109 60 60 1 1)
(109 63 62 1 1)
(109 69 65 2 0)
(110 53 56 1 1)
(110 60 60 1 1)
(110 63 62 1 1)
(111 46 52 1 1)
(111 74 68 1/2 0)
(447/4 74 68 1/4 0)
(112 53 56 1 1)
(112 58 59 1 1)
(112 62 61 1 1)
(112 64 62 2 0)
(113 53 56 1 1)
(113 58 59 1 1)
(113 62 61 1 1)
(114 41 49 1 1)
(114 65 63 1/2 0)
(459/4 69 65 1/4 0)
(115 53 56 1 1)
(115 63 62 1 1)
(115 72 67 1/2 0)
(231/2 75 69 1/2 0)
(116 53 56 1 1)
(116 57 58 1 1)
(116 63 62 1 1)
(116 79 71 3/4 0)
(467/4 77 70 1/4 0)
(117 46 52 1 1)
(117 86 75 1/2 0)
(471/4 84 74 1/4 0)
(118 53 56 1 1)
(118 58 59 1 1)
(118 62 61 1 1)
(118 82 73 1/2 0)
(237/2 79 71 1/2 0)
(119 53 56 1 1)
(119 58 59 1 1)
(119 62 61 1 1)
(119 77 70 1 0)
(120 46 52 1 1)
(120 82 73 1/2 0)
(483/4 82 73 1/4 0)
(121 53 56 1 1)
(121 60 60 1 1)
(121 63 62 1 1)
(121 69 65 2 0)
(122 53 56 1 1)
(122 60 60 1 1)
(122 63 62 1 1)
(123 46 52 1 1)
(123 77 70 1/2 0)
(495/4 77 70 1/4 0)
(124 53 56 1 1)
(124 58 59 1 1)
(124 62 61 1 1)
(124 64 62 2 0)
(125 53 56 1 1)
(125 58 59 1 1)
(125 62 61 1 1)
(126 41 49 1 1)
(126 65 63 1/2 0)
(507/4 69 65 1/4 0)
(127 53 56 1 1)
(127 63 62 1 1)
(127 72 67 1/2 0)
(255/2 75 69 1/2 0)
(128 53 56 1 1)
(128 57 58 1 1)
(128 63 62 1 1)
(128 74 68 1/2 0)
(257/2 72 67 1/2 0)
(129 46 52 1 1)
(129 74 68 1/2 0)
(519/4 65 63 1/4 0)
(130 53 56 1 1)
(130 58 59 1 1)
(130 62 61 1 1)
(130 70 66 1 0)
(131 69 65 1/2 0)
(263/2 70 66 1/2 0)
(132 41 49 1 1)
(132 72 67 3/4 0)
(531/4 74 68 1/4 0)
(133 48 53 1 1)
(133 57 58 1 1)
(133 72 67 1 0)
(134 48 53 1 1)
(134 57 58 1 1)
(134 76 69 1/2 0)
(269/2 77 70 1/2 0)
(135 41 49 1 1)
(135 79 71 3/4 0)
(543/4 81 72 1/4 0)
(136 50 54 1 1)
(136 58 59 1 1)
(136 79 71 1 0)
(137 50 54 1 1)
(137 58 59 1 1)
(137 77 70 1/2 0)
(275/2 74 68 1/2 0)
(138 41 49 1 1)
(138 72 67 1/2 0)
(277/2 74 68 1/2 0)
(139 48 53 1 1)
(139 57 58 1 1)
(139 72 67 1 0)
(140 48 53 1 1)
(140 57 58 1 1)
(140 76 69 1/2 0)
(563/4 77 70 1/4 0)
(141 41 49 1 1)
(141 79 71 1/3 0)
(424/3 81 72 1/3 0)
(425/3 79 71 1/3 0)
(142 50 54 1 1)
(142 58 59 1 1)
(142 77 70 3/2 0)
(143 41 49 1 1)
(287/2 74 68 1/2 0)
(144 48 53 1 1)
(144 57 58 1 1)
(144 72 67 1/2 0)
(289/2 74 68 1/2 0)
(145 41 49 1 1)
(145 72 67 1 0)
(146 48 53 1 1)
(146 57 58 1 1)
(146 76 69 1/2 0)
(293/2 77 70 1/2 0)
(147 41 49 1 1)
(147 79 71 1/2 0)
(295/2 81 72 1/2 0)
(148 50 54 1 1)
(148 58 59 1 1)
(148 79 71 1 0)
(149 41 49 1 1)
(149 77 70 1/2 0)
(299/2 74 68 1/2 0)
(150 48 53 1 1)
(150 57 58 1 1)
(150 72 67 1/2 0)
(301/2 74 68 1/2 0)
(151 41 49 1 1)
(151 72 67 1 0)
(152 48 53 2 1)
(152 57 58 1 1)
(152 76 69 1/2 0)
(305/2 77 70 1/2 0)
(153 52 55 1 1)
(153 58 59 1 1)
(153 79 71 1/3 0)
(460/3 81 72 1/3 0)
(461/3 79 71 1/3 0)
(154 53 56 1 1)
(154 57 58 1 1)
(154 77 70 3/4 0)
(619/4 67 64 1/4 0)
(155 77 70 1/3 0)
(466/3 66 64 1/3 0)
(467/3 77 70 1/3 0)
(156 41 49 1 1)
(156 65 63 1/2 0)
(627/4 65 63 1/4 0)
(157 53 56 1 1)
(157 60 60 1 1)
(157 63 62 1 1)
(157 67 64 1 0)
(158 53 56 1 1)
(158 60 60 1 1)
(158 63 62 1 1)
(158 69 65 1 0)
(159 46 52 1 1)
(159 70 66 1/2 0)
(639/4 72 67 1/4 0)
(160 53 56 1 1)
(160 58 59 1 1)
(160 62 61 1 1)
(160 74 68 1 0)
(161 46 52 1 1)
(161 75 69 1/2 0)
(323/2 77 70 1/2 0)
(162 39 48 1 1)
(162 51 55 1 1)
(162 79 71 1/2 0)
(651/4 81 72 1/4 0)
(163 55 57 1 1)
(163 58 59 1 1)
(163 63 62 1 1)
(163 67 64 1 1)
(163 82 73 1 0)
(164 81 72 1/2 0)
(329/2 79 71 1/2 0)
(165 46 52 1 1)
(165 82 73 1/2 0)
(663/4 82 73 1/4 0)
(166 53 56 1 1)
(166 58 59 1 1)
(166 62 61 1 1)
(166 74 68 2 0)
(167 53 56 1 1)
(167 58 59 1 1)
(167 62 61 1 1)
(168 41 49 1 1)
(168 79 71 1/2 0)
(675/4 79 71 1/4 0)
(169 53 56 1 1)
(169 60 60 1 1)
(169 63 62 1 1)
(169 69 65 2 0)
(170 53 56 1 1)
(170 60 60 1 1)
(170 63 62 1 1)
(171 46 52 1 1)
(171 74 68 1/2 0)
(687/4 74 68 1/4 0)
(172 53 56 1 1)
(172 58 59 1 1)
(172 62 61 1 1)
(172 64 62 2 0)
(173 53 56 1 1)
(173 58 59 1 1)
(173 62 61 1 1)
(174 41 49 1 1)
(174 65 63 1/2 0)
(699/4 69 65 1/4 0)
(175 53 56 1 1)
(175 63 62 1 1)
(175 72 67 1/2 0)
(351/2 75 69 1/2 0)
(176 53 56 1 1)
(176 57 58 1 1)
(176 63 62 1 1)
(176 79 71 3/4 0)
(707/4 77 70 1/4 0)
(177 46 52 1 1)
(177 86 75 1/2 0)
(711/4 84 74 1/4 0)
(178 53 56 1 1)
(178 58 59 1 1)
(178 62 61 1 1)
(178 82 73 1/2 0)
(357/2 79 71 1/2 0)
(179 53 56 1 1)
(179 58 59 1 1)
(179 62 61 1 1)
(179 77 70 1 0)
(180 46 52 1 1)
(180 82 73 1/2 0)
(723/4 82 73 1/4 0)
(181 53 56 1 1)
(181 60 60 1 1)
(181 63 62 1 1)
(181 69 65 2 0)
(182 53 56 1 1)
(182 60 60 1 1)
(182 63 62 1 1)
(183 46 52 1 1)
(183 77 70 1/2 0)
(735/4 77 70 1/4 0)
(184 53 56 1 1)
(184 58 59 1 1)
(184 62 61 1 1)
(184 64 62 2 0)
(185 53 56 1 1)
(185 58 59 1 1)
(185 62 61 1 1)
(186 41 49 1 1)
(186 65 63 1/2 0)
(747/4 69 65 1/4 0)
(187 53 56 1 1)
(187 63 62 1 1)
(187 72 67 1/2 0)
(375/2 75 69 1/2 0)
(188 53 56 1 1)
(188 57 58 1 1)
(188 63 62 1 1)
(188 74 68 1/2 0)
(377/2 72 67 1/2 0)
(189 46 52 1 1)
(189 74 68 1/2 0)
(759/4 65 63 1/4 0)
(190 53 56 1 1)
(190 58 59 1 1)
(190 62 61 1 1)
(190 70 66 1 0)
(191 46 52 1 1)
(192 42 50 1 1)
(192 49 54 1 1)
(192 77 70 1/2 0)
(771/4 77 70 1/4 0)
(193 42 50 1 1)
(193 49 54 1 1)
(193 76 69 1 0)
(194 42 50 1 1)
(194 49 54 1 1)
(194 73 68 1/2 0)
(389/2 72 67 1/2 0)
(195 42 50 1 1)
(195 49 54 1 1)
(195 70 66 1/2 0)
(783/4 73 68 1/4 0)
(196 42 50 1 1)
(196 49 54 1 1)
(196 72 67 1 0)
(197 42 50 1 1)
(197 49 54 1 1)
(197 70 66 1/2 0)
(791/4 64 62 1/4 0)
(198 42 50 1 1)
(198 49 54 1 1)
(198 77 70 1/2 0)
(795/4 77 70 1/4 0)
(199 42 50 1 1)
(199 49 54 1 1)
(199 76 69 1 0)
(200 42 50 1 1)
(200 49 54 1 1)
(200 73 68 1/2 0)
(401/2 72 67 1/2 0)
(201 42 50 1 1)
(201 49 54 1 1)
(201 70 66 1/3 0)
(604/3 72 67 1/3 0)
(605/3 70 66 1/3 0)
(202 42 50 1 1)
(202 49 54 1 1)
(202 64 62 2 0)
(203 42 50 1 1)
(203 49 54 1 1)
(204 42 50 1 1)
(204 49 54 1 1)
(204 77 70 1/2 0)
(819/4 77 70 1/4 0)
(205 42 50 1 1)
(205 49 54 1 1)
(205 76 69 1 0)
(206 42 50 1 1)
(206 49 54 1 1)
(206 73 68 1/2 0)
(413/2 72 67 1/2 0)
(207 42 50 1 1)
(207 49 54 1 1)
(207 70 66 1/2 0)
(831/4 73 68 1/4 0)
(208 42 50 1 1)
(208 49 54 1 1)
(208 72 67 1 0)
(209 42 50 1 1)
(209 49 54 1 1)
(209 70 66 1/2 0)
(839/4 64 62 1/4 0)
(210 42 50 1 1)
(210 49 54 1 1)
(210 77 70 1/2 0)
(843/4 77 70 1/4 0)
(211 42 50 1 1)
(211 49 54 1 1)
(211 76 69 1 0)
(212 42 50 1 1)
(212 49 54 1 1)
(212 73 68 3/4 0)
(851/4 72 67 1/4 0)
(213 41 49 3 1)
(213 49 54 1 1)
(213 70 66 1/3 0)
(640/3 72 67 1/3 0)
(641/3 70 66 1/3 0)
(214 48 53 2 1)
(214 69 65 3/2 0)
(431/2 67 64 1/2 0)
(216 41 49 1 1)
(216 65 63 1/2 0)
(867/4 65 63 1/4 0)
(217 53 56 1 1)
(217 60 60 1 1)
(217 63 62 1 1)
(217 67 64 1 0)
(218 53 56 1 1)
(218 60 60 1 1)
(218 63 62 1 1)
(218 69 65 1 0)
(219 46 52 1 1)
(219 70 66 1/2 0)
(879/4 72 67 1/4 0)
(220 53 56 1 1)
(220 58 59 1 1)
(220 62 61 1 1)
(220 74 68 1 0)
(221 46 52 1 1)
(221 75 69 1/2 0)
(443/2 77 70 1/2 0)
(222 39 48 1 1)
(222 51 55 1 1)
(222 79 71 1/2 0)
(891/4 81 72 1/4 0)
(223 55 57 1 1)
(223 58 59 1 1)
(223 63 62 1 1)
(223 67 64 1 1)
(223 82 73 1 0)
(224 81 72 1/2 0)
(449/2 79 71 1/2 0)
(225 46 52 1 1)
(225 82 73 1/2 0)
(903/4 82 73 1/4 0)
(226 53 56 1 1)
(226 58 59 1 1)
(226 62 61 1 1)
(226 74 68 2 0)
(227 53 56 1 1)
(227 58 59 1 1)
(227 62 61 1 1)
(228 41 49 1 1)
(228 79 71 1/2 0)
(915/4 79 71 1/4 0)
(229 53 56 1 1)
(229 60 60 1 1)
(229 63 62 1 1)
(229 69 65 2 0)
(230 53 56 1 1)
(230 60 60 1 1)
(230 63 62 1 1)
(231 46 52 1 1)
(231 74 68 1/2 0)
(927/4 74 68 1/4 0)
(232 53 56 1 1)
(232 58 59 1 1)
(232 62 61 1 1)
(232 64 62 2 0)
(233 53 56 1 1)
(233 58 59 1 1)
(233 62 61 1 1)
(234 41 49 1 1)
(234 65 63 1/2 0)
(939/4 69 65 1/4 0)
(235 53 56 1 1)
(235 63 62 1 1)
(235 72 67 1/2 0)
(471/2 75 69 1/2 0)
(236 53 56 1 1)
(236 57 58 1 1)
(236 63 62 1 1)
(236 79 71 3/4 0)
(947/4 77 70 1/4 0)
(237 46 52 1 1)
(237 86 75 1/2 0)
(951/4 84 74 1/4 0)
(238 53 56 1 1)
(238 58 59 1 1)
(238 62 61 1 1)
(238 82 73 1/2 0)
(477/2 79 71 1/2 0)
(239 53 56 1 1)
(239 58 59 1 1)
(239 62 61 1 1)
(239 77 70 1 0)
(240 46 52 1 1)
(240 82 73 1/2 0)
(963/4 82 73 1/4 0)
(241 53 56 1 1)
(241 60 60 1 1)
(241 63 62 1 1)
(241 69 65 2 0)
(242 53 56 1 1)
(242 60 60 1 1)
(242 63 62 1 1)
(243 46 52 1 1)
(243 77 70 1/2 0)
(975/4 77 70 1/4 0)
(244 53 56 1 1)
(244 58 59 1 1)
(244 62 61 1 1)
(244 64 62 2 0)
(245 53 56 1 1)
(245 58 59 1 1)
(245 62 61 1 1)
(246 41 49 1 1)
(246 65 63 1/2 0)
(987/4 69 65 1/4 0)
(247 53 56 1 1)
(247 63 62 1 1)
(247 72 67 1/2 0)
(495/2 75 69 1/2 0)
(248 53 56 1 1)
(248 57 58 1 1)
(248 63 62 1 1)
(248 74 68 3/4 0)
(995/4 72 67 1/4 0)
(249 46 52 1 1)
(249 74 68 1/2 0)
(999/4 65 63 1/4 0)
(250 53 56 1 1)
(250 58 59 1 1)
(250 62 61 1 1)
(250 70 66 1 0)
(251 46 52 1 1)
(252 42 50 1 1)
(252 49 54 1 1)
(252 77 70 1/2 0)
(1011/4 77 70 1/4 0)
(253 42 50 1 1)
(253 49 54 1 1)
(253 76 69 1 0)
(254 42 50 1 1)
(254 49 54 1 1)
(254 73 68 1/2 0)
(509/2 72 67 1/2 0)
(255 42 50 1 1)
(255 49 54 1 1)
(255 70 66 1/2 0)
(1023/4 73 68 1/4 0)
(256 42 50 1 1)
(256 49 54 1 1)
(256 72 67 1 0)
(257 42 50 1 1)
(257 49 54 1 1)
(257 70 66 1/2 0)
(1031/4 64 62 1/4 0)
(258 42 50 1 1)
(258 49 54 1 1)
(258 77 70 1/2 0)
(1035/4 77 70 1/4 0)
(259 42 50 1 1)
(259 49 54 1 1)
(259 76 69 1 0)
(260 42 50 1 1)
(260 49 54 1 1)
(260 73 68 1/2 0)
(521/2 72 67 1/2 0)
(261 42 50 1 1)
(261 49 54 1 1)
(261 70 66 1/3 0)
(784/3 72 67 1/3 0)
(785/3 70 66 1/3 0)
(262 42 50 1 1)
(262 49 54 1 1)
(262 64 62 2 0)
(263 42 50 1 1)
(263 49 54 1 1)
(264 42 50 1 1)
(264 49 54 1 1)
(264 77 70 1/2 0)
(1059/4 77 70 1/4 0)
(265 42 50 1 1)
(265 49 54 1 1)
(265 76 69 1 0)
(266 42 50 1 1)
(266 49 54 1 1)
(266 73 68 1/2 0)
(533/2 72 67 1/2 0)
(267 42 50 1 1)
(267 49 54 1 1)
(267 70 66 1/2 0)
(1071/4 73 68 1/4 0)
(268 42 50 1 1)
(268 49 54 1 1)
(268 72 67 1 0)
(269 42 50 1 1)
(269 49 54 1 1)
(269 70 66 1/2 0)
(1079/4 64 62 1/4 0)
(270 42 50 1 1)
(270 49 54 1 1)
(270 77 70 1/2 0)
(1083/4 77 70 1/4 0)
(271 42 50 1 1)
(271 49 54 1 1)
(271 76 69 1 0)
(272 42 50 1 1)
(272 49 54 1 1)
(272 73 68 3/4 0)
(1091/4 72 67 1/4 0)
(273 41 49 3 1)
(273 49 54 1 1)
(273 70 66 1/3 0)
(820/3 72 67 1/3 0)
(821/3 70 66 1/3 0)
(274 48 53 2 1)
(274 69 65 3/2 0)
(551/2 67 64 1/2 0)
(276 41 49 1 1)
(276 65 63 1/2 0)
(1107/4 65 63 1/4 0)
(277 53 56 1 1)
(277 60 60 1 1)
(277 63 62 1 1)
(277 67 64 1 0)
(278 53 56 1 1)
(278 60 60 1 1)
(278 63 62 1 1)
(278 69 65 1 0)
(279 46 52 1 1)
(279 70 66 1/2 0)
(1119/4 72 67 1/4 0)
(280 53 56 1 1)
(280 58 59 1 1)
(280 62 61 1 1)
(280 74 68 1 0)
(281 46 52 1 1)
(281 75 69 1/2 0)
(563/2 77 70 1/2 0)
(282 39 48 1 1)
(282 51 55 1 1)
(282 79 71 1/2 0)
(1131/4 81 72 1/4 0)
(283 55 57 1 1)
(283 58 59 1 1)
(283 63 62 1 1)
(283 67 64 1 1)
(283 82 73 1 0)
(284 81 72 1/2 0)
(569/2 79 71 1/2 0)
(285 46 52 1 1)
(285 82 73 1/2 0)
(1143/4 82 73 1/4 0)
(286 53 56 1 1)
(286 58 59 1 1)
(286 62 61 1 1)
(286 74 68 2 0)
(287 53 56 1 1)
(287 58 59 1 1)
(287 62 61 1 1)
(288 41 49 1 1)
(288 79 71 1/2 0)
(1155/4 79 71 1/4 0)
(289 53 56 1 1)
(289 60 60 1 1)
(289 63 62 1 1)
(289 69 65 2 0)
(290 53 56 1 1)
(290 60 60 1 1)
(290 63 62 1 1)
(291 46 52 1 1)
(291 74 68 1/2 0)
(1167/4 74 68 1/4 0)
(292 53 56 1 1)
(292 58 59 1 1)
(292 62 61 1 1)
(292 64 62 2 0)
(293 53 56 1 1)
(293 58 59 1 1)
(293 62 61 1 1)
(294 41 49 1 1)
(294 65 63 1/2 0)
(1179/4 69 65 1/4 0)
(295 53 56 1 1)
(295 63 62 1 1)
(295 72 67 1/2 0)
(591/2 75 69 1/2 0)
(296 53 56 1 1)
(296 57 58 1 1)
(296 63 62 1 1)
(296 79 71 3/4 0)
(1187/4 77 70 1/4 0)
(297 46 52 1 1)
(297 86 75 1/2 0)
(1191/4 84 74 1/4 0)
(298 53 56 1 1)
(298 58 59 1 1)
(298 62 61 1 1)
(298 82 73 1/2 0)
(597/2 79 71 1/2 0)
(299 53 56 1 1)
(299 58 59 1 1)
(299 62 61 1 1)
(299 77 70 1 0)
(300 46 52 1 1)
(300 82 73 1/2 0)
(1203/4 82 73 1/4 0)
(301 53 56 1 1)
(301 60 60 1 1)
(301 63 62 1 1)
(301 69 65 2 0)
(302 53 56 1 1)
(302 60 60 1 1)
(302 63 62 1 1)
(303 46 52 1 1)
(303 77 70 1/2 0)
(1215/4 77 70 1/4 0)
(304 53 56 1 1)
(304 58 59 1 1)
(304 62 61 1 1)
(304 64 62 2 0)
(305 53 56 1 1)
(305 58 59 1 1)
(305 62 61 1 1)
(306 41 49 1 1)
(306 65 63 1/2 0)
(1227/4 69 65 1/4 0)
(307 53 56 1 1)
(307 63 62 1 1)
(307 72 67 1/2 0)
(615/2 75 69 1/2 0)
(308 53 56 1 1)
(308 57 58 1 1)
(308 63 62 1 1)
(308 74 68 3/4 0)
(1235/4 72 67 1/4 0)
(309 46 52 1 1)
(309 74 68 1/2 0)
(619/2 65 63 1/2 0)
(310 46 52 2 1)
(310 53 56 2 1)
(310 62 61 2 1)
(310 70 66 2 0)
(310 82 73 2 0)
