(0 43 50 1 1)
(0 55 57 1 1)
(1 43 50 1 1)
(1 55 57 1 1)
(2 43 50 1 1)
(2 55 57 1 1)
(3 43 50 1 1)
(3 55 57 1 1)
(4 43 50 1 1)
(4 55 57 1 1)
(5 43 50 1 1)
(5 55 57 1 1)
(6 43 50 1 1)
(6 55 57 1 1)
(7 43 50 1 1)
(7 55 57 1 1)
(8 43 50 1 1)
(8 55 57 1 1)
(9 43 50 1 1)
(9 55 57 1 1)
(10 43 50 1 1)
(10 55 57 1 1)
(11 43 50 1 1)
(11 55 57 1 1)
(12 55 57 1 1)
(12 59 59 1 1)
(12 65 63 1 1)
(12 74 68 1/3 0)
(37/3 76 69 1/3 0)
(38/3 74 68 1/3 0)
(13 55 57 1 1)
(13 60 60 1 1)
(13 64 62 1 1)
(13 67 64 1 0)
(14 55 57 1 1)
(14 60 60 1 1)
(14 64 62 1 1)
(14 72 67 3/4 0)
(59/4 76 69 1/4 0)
(15 55 57 1 1)
(15 59 59 1 1)
(15 65 63 1 1)
(15 74 68 1/3 0)
(46/3 76 69 1/3 0)
(47/3 74 68 1/3 0)
(16 55 57 1 1)
(16 60 60 1 1)
(16 64 62 1 1)
(16 67 64 1 0)
(17 55 57 1 1)
(17 60 60 1 1)
(17 64 62 1 1)
(17 72 67 3/4 0)
(71/4 76 69 1/4 0)
(18 55 57 1 1)
(18 59 59 1 1)
(18 65 63 1 1)
(18 81 72 1 0)
(19 55 57 1 1)
(19 59 59 1 1)
(19 65 63 1 1)
(19 79 71 3/4 0)
(79/4 76 69 1/4 0)
(20 55 57 1 1)
(20 59 59 1 1)
(20 65 63 1 1)
(20 77 70 3/4 0)
(83/4 74 68 1/4 0)
(21 48 53 1 1)
(21 72 67 3/4 0)
(87/4 76 69 1/4 0)
(22 55 57 1 1)
(22 60 60 1 1)
(22 64 62 1 1)
(22 79 71 3/4 0)
(91/4 83 73 1/4 0)
(23 55 57 1 1)
(23 60 60 1 1)
(23 64 62 1 1)
(23 86 75 3/4 0)
(95/4 84 74 1/4 0)
(24 55 57 1 1)
(24 59 59 1 1)
(24 65 63 1 1)
(24 74 68 1/3 0)
(73/3 76 69 1/3 0)
(74/3 74 68 1/3 0)
(25 55 57 1 1)
(25 60 60 1 1)
(25 64 62 1 1)
(25 67 64 1 0)
(26 55 57 1 1)
(26 60 60 1 1)
(26 64 62 1 1)
(26 72 67 3/4 0)
(107/4 76 69 1/4 0)
(27 55 57 1 1)
(27 59 59 1 1)
(27 65 63 1 1)
(27 74 68 1/3 0)
(82/3 76 69 1/3 0)
(83/3 74 68 1/3 0)
(28 55 57 1 1)
(28 60 60 1 1)
(28 64 62 1 1)
(28 67 64 1 0)
(29 55 57 1 1)
(29 60 60 1 1)
(29 64 62 1 1)
(29 72 67 3/4 0)
(119/4 76 69 1/4 0)
(30 55 57 1 1)
(30 59 59 1 1)
(30 65 63 1 1)
(30 81 72 1 0)
(31 55 57 1 1)
(31 59 59 1 1)
(31 65 63 1 1)
(31 79 71 3/4 0)
(127/4 76 69 1/4 0)
(32 55 57 1 1)
(32 59 59 1 1)
(32 65 63 1 1)
(32 77 70 3/4 0)
(131/4 74 68 1/4 0)
(33 48 53 1 1)
(33 72 67 3/4 0)
(135/4 74 68 1/4 0)
(34 55 57 1 1)
(34 60 60 1 1)
(34 64 62 1 1)
(34 76 69 3/4 0)
(139/4 71 66 1/4 0)
(35 57 58 1 1)
(35 60 60 1 1)
(35 64 62 1 1)
(35 74 68 3/4 0)
(143/4 72 67 1/4 0)
(36 50 54 1 1)
(36 54 56 1 1)
(36 60 60 1 1)
(36 69 65 1/3 0)
(109/3 71 66 1/3 0)
(110/3 69 65 1/3 0)
(37 50 54 1 1)
(37 55 57 1 1)
(37 59 59 1 1)
(37 62 61 1 0)
(38 50 54 1 1)
(38 55 57 1 1)
(38 59 59 1 1)
(38 67 64 3/4 0)
(155/4 71 66 1/4 0)
(39 50 54 1 1)
(39 54 56 1 1)
(39 60 60 1 1)
(39 69 65 1/3 0)
(118/3 71 66 1/3 0)
(119/3 69 65 1/3 0)
(40 50 54 1 1)
(40 55 57 1 1)
(40 59 59 1 1)
(40 62 61 1 0)
(41 50 54 1 1)
(41 55 57 1 1)
(41 59 59 1 1)
(41 67 64 3/4 0)
(167/4 71 66 1/4 0)
(42 50 54 1 1)
(42 54 56 1 1)
(42 60 60 1 1)
(42 76 69 1 0)
(43 50 54 1 1)
(43 54 56 1 1)
(43 60 60 1 1)
(43 74 68 3/4 0)
(175/4 71 66 1/4 0)
(44 50 54 1 1)
(44 54 56 1 1)
(44 60 60 1 1)
(44 72 67 3/4 0)
(179/4 69 65 1/4 0)
(45 43 50 1 1)
(45 67 64 3/4 0)
(183/4 71 66 1/4 0)
(46 50 54 1 1)
(46 55 57 1 1)
(46 59 59 1 1)
(46 74 68 3/4 0)
(187/4 78 70 1/4 0)
(47 50 54 1 1)
(47 55 57 1 1)
(47 59 59 1 1)
(47 81 72 3/4 0)
(191/4 79 71 1/4 0)
(48 50 54 1 1)
(48 54 56 1 1)
(48 60 60 1 1)
(48 69 65 1/3 0)
(145/3 71 66 1/3 0)
(146/3 69 65 1/3 0)
(49 50 54 1 1)
(49 55 57 1 1)
(49 59 59 1 1)
(49 62 61 1 0)
(50 50 54 1 1)
(50 55 57 1 1)
(50 59 59 1 1)
(50 67 64 3/4 0)
(203/4 71 66 1/4 0)
(51 50 54 1 1)
(51 54 56 1 1)
(51 60 60 1 1)
(51 69 65 1/3 0)
(154/3 71 66 1/3 0)
(155/3 69 65 1/3 0)
(52 50 54 1 1)
(52 55 57 1 1)
(52 59 59 1 1)
(52 62 61 1 0)
(53 50 54 1 1)
(53 55 57 1 1)
(53 59 59 1 1)
(53 67 64 3/4 0)
(215/4 71 66 1/4 0)
(54 50 54 1 1)
(54 54 56 1 1)
(54 60 60 1 1)
(54 78 70 1 0)
(55 50 54 1 1)
(55 54 56 1 1)
(55 60 60 1 1)
(55 76 69 3/4 0)
(223/4 71 66 1/4 0)
(56 50 54 1 1)
(56 54 56 1 1)
(56 60 60 1 1)
(56 72 67 3/4 0)
(227/4 69 65 1/4 0)
(57 43 50 1 1)
(57 67 64 3/4 0)
(231/4 71 66 1/4 0)
(58 50 54 1 1)
(58 55 57 1 1)
(58 59 59 1 1)
(58 74 68 3/4 0)
(235/4 78 70 1/4 0)
(59 50 54 1 1)
(59 55 57 1 1)
(59 59 59 1 1)
(59 81 72 3/4 0)
(239/4 79 71 1/4 0)
(60 55 57 1 1)
(60 59 59 1 1)
(60 65 63 1 1)
(60 74 68 1/3 0)
(181/3 76 69 1/3 0)
(182/3 74 68 1/3 0)
(61 55 57 1 1)
(61 60 60 1 1)
(61 64 62 1 1)
(61 67 64 1 0)
(62 55 57 1 1)
(62 60 60 1 1)
(62 64 62 1 1)
(62 72 67 3/4 0)
(251/4 76 69 1/4 0)
(63 55 57 1 1)
(63 59 59 1 1)
(63 65 63 1 1)
(63 74 68 1/3 0)
(190/3 76 69 1/3 0)
(191/3 74 68 1/3 0)
(64 55 57 1 1)
(64 60 60 1 1)
(64 64 62 1 1)
(64 67 64 1 0)
(65 55 57 1 1)
(65 60 60 1 1)
(65 64 62 1 1)
(65 72 67 3/4 0)
(263/4 76 69 1/4 0)
(66 55 57 1 1)
(66 59 59 1 1)
(66 65 63 1 1)
(66 81 72 1 0)
(67 55 57 1 1)
(67 59 59 1 1)
(67 65 63 1 1)
(67 79 71 3/4 0)
(271/4 76 69 1/4 0)
(68 55 57 1 1)
(68 59 59 1 1)
(68 65 63 1 1)
(68 77 70 3/4 0)
(275/4 74 68 1/4 0)
(69 48 53 1 1)
(69 72 67 3/4 0)
(279/4 76 69 1/4 0)
(70 55 57 1 1)
(70 60 60 1 1)
(70 64 62 1 1)
(70 79 71 3/4 0)
(283/4 83 73 1/4 0)
(71 55 57 1 1)
(71 60 60 1 1)
(71 64 62 1 1)
(71 86 75 3/4 0)
(287/4 84 74 1/4 0)
(72 55 57 1 1)
(72 59 59 1 1)
(72 65 63 1 1)
(72 74 68 1/3 0)
(217/3 76 69 1/3 0)
(218/3 74 68 1/3 0)
(73 55 57 1 1)
(73 60 60 1 1)
(73 64 62 1 1)
(73 67 64 1 0)
(74 55 57 1 1)
(74 60 60 1 1)
(74 64 62 1 1)
(74 72 67 3/4 0)
(299/4 76 69 1/4 0)
(75 55 57 1 1)
(75 59 59 1 1)
(75 65 63 1 1)
(75 74 68 1/3 0)
(226/3 76 69 1/3 0)
(227/3 74 68 1/3 0)
(76 55 57 1 1)
(76 60 60 1 1)
(76 64 62 1 1)
(76 67 64 1 0)
(77 55 57 1 1)
(77 60 60 1 1)
(77 64 62 1 1)
(77 72 67 3/4 0)
(311/4 76 69 1/4 0)
(78 55 57 1 1)
(78 59 59 1 1)
(78 65 63 1 1)
(78 81 72 1 0)
(79 55 57 1 1)
(79 59 59 1 1)
(79 65 63 1 1)
(79 79 71 3/4 0)
(319/4 76 69 1/4 0)
(80 55 57 1 1)
(80 59 59 1 1)
(80 65 63 1 1)
(80 77 70 3/4 0)
(323/4 74 68 1/4 0)
(81 48 53 1 1)
(81 72 67 3/4 0)
(327/4 74 68 1/4 0)
(82 55 57 1 1)
(82 60 60 1 1)
(82 64 62 1 1)
(82 76 69 3/4 0)
(331/4 71 66 1/4 0)
(83 57 58 1 1)
(83 60 60 1 1)
(83 64 62 1 1)
(83 74 68 3/4 0)
(335/4 72 67 1/4 0)
(84 50 54 1 1)
(84 54 56 1 1)
(84 60 60 1 1)
(84 69 65 1/3 0)
(253/3 71 66 1/3 0)
(254/3 69 65 1/3 0)
(85 50 54 1 1)
(85 55 57 1 1)
(85 59 59 1 1)
(85 62 61 1 0)
(86 50 54 1 1)
(86 55 57 1 1)
(86 59 59 1 1)
(86 67 64 3/4 0)
(347/4 71 66 1/4 0)
(87 50 54 1 1)
(87 54 56 1 1)
(87 60 60 1 1)
(87 69 65 1/3 0)
(262/3 71 66 1/3 0)
(263/3 69 65 1/3 0)
(88 50 54 1 1)
(88 55 57 1 1)
(88 59 59 1 1)
(88 62 61 1 0)
(89 50 54 1 1)
(89 55 57 1 1)
(89 59 59 1 1)
(89 67 64 3/4 0)
(359/4 71 66 1/4 0)
(90 50 54 1 1)
(90 54 56 1 1)
(90 60 60 1 1)
(90 76 69 1 0)
(91 50 54 1 1)
(91 54 56 1 1)
(91 60 60 1 1)
(91 74 68 3/4 0)
(367/4 71 66 1/4 0)
(92 50 54 1 1)
(92 54 56 1 1)
(92 60 60 1 1)
(92 72 67 3/4 0)
(371/4 69 65 1/4 0)
(93 43 50 1 1)
(93 67 64 3/4 0)
(375/4 71 66 1/4 0)
(94 50 54 1 1)
(94 55 57 1 1)
(94 59 59 1 1)
(94 74 68 3/4 0)
(379/4 78 70 1/4 0)
(95 50 54 1 1)
(95 55 57 1 1)
(95 59 59 1 1)
(95 81 72 3/4 0)
(383/4 79 71 1/4 0)
(96 50 54 1 1)
(96 54 56 1 1)
(96 60 60 1 1)
(96 69 65 1/3 0)
(289/3 71 66 1/3 0)
(290/3 69 65 1/3 0)
(97 50 54 1 1)
(97 55 57 1 1)
(97 59 59 1 1)
(97 62 61 1 0)
(98 50 54 1 1)
(98 55 57 1 1)
(98 59 59 1 1)
(98 67 64 3/4 0)
(395/4 71 66 1/4 0)
(99 50 54 1 1)
(99 54 56 1 1)
(99 60 60 1 1)
(99 69 65 1/3 0)
(298/3 71 66 1/3 0)
(299/3 69 65 1/3 0)
(100 50 54 1 1)
(100 55 57 1 1)
(100 59 59 1 1)
(100 62 61 1 0)
(101 50 54 1 1)
(101 55 57 1 1)
(101 59 59 1 1)
(101 67 64 3/4 0)
(407/4 71 66 1/4 0)
(102 50 54 1 1)
(102 54 56 1 1)
(102 60 60 1 1)
(102 78 70 1 0)
(103 50 54 1 1)
(103 54 56 1 1)
(103 60 60 1 1)
(103 76 69 3/4 0)
(415/4 71 66 1/4 0)
(104 50 54 1 1)
(104 54 56 1 1)
(104 60 60 1 1)
(104 72 67 3/4 0)
(419/4 69 65 1/4 0)
(105 43 50 1 1)
(105 67 64 3/4 0)
(423/4 71 66 1/4 0)
(106 50 54 1 1)
(106 55 57 1 1)
(106 59 59 1 1)
(106 74 68 3/4 0)
(427/4 78 70 1/4 0)
(107 50 54 1 1)
(107 55 57 1 1)
(107 59 59 1 1)
(107 81 72 3/4 0)
(431/4 79 71 1/4 0)
