#| Bars 1-19 of the Sonata in C minor \textsc{l}10 by Domenico Scarlatti (1685-1757). |#
(0 36 46 1 1)
(0 48 53 1 1)
(1/2 60 60 1/2 0)
(1 63 62 1/2 0)
(3/2 67 64 1/2 0)
(2 72 67 1/2 0)
(5/2 75 69 1/2 0)
(3 79 71 1/2 0)
(7/2 84 74 1/2 0)
(4 79 71 1/2 0)
(9/2 75 69 1/2 0)
(5 72 67 1/2 0)
(11/2 67 64 1/2 0)
(6 60 60 1 0)
(13/2 48 53 1/2 1)
(7 51 55 1/2 1)
(15/2 55 57 1/2 1)
(8 60 60 1/2 1)
(17/2 63 62 1/2 1)
(9 67 64 1/2 1)
(19/2 72 67 1/2 1)
(10 67 64 1/2 1)
(21/2 63 62 1/2 1)
(11 60 60 1/2 1)
(23/2 55 57 1/2 1)
(12 48 53 1 1)
(49/4 79 71 1/4 0)
(25/2 81 72 1/4 0)
(51/4 83 73 1/4 0)
(13 67 64 1 1)
(13 75 69 1/2 0)
(13 84 74 1/2 0)
(27/2 74 68 1/2 0)
(27/2 83 73 1/2 0)
(14 67 64 1 1)
(14 75 69 1/2 0)
(14 84 74 1/2 0)
(29/2 74 68 1/2 0)
(29/2 83 73 1/2 0)
(15 75 69 1 0)
(15 84 74 1 0)
(61/4 67 64 1/4 1)
(31/2 69 65 1/4 1)
(63/4 71 66 1/4 1)
(16 63 62 1/2 1)
(16 72 67 1/2 1)
(16 79 71 1 0)
(33/2 62 61 1/2 1)
(33/2 71 66 1/2 1)
(17 63 62 1/2 1)
(17 72 67 1/2 1)
(17 79 71 1 0)
(35/2 62 61 1/2 1)
(35/2 71 66 1/2 1)
(18 63 62 1 1)
(18 72 67 1 1)
(73/4 79 71 1/4 0)
(37/2 81 72 1/4 0)
(75/4 83 73 1/4 0)
(19 67 64 1 1)
(19 75 69 1/2 0)
(19 84 74 1/2 0)
(39/2 74 68 1/2 0)
(39/2 83 73 1/2 0)
(20 67 64 1 1)
(20 75 69 1/2 0)
(20 84 74 1/2 0)
(41/2 74 68 1/2 0)
(41/2 83 73 1/2 0)
(21 75 69 1 0)
(21 84 74 1 0)
(85/4 67 64 1/4 1)
(43/2 69 65 1/4 1)
(87/4 71 66 1/4 1)
(22 63 62 1/2 1)
(22 72 67 1/2 1)
(22 79 71 1 0)
(45/2 62 61 1/2 1)
(45/2 71 66 1/2 1)
(23 63 62 1/2 1)
(23 72 67 1/2 1)
(23 79 71 1 0)
(47/2 62 61 1/2 1)
(47/2 71 66 1/2 1)
(24 63 62 1 1)
(24 72 67 1 1)
(49/2 79 71 1/2 0)
(25 84 74 1/2 0)
(51/2 75 69 1/2 1)
(103/4 79 71 1/4 0)
(26 77 70 1/2 1)
(105/4 80 72 1/4 0)
(53/2 74 68 1/2 1)
(107/4 77 70 1/4 0)
(27 75 69 1/2 1)
(109/4 79 71 1/4 0)
(55/2 71 66 1/2 1)
(111/4 74 68 1/4 0)
(28 72 67 1/2 1)
(113/4 75 69 1/4 0)
(57/2 67 64 1/2 1)
(115/4 71 66 1/4 0)
(29 68 65 1/2 1)
(117/4 72 67 1/4 0)
(59/2 63 62 1/2 1)
(119/4 67 64 1/4 0)
(30 65 63 1/2 1)
(121/4 68 65 1/4 0)
(61/2 62 61 1/2 1)
(123/4 65 63 1/4 0)
(31 63 62 1/2 1)
(125/4 67 64 1/4 0)
(63/2 59 59 1/2 1)
(127/4 62 61 1/4 0)
(32 60 60 1/2 1)
(129/4 63 62 1/4 0)
(65/2 53 56 1/2 1)
(131/4 65 63 1/4 0)
(33 43 50 1/2 1)
(133/4 62 61 1/4 0)
(67/2 64 62 1/4 0)
(135/4 66 63 1/4 0)
(34 59 59 1/2 0)
(34 67 64 1/2 0)
(69/2 57 58 1/2 0)
(69/2 66 63 1/2 0)
(35 59 59 1/2 0)
(35 67 64 1/2 0)
(71/2 57 58 1/2 0)
(71/2 66 63 1/2 0)
(36 59 59 1/2 0)
(36 67 64 1/2 0)
(145/4 50 54 1/4 1)
(73/2 52 55 1/4 1)
(147/4 54 56 1/4 1)
(37 47 52 1/2 1)
(37 55 57 1/2 1)
(37 62 61 1 0)
(75/2 45 51 1/2 1)
(75/2 54 56 1/2 1)
(38 47 52 1/2 1)
(38 55 57 1/2 1)
(38 62 61 1 0)
(77/2 45 51 1/2 1)
(77/2 54 56 1/2 1)
(39 47 52 1/2 1)
(39 55 57 1/2 1)
(79/2 79 71 1/2 0)
(40 60 60 1 1)
(40 68 65 1/2 0)
(40 77 70 1/2 0)
(81/2 67 64 1/2 0)
(81/2 76 69 1/2 0)
(41 60 60 1 1)
(41 68 65 1/2 0)
(41 77 70 1/2 0)
(83/2 67 64 1/2 0)
(83/2 76 69 1/2 0)
(42 68 65 1/2 0)
(42 77 70 1/2 0)
(169/4 60 60 1/4 1)
(85/2 62 61 1/4 1)
(171/4 64 62 1/4 1)
(43 56 58 1/2 1)
(43 65 63 1/2 1)
(43 72 67 1 0)
(87/2 55 57 1/2 1)
(87/2 64 62 1/2 1)
(44 56 58 1/2 1)
(44 65 63 1/2 1)
(44 72 67 1 0)
(89/2 55 57 1/2 1)
(89/2 64 62 1/2 1)
(45 56 58 1/2 1)
(45 65 63 1/2 1)
(91/2 68 65 1/2 0)
(91/2 77 70 1/2 0)
(46 58 59 1 1)
(46 67 64 1/2 0)
(46 75 69 1/2 0)
(93/2 65 63 1/2 0)
(93/2 74 68 1/2 0)
(47 58 59 1 1)
(47 67 64 1/2 0)
(47 75 69 1/2 0)
(95/2 65 63 1/2 0)
(95/2 74 68 1/2 0)
(48 67 64 1/2 0)
(48 75 69 1/2 0)
(193/4 58 59 1/4 1)
(97/2 60 60 1/4 1)
(195/4 62 61 1/4 1)
(49 55 57 1/2 1)
(49 63 62 1/2 1)
(49 70 66 1 0)
(99/2 53 56 1/2 1)
(99/2 62 61 1/2 1)
(50 55 57 1/2 1)
(50 63 62 1/2 1)
(50 70 66 1 0)
(101/2 53 56 1/2 1)
(101/2 62 61 1/2 1)
(51 55 57 1/2 1)
(51 63 62 1/2 1)
(103/2 67 64 1/2 0)
(103/2 75 69 1/2 0)
(52 41 49 1 1)
(52 53 56 1 1)
(52 67 64 1/2 0)
(52 75 69 1/2 0)
(105/2 65 63 1/2 0)
(105/2 74 68 1/2 0)
(53 42 49 1 1)
(53 54 56 1 1)
(53 65 63 1/2 0)
(53 74 68 1/2 0)
(107/2 63 62 1/2 0)
(107/2 72 67 1/2 0)
(54 43 50 1 1)
(54 55 57 1 1)
(54 63 62 1/2 0)
(54 72 67 1/2 0)
(109/2 62 61 1/2 0)
(109/2 71 66 1/2 0)
(55 62 61 1/2 0)
(55 71 66 1/2 0)
(111/2 63 62 1/2 0)
(111/2 72 67 1/2 0)
(56 63 62 1/2 0)
(56 72 67 1/2 0)
(113/2 65 63 1/2 0)
(113/2 74 68 1/2 0)
